3
1000 174 261
-0.0563838 -0.00364858 -0.0155515 
-0.0223481 0.0219534 -0.00014922 
-0.0312902 0.0139746 0.0055536 
-0.008821209999999999 -0.0173154 0.00473992 
0.00307094 -0.035 0.011546 
-0.0379369 -0.0123584 -0.00591136 
-0.0318012 0.000448931 0.0206397 
-0.0448148 -0.00269105 -0.0144728 
-0.0288822 0.00403492 0.0237115 
 0.041 -0.00212486 0.00264238 
-0.0360281 0.00374105 0.0103953 
0.0109696 -0.035 -0.00583246 
-0.0239203 -0.009562070000000001 -0.00693169 
-0.0118453 -0.0065 0.0100606 
-0.0445644 -0.0146535 0.00471614 
0.028947 0.00807924 0.00399409 
0.00361997 -0.00233597 0.009999879999999999 
-0.00717222 -0.0205 -0.00366821 
0.0312586 0.00590193 0.00436521 
0.0014888 -0.0108543 0.00577556 
0.0143554 -0.0358428 -0.000788693 
0.0377283 -0.0045108 0.00594244 
-0.0661997 0.00206047 -0.0244886 
-0.000810022 0.0351296 -0.0122659 
0.00752252 -0.00171317 -0.00245907 
-0.0602136 0.01742 -0.0078277 
-0.00605223 0.0153336 -0.00791861 
-0.0460152 -0.0115452 -0.0134704 
-0.00493832 0.0382819 0.00719074 
0.0158403 -0.0101548 0.0042195 
-0.06656529999999999 0.0052467 0.0216847 
-0.07049999999999999 -0.0160716 -0.0101385 
-0.0697024 -0.00696134 -0.0163611 
-0.0572557 -0.0023783 0.0128592 
-0.0455119 -0.0112797 0.00757086 
-0.0374575 0.00875367 0.0194439 
-0.00114489 -0.0243324 0.009927190000000001 
-0.0523859 -0.001 -0.0236365 
0.0180059 -0.00218633 0.009999879999999999 
0.026406 -0.00840511 -0.00455462 
-0.06314309999999999 0.0159658 -0.000424863 
-0.0497476 0.00146936 -0.015095 
-0.0719779 -0.000944445 0.0265436 
-0.06900000000000001 -0.022353 -0.00585045 
0.0113364 0.0367 0.00571433 
-0.0710886 0.0079667 0.0235321 
-0.020035 0.00256135 -1.1762e-15 
0.00835257 0.0383806 -0.00132364 
-0.0147724 0.0359023 -0.00604488 
0.010782 0.00850451 0.00700829 
-0.0407595  0.001 -0.0205658 
-0.0107907 0.00854105 -0.0102942 
-0.06476229999999999 -0.0210001 0.00280144 
-0.0305784 0.0047262 0.0217398 
-0.0668533 0.007911380000000001 -0.0215894 
0.038467 -0.0009273 -0.00742845 
-0.009185 0.0373484 0.00655159 
-0.0147492 0.0360857 0.00611057 
-0.0510056 -0.0140182 0.0119584 
-0.06586210000000001 0.00607307 -0.0147422 
-0.00851821 0.0175677 -0.00518275 
0.0167657 -0.0115952 0.0010225 
-0.0607056 -0.00775311 0.0139725 
-0.0693955 -0.019546 0.0124678 
-0.07049999999999999 -0.0157143 0.0162137 
-0.0175333 0.0065 0.00776833 
-0.00769236 0.0108778 0.00641246 
-0.033386 -0.00660459 0.0170935 
-0.0307138 -0.00370011 -0.015438 
0.0146006 0.0368062 -0.00223913 
0.00363655 -0.0388503 -0.00342376 
-0.0392623 -0.00516493 -0.0161011 
-0.0276299 -0.00582821 0.0314888 
-0.0579799 0.0216206 0.00120084 
-0.0715163 0.0206805 -0.0138119 
-0.00242055 -0.0283843 0.00313439 
-0.0266961 0.00389182 -0.0148571 
-0.07196519999999999 0.0256992 0.00683489 
-0.0131487 0.0065 0.008296410000000001 
0.0370414 -0.00402121 -0.00137476 
-0.0620646 0.009220910000000001 -0.0166156 
-0.0617643 0.0142887 0.0137273 
-0.00594891 0.0207 0.00573555 
-0.0635507 -0.00518103 0.0151261 
-0.0257825 -0.00802696 0.0300894 
0.00133967 0.0351157 0.0132614 
-0.0101965 -0.0102132 -0.008520379999999999 
0.0018782 -0.0127851 0.00558803 
-0.06343260000000001 -0.0111253 -0.0114541 
-0.0403862 -0.00575451 0.0116464 
-0.0420616 -0.00270588 0.0108443 
0.0119315 -0.035 -0.0028496 
-0.0336334 -0.00514766 0.00660879 
0.00988736 -0.0227145 -0.00108756 
-0.00171925 0.0359806 -0.00112782 
-0.0668628 0.0166868 0.0161808 
0.00859621 0.02378 0.00504096 
-0.0609297 -0.0255042 -0.00075 
-0.0208531 -0.00909896 -0.000308546 
-0.00981196 0.0341552 0.00491009 
-0.0461164 0.0148521 0.00448075 
0.00108822 -0.0362899 0.00487647 
-0.06974039999999999 -0.0155341 -0.0220572 
-0.0185454 0.00493319 -1.32584e-15 
0.0119748 -0.0179008 0.000547022 
0.00638153 0.0239237 0.00475736 
-0.0696146 0.0234829 0.00655285 
-0.0681075 0.0159729 -0.00657257 
-0.0471021 -0.0145999 0.00531441 
-0.0365193 0.0127678 0.0216708 
-0.0218382 -0.009591479999999999 -0.0063787 
 0.041 0.00109113 0.00497897 
-0.07177310000000001 0.00465665 -0.0247484 
-0.0207639 0.0101754 0.00173443 
-0.009965099999999999 -0.0240819 0.000545333 
-0.0105414 0.0367779 -0.00988282 
-0.0584897 -0.0158588 0.00161786 
0.0132809 -0.0367 0.00722911 
-0.060648 0.0247077 0.00075 
-0.0178992 0.00408015 -1.22035e-15 
0.0182214 0.00199776 -0.00218279 
0.00481823 0.0249999 -0.00875717 
-0.0589547 -0.0147737 0.0126407 
-0.0533518 -0.0105461 -0.0155201 
-0.009878919999999999 0.00137554 -0.0143822 
-0.0334927 0.00562154 0.0190196 
-0.06902469999999999 -0.0237201 -0.00400922 
0.008567170000000001 -0.0122063 0.00564844 
-0.0134141 -0.0135581 0.00112298 
-0.00236009  0.035 0.0137607 
0.0107527 0.0330284 0.00229959 
-0.0497019 -0.00328755 0.00945765 
-0.07196429999999999 -0.00537339 0.0260479 
-0.042867 -0.0145401 0.009584799999999999 
-0.0309014 0.00771894 0.0173485 
-0.0138542 -0.0366777 0.00633091 
0.00305991 -0.0156549 -0.00942987 
-0.06916700000000001 -0.0144287 0.0227829 
-0.0306246 -0.009605549999999999 0.0113955 
-0.068893 0.00372556 0.0266388 
-0.0305803 -0.0149923 0.0262898 
-0.0143053 -0.0363238 -0.000838795 
0.0101814 0.0318765 -0.00414126 
-0.0426358 0.00754075 0.0244402 
-0.0434709 0.00918162 -0.0149043 
-0.0622457 -0.0143362 -0.0136616 
-0.00186885 -0.0183556 0.009750440000000001 
-0.0225997   0.01 0.00687426 
-0.009732930000000001 -0.009038350000000001 -0.00356705 
-0.0408836 0.0240928 0.000449816 
0.0319031 -0.00549921 0.00494116 
-0.0275377 -0.0109528 -0.000899595 
-0.0494427 0.0206908 -0.00113753 
-0.07049999999999999 -0.0220836 0.00747421 
-0.0345851  -0.01 0.03138 
-0.0139651 -0.00761561 -0.00700351 
-0.0298641 -0.0166993 -0.00212135 
-0.0537611 -0.00578674 -0.0148792 
-0.049118 -0.015102 -0.0101899 
-0.00369083  0.036 0.000947129 
-0.0264323 -0.00844424 -0.00872242 
-0.07049999999999999 -0.00175828 0.0183967 
-0.0455124 -0.00466913 -0.0139806 
-0.0323297 -0.0171341 -0.00204303 
0.015891 -0.00199837 0.00220111 
0.00224429 0.0163394 -0.00541173 
-0.0275471 0.021666 0.00075 
-0.0323254 -7.458599999999999e-05 0.0170935 
-0.036093 -0.0088585 0.00332948 
0.00722816 -0.0184505 0.00682642 
-0.00462569 -0.00578042 0.00966609 
-0.0699461 -0.00367064 -0.0246801 
0.0120762 -0.0374023 0.00271793 
0.0122717 -0.0354971 0.0101789 
-0.0440252 -0.0227302 -0.00075 
-0.0236495 0.00569458 0.00354115 
-0.0219217 0.0155863 -0.00216109 
-0.0258146 -0.0057614 -0.0141334 
0.00515733 0.0137105 -0.00295201 
-0.0472632 -0.0144466 -0.00444639 
-0.0350834 -0.00178257 0.0262 
-0.0304975 0.0123896 -0.00180068 
-0.00948446 -0.0333699 -0.00550019 
0.005391 -0.0255 0.000271488 
0.0159256 0.0350227 -0.000873633 
-0.0593574 0.0239477 -0.00075 
-0.0337753 -0.0149372 0.019117 
-0.0533573 -0.0119915 -0.0104742 
0.0172509 -0.00210329 -0.00207272 
0.0392226 -0.00705192 0.00243398 
-0.047798 -0.0130384 0.0077806 
0.0337749 -0.00127207 0.00735065 
-0.0297712 0.008652419999999999 0.02035 
-0.0307346 -0.00847331 0.000916564 
-0.009345549999999999 -0.0281737 -0.00351166 
0.0376333 0.00496632 -0.00561148 
-0.0288491 -0.009353770000000001 0.0221829 
-0.0482649 -0.0143918 -0.00507148 
-0.0222301 0.0102597 -0.00526104 
-0.0344412 -0.00812336 0.00697254 
-0.0717202 0.0189424 0.0191114 
-0.0626384 0.00439695 0.0152286 
-0.0694173 0.0202869 0.0177615 
0.00116994 -0.0116379 -0.0058749 
-0.07049999999999999 0.009075919999999999 -0.0199093 
-0.0284253   0.01 0.0146884 
0.0209847 0.00482307 -0.00925804 
0.0174211 0.009457810000000001 -0.0055394 
-0.0156302 -0.012239 -0.00678137 
-0.07199999999999999 -0.023219 -0.0106588 
-0.0609386 0.0171268 -0.008335510000000001 
-0.0445331 -0.0130515 -0.00673351 
-0.0352315 -0.0063098 -0.0152018 
-0.0117572  0.035 -0.00438162 
-0.0346828 -0.0169001 0.00242898 
-0.00814492 0.0205 0.00432212 
-0.00535889 -0.0379453 0.00753954 
-0.0324772 -0.008447619999999999 0.0189917 
-0.0343352  0.017 0.0197337 
-0.07183730000000001 -0.0232269 -0.009853870000000001 
-0.0679167 -0.0178782 0.0201248 
-0.0318122 0.000860949 -0.0128739 
-0.0646679 0.0145977 0.00634944 
-0.0217747 0.0124426 -0.007941429999999999 
-0.0241474 0.00250188 -0.0150936 
-0.0670105 0.0159359 0.000936876 
-0.00350487 -0.0371406 0.00349162 
-0.00569359  0.035 0.010577 
0.00722027 0.0142275 0.00690901 
0.0134262 0.0121241 0.00166585 
-0.00751903 0.0372597 0.0028684 
0.0277443 0.00263185 0.00892947 
-0.0425218 0.00988637 0.0108502 
-0.018365 0.000263679 0.00275447 
-0.0359734 -0.0155941 0.00543207 
-0.0409789 0.013906 -0.00267443 
-0.0234426 0.00790684 -0.0126703 
0.0134954 -0.00116815 0.00269709 
-0.0347496 0.00386466 0.0109387 
-0.00172961  0.035 0.0153061 
-0.00651729 -0.0218443 -0.00455096 
-0.0505253 -0.00455774 0.009828450000000001 
0.0309271 -0.00771344 -0.00415293 
-0.067 0.0106511 0.0231156 
0.0291823 -0.00844165 -0.00301248 
0.038779 -0.00435568 -0.00605514 
-0.0142026 0.0103782 0.00117123 
-0.0334809 -0.00625681 0.0205489 
-0.0525628 0.00768773 0.0151328 
-0.0196889 0.0065 0.00954121 
0.00211544 0.0131583 -0.00547379 
-0.0588505 0.00574171 0.0179642 
-0.0560027 -0.0136922 -0.0131692 
-0.0153743 -0.009910260000000001 -0.009768290000000001 
-0.0242739 -0.009060220000000001 0.00297062 
-0.00789991 -0.0373456 -0.00981951 
-0.0218211 -0.00271146 -0.0146989 
-0.0367539 -0.000218353 0.0231255 
-0.06900000000000001 0.0230663 -0.00311385 
0.0139024 0.00826995 0.00723737 
-0.0253327 -0.0113227 -0.00401291 
 0.041 0.00258751 0.00626916 
0.00349216 -0.0207 0.00823816 
-0.000598404 0.0205 0.0076447 
-0.00656819 -0.008447339999999999 -0.00298496 
-0.0246586 -0.0137911 -0.00621465 
0.0159424 -0.0362496 7.988260000000001e-05 
-0.008153479999999999 -0.0122817 0.00574001 
-0.0628384 0.0156201 -0.003256 
-0.0366458 -0.010554 -0.0128278 
-0.0245908   0.01 0.0239654 
0.00388102 -0.00448539 -0.00455112 
-0.00564383 -0.0205 0.007969510000000001 
-0.0466121 -0.0196001 0.001565 
0.0265637 -0.00449627 0.008337779999999999 
-0.055799 -0.0141475 0.00558879 
-0.00683825 -0.035 0.00861286 
-0.000803718 0.00461366 0.00584957 
-0.0395181 0.00247781 0.0129486 
-0.06999610000000001 -0.0187221 0.00948855 
0.0117143 0.0126134 -0.00195211 
-0.0680611 -0.0180788 -0.0200106 
-0.0292188 -0.00950208 0.00462087 
-0.009263270000000001 -0.00454968 -0.00859527 
0.000361865 0.0334613 0.00392898 
-0.0678584 -0.0165161 -0.00412622 
-0.0386246 0.00184832 0.0223234 
-0.0178417 -0.0198942 -0.00075 
-0.043565 0.0241571 -0.00070211 
-0.0307802 0.00711195 0.0195039 
-0.0100011 0.000491506 0.00354005 
-0.0133605 0.0111674 -0.00793788 
-0.0572311 -0.009267060000000001 -0.01296 
-0.00649243 -0.0381868 0.00655569 
-0.026065 0.0154051 -0.00305254 
0.00447386 -0.00966707 0.0038912 
-0.0201065 -0.00709708 -3.09492e-16 
-0.012546  0.035 0.00671058 
-0.00345548 0.0205 0.00626221 
-0.042819 -0.0144907 0.00301877 
-0.0340381 -0.0155274 0.0250678 
0.0258655 -0.00889276 0.0035611 
-0.032621 -0.0115527 -0.00591787 
-0.0488299 0.00721676 0.0134518 
-0.0458522 0.000424123 0.00772411 
-0.0478711 -0.0146024 0.00533473 
-0.00192111 0.0184984 0.009734380000000001 
-0.0341608 0.00741422 0.0287639 
-0.0282934 0.0123791 0.00420412 
-0.06356879999999999  0.001 -0.0229593 
0.00395415 -0.0207 0.0085273 
-0.0314582 0.00203921 0.0208301 
-0.0303008 -0.008622029999999999 0.0232471 
-0.0277598 -0.0165207 -0.00204458 
-0.00423556 0.0205 0.00527196 
-0.0238305 0.0013676 -0.0117098 
-0.0361785 0.00779891 0.0323174 
-0.00412075 -0.0255 0.00399784 
0.00333389 0.0318618 -0.00212918 
-0.0253688 -0.00482843 -0.0143921 
-0.0228257 0.0102969 -0.00101061 
0.0138091 -0.035 -0.006962 
-0.000653675 0.0281653 0.009955800000000001 
-0.0502149 -0.0221471 0.0008677100000000001 
-0.00101301 -0.0378203 0.0106531 
-0.0476356 -0.008814779999999999 -0.0157431 
0.00492659 0.0187321 -0.00321171 
-0.0221088   0.01 0.0184845 
-0.033612 -0.008990389999999999 0.0190602 
-0.00435688 0.0378784 0.00238645 
-0.0192526 -0.00558321 0.00385231 
-0.0480903 -0.0132138 -0.00749655 
-0.0354379 0.0157066 -0.00494104 
0.00567916 -0.0147259 0.00146853 
-0.054723 -0.0117874 0.0108022 
-0.0506812 -0.00402914 0.0142855 
-0.0523026 -0.0209595 -0.00116499 
-0.0346868  0.015 0.0272359 
0.0298821 0.00821713 0.00337968 
-0.0328322 -0.00507918 0.00186114 
-0.00715242 -0.0328408 0.008333449999999999 
0.0127323 -0.000188899 0.00298517 
0.00517497  0.035 -0.0126719 
-0.0506349 0.0186016 -0.00295197 
-0.0392613 -0.0121449 -0.00680202 
-0.0248423 -0.0120065 -0.0092134 
-0.0508638 -0.0179963 0.00421299 
-0.0215557 -0.00258485 -0.0111531 
-0.0256659 0.00242664 0.0137679 
-0.0343118 0.0043145 -0.0124584 
-0.00528344 0.00409167 0.00845512 
-0.0647269 -0.0200731 0.00437369 
0.0344269 0.000213633 -0.00295852 
-0.0667288 -0.0150871 0.0167595 
-0.0302849 0.0133513 0.0227826 
-0.0497825 -0.0149796 -0.00379449 
-0.0322765 -0.0148052 0.0205037 
-0.0259717  -0.01 0.0231709 
-0.0104564 0.0042178 -0.0089704 
-0.0286215 0.00108031 -0.017864 
0.0213551 -0.00557794 -0.008746749999999999 
-0.06255049999999999 0.00755042 -0.0176347 
-0.0490289 -0.0128498 -0.00806369 
-0.0717633 -0.0235493 0.00870975 
-0.0678 0.0132915 0.0104582 
0.000367949 0.0114228 -0.00995947 
-0.0680583 0.020652 0.0173316 
-0.0221752 -0.0037006 -0.0108604 
-0.06977999999999999 0.0114181 0.0175646 
-0.0117357 0.0187039 -0.00123533 
0.00516101 -0.0316005 -0.00970008 
0.00291458 0.0336549 -0.0105655 
-0.0356229 0.00678257 0.00750464 
0.00285654 0.0297855 -0.0103959 
-0.0185475 0.0065 0.0131377 
0.00516925 -0.035 0.01134 
-0.000423995  0.036 -0.00450183 
-0.00668593 -0.0386571 -0.0030263 
-0.0596678 0.0153261 0.00459108 
-0.0482523 0.0151533 0.00372825 
-0.0381747  -0.01 0.0148302 
-0.0148923   0.01 0.008487929999999999 
0.00481774 -0.0170658 -0.0033419 
0.0401101 0.00745685 0.0004105 
0.00550814 0.0205 -0.00673973 
-0.0619997 -0.0224105 0.0010968 
-0.0454711 0.0134616 0.0115152 
-0.00714789 -0.0241872 0.00359217 
-0.0173504 0.0136969 0.000792188 
0.00861614 0.0213495 -0.0049752 
-0.0181115 -0.00996096 -0.0101964 
-0.0532058 -0.00728306 -0.0172643 
-0.0377642 -0.007896190000000001 0.0260575 
0.0147044 0.0107136 0.00314207 
-0.00987509 0.0065 0.00853918 
0.0129793 -0.008971990000000001 -0.00629648 
-0.00507256 0.0378833 0.00728229 
-0.00841744 0.029007 0.00535548 
-0.0314357 -0.0145979 -0.0064866 
-0.0302892 -0.0141562 0.0229088 
-0.0353275 -0.0130718 -0.0030621 
-0.000705774 0.009726820000000001 -0.00995717 
-0.0440117 -0.0177662 -0.00300587 
-0.00998051 0.0222791 -0.000191665 
0.0155999 -0.0354158 0.00335421 
-0.011358 -0.0180691 -0.00142807 
0.00520778 0.0207 -0.00696148 
-0.0546148 0.0168994 -0.008527160000000001 
-0.06900000000000001 -0.00451671 0.0210942 
-0.0667058 -0.00273552 -0.0256509 
0.00127068 0.0207 0.008750239999999999 
-0.0591484 -0.00536401 0.0137115 
0.0131365 -0.0104626 0.00379859 
-0.0155847 -0.00419437 0.00253866 
-0.0068728 0.0280097 0.00726228 
0.0283093 -0.008867699999999999 -0.0022622 
0.00857101 0.037181 -0.00611364 
-0.0614011 0.00728574 -0.0183386 
-0.0337752 0.00509591 0.0287926 
-0.0238682 0.00384062 0.00521896 
-0.0332842 -0.00250859 0.00206468 
-0.0601659 0.0173903 -0.00787915 
-0.0685181 0.0119511 -0.017818 
0.00288247 -0.022576 0.00741026 
-0.00666172 0.0100169 0.008629980000000001 
-0.000748338 0.0166326 0.00584957 
-0.0255615 0.0219701 0.000719201 
-0.0619807 0.011855 0.009796320000000001 
-0.063596 -0.00732386 0.0186315 
-0.0660404 -0.00488521 -0.0208529 
-0.00307576 -0.035 0.0155693 
-0.0391913 -0.00345992 -0.0166093 
-0.0505659 -0.00313826 0.00984671 
-0.0295302 0.000709442 0.0323636 
0.00394545 -0.0269206 -0.000102283 
-0.0514901 0.00660592 -0.017258 
-0.0338068 0.00654432 -0.0149169 
-0.0306751 -0.0153648 0.00414333 
-0.0573097 -0.0225109 -0.0009274520000000001 
0.00380309 0.008585229999999999 -0.00462893 
-0.058726 0.02158 -0.00126562 
-0.0268988 -0.00452717 -0.0146864 
-0.00944629 -0.0367 -0.00560098 
-0.0389114 0.00141863 0.0308166 
0.0105676 0.0348526 -0.00288037 
-0.0279524 0.00189442 0.0262888 
-0.05531 0.0165624 0.00931303 
-0.00644783 0.00221928 0.00764039 
-0.0399444 -0.0240241 -0.000257632 
-0.00485092 0.012639 0.00329911 
-0.00394652 0.01468 -0.00450008 
-0.0660905 0.0104627 0.0121028 
-0.0255782 0.00183744 0.0150323 
-0.07049999999999999 0.00759247 0.0219897 
-0.0288274 0.0198721 -0.0007503260000000001 
0.008175969999999999 -0.0313558 -0.00734432 
-0.00870869 0.00334464 -7.09218e-16 
-0.067 -0.0233354 -0.008513 
-0.0122375  0.035 -0.00385632 
-0.0100442 -0.009080410000000001 -0.00359617 
-0.0368175 0.0223303 -0.00075 
-0.00517765 -0.00540846 -0.0114434 
-0.020357 -0.00377238 0.00393349 
-0.0440792 0.0244801 0.000406523 
-0.06882679999999999 -0.0093688 -0.0252929 
-0.07049999999999999 -0.0153874 -0.0195645 
-0.06900000000000001 -0.00242408 0.0232634 
-0.0300482 0.00625263 0.00499433 
-0.0271352 -0.00108219 0.0245605 
-0.0362894 -0.00985377 0.00341794 
-0.0357623 0.0201441 0.0008864 
0.0147348 -0.0116133 -0.0020782 
-0.0686797 0.0200756 -0.0180102 
-0.00435161 0.00404898 0.00392523 
-0.0464481 -0.0216225 -0.000876559 
-0.0275441 -0.0225649 -0.000215883 
-0.00958643 -0.0380611 0.00170537 
0.0113294 0.00349425 0.009999879999999999 
-0.00590883 0.00947193 -0.00910802 
-0.00213938 0.0317047 0.00331513 
-0.0263254   0.01 0.0161233 
-0.0110783  0.035 0.00254517 
-0.0277425 -0.003 0.00686181 
-0.0365063 0.00037544 0.0216389 
0.00522337 0.00421225 -0.0105239 
-0.0363958 -0.0101651 -0.00896157 
-0.06900000000000001 0.00286911 0.0238051 
0.0106393  0.035 0.00883192 
-0.0247508 0.00759387 0.00706022 
-0.0294212 0.0121382 -0.00213543 
-0.00954897 -0.000306125 -0.009767629999999999 
0.00727791 -0.0205 0.00608628 
0.0408085 0.00268136 0.0011898 
0.000617891 0.0139386 -0.009928060000000001 
-0.0317979  -0.01 0.0144471 
-0.00584755  0.035 0.0144721 
-0.00284991 0.0205 -0.007988139999999999 
-0.0416368 1.57808e-05 -0.0143226 
0.00341995 -0.035 -0.0116886 
-0.067 0.0218704 -0.0112604 
-0.00645265 0.0085513 -0.009643769999999999 
-0.067 0.017003 0.0106337 
-0.0215349 0.00577349 -0.0135625 
0.011384  0.035 -0.00128787 
-0.0407518 -0.00142981 -0.0183121 
-0.0214462 0.00635468 0.0198015 
-0.00427486 0.0255 -0.0032228 
-0.0384973  -0.01 0.0179209 
-0.00666416 -0.00527625 0.00792007 
-0.0393766 0.00730224 0.0139067 
-0.0304958 -0.0163026 0.0219212 
-0.00156332  0.039 -0.00500658 
-0.023836 0.00821817 0.00328742 
0.017356 -0.00870279 -0.00661078 
-0.0687483 0.0238619 0.0125491 
-0.0359537 0.008430379999999999 -0.0142231 
0.010869 0.0367 -0.00531802 
-0.0128824 0.0130288 -0.00473538 
-0.0617931 0.0139602 -0.005945 
-0.0254082 0.0167383 0.00154045 
0.0279359 -0.00286787 -0.000591431 
-0.0560781 0.0153776 0.0113519 
-0.00761327 -0.0192939 -0.00647084 
-0.067 0.0190185 -0.0126689 
-0.0667628 0.0109922 -0.0155929 
-0.0011031 -0.0263169 0.00382445 
-0.0274388 -0.0121216 0.00381933 
-0.045239 -0.013032 0.011758 
-0.00235855 -0.0335 0.00263402 
-0.051962 -0.0210266 0.00113509 
-0.0595185 0.008780420000000001 -0.013343 
-0.06475499999999999 -0.015772 0.0130075 
-0.0657364 -0.00315677 0.020867 
-0.0108741 -0.00850884 0.012569 
-0.0114048 0.00488847 0.00295632 
-0.0350263 -0.000471886 0.017539 
0.0014205  0.035 -0.0118252 
-0.0635743 0.0150424 -0.00533489 
-0.0220955 0.00300483 0.00646105 
0.00529947 0.0382587 0.00719802 
-0.0257301   0.01 0.0281575 
0.000772559 -0.0187358 0.00584957 
-0.06900000000000001 -0.00111734 0.0204572 
-0.0101132 -0.0125675 -0.00616742 
-0.0159197 -0.00574776 -0.0127949 
-0.0575134 -0.0187123 -0.00467611 
-0.0244264 0.0040692 0.0174719 
0.00597842 0.0368856 0.00838143 
-0.00501476 0.0160985 -0.00310271 
-0.0518042 -0.0146278 0.00534168 
-0.0308413 0.00995148 0.0319103 
-0.0680161 0.00662324 0.0261722 
-0.0552838 -0.0183881 -0.00477199 
-0.0524498 -0.0118467 0.009645000000000001 
0.037735 -0.00674022 -0.0031834 
-0.053749 -0.0120477 -0.0143319 
0.0309113 -0.00180549 -0.008462600000000001 
0.0272829 -0.0026568 -0.00137528 
-0.00160999 -0.035 -0.0135568 
-0.067 -0.0113555 -0.0210228 
-0.0234413 0.00903731 0.026512 
-0.0490647 -0.0162679 0.00821355 
-0.03726 -0.0042582 0.0266898 
-0.0118777 -0.035 -0.00531148 
-0.0146931 0.00201583 -0.0141878 
-0.00397272 -0.00189275 0.00440035 
-0.0594719 0.0056612 -0.0185763 
-0.0217334 0.0098329 0.0219077 
-0.0367175 -0.0137789 0.0227221 
-0.0122637  -0.01 0.009068649999999999 
-0.0132037 -0.0065 0.00930901 
-0.038545 -0.0079305 0.0239118 
-0.009569980000000001 0.0205 0.00335426 
-0.00302958 -0.0247057 0.00952823 
-0.0233148 1.46828e-05 0.0197622 
0.00104609  0.035 -0.0146724 
-0.0591488 0.0109333 -0.0116433 
-0.0154857 -0.0357198 -0.00379514 
-0.00595052 0.0163885 0.000216764 
-0.0659294 -0.0224039 0.0030313 
0.015625 0.036235 -0.00326016 
0.00699068 0.026301 0.00712491 
0.0349939 -0.00292762 0.000270097 
0.00585498 0.0196307 -0.000643672 
-0.00241916 -0.0329117 -0.0107024 
0.00613501 -0.00330633 -0.00162641 
0.0293454 0.00523905 -0.00731915 
-0.0626606 0.00127303 -0.0214619 
-0.07049999999999999 0.00737171 0.0206684 
-0.0639899 0.0159658 0.000499492 
-0.0655044 -0.0117413 -0.0107501 
-0.0555033 0.0159705 0.0008041809999999999 
0.0349631 -0.00683533 -0.00285219 
-0.0264261 0.0224334 1.1575e-05 
-0.068622 0.009495190000000001 0.0194078 
-0.0301486 -0.00301181 0.009755679999999999 
-0.0141991 0.036572 -0.00668188 
-0.00292266 -0.00831717 0.0102318 
-0.00817707 -0.0384485 -9.41903e-05 
0.0143859 -0.008218639999999999 -0.00721065 
-0.059487 -0.0117519 0.0108369 
-0.0451143 -0.00239138 0.0117787 
-0.0534969 0.0201219 -0.00181788 
0.0134233 0.00768522 0.00779934 
-0.009590619999999999 0.0247211 0.00268031 
-0.0302874 0.00457799 0.022856 
-0.0066043 -0.0216111 0.00441866 
-0.0235694 0.00642089 0.0142969 
-0.0693669 0.0125411 -0.0192723 
-0.0510865 -0.0227148 -0.00077017 
-0.0457124 0.00480901 0.012048 
-0.0297204 0.0202646 0.00075 
-0.00523139 -0.035 0.014322 
-0.0179521 -0.00388776 -5.11188e-16 
0.000810615  0.036 0.00190772 
0.00115322 0.00113103 -0.0136049 
-0.0421865 -0.00199468 -0.0178024 
-0.0441431 0.0129774 0.00667636 
-0.0270885  0.015 0.021246 
-0.0429989 0.0153812 0.00819865 
-0.0441205 -0.00793639 -0.012301 
-0.0144458 0.00754741 0.014677 
-0.0636554 -0.0157159 -0.00235621 
-0.0438051 0.0128499 -0.00688929 
0.00500818 0.0367 0.0139445 
0.000605737 0.008861600000000001 0.00584957 
-0.07199999999999999 0.0126087 0.0220663 
0.00058318 -0.0214481 0.009949 
0.00680793 -0.0255 -0.00203433 
-0.0481085 -0.0246734 0.000705195 
-0.0589987 -0.0238577 0.00075 
-0.0575369 0.0135153 0.0067695 
-0.060003  0.001 -0.022346 
-0.0406346 -0.00103125 0.0290601 
-0.0590827  0.001 -0.0253406 
-0.00717867 -0.00367839 5.00363e-17 
-0.00289331 0.0296922 -0.010288 
-0.0637287 -0.0159242 -0.000834938 
-0.0579924 0.000853132 -0.0151 
-0.0268272 0.00156955 0.0309461 
-0.0303195 0.007801 0.0234512 
-0.0540231 0.0173687 -0.00729576 
-0.00646044 0.0149228 -0.00759131 
-0.0279973 0.00656772 0.0316867 
-0.06900000000000001 0.023906 0.000820051 
-0.0205191 -0.00814804 -8.82656e-05 
-0.0266191 0.0151847 0.0208886 
0.00578933 -0.0190931 -0.00092301 
-0.0200789 0.016052 0.00113335 
-0.07049999999999999 -0.0200925 0.007116 
-0.0572038 -0.0158468 -0.00190325 
-0.0333234 -0.00122078 0.0170935 
0.0168875 0.008289609999999999 -0.00714344 
0.0239604 -0.00718397 0.00691152 
0.0007292000000000001 -0.0263766 0.00388533 
0.00947486 -0.0299645 0.00550061 
0.00594249 0.0102434 0.000251982 
-0.0363578 0.00408133 -0.016053 
-0.0380941 0.0120774 -0.00656528 
-0.0606346 0.0136701 0.0141538 
-0.0152379 -0.00602539 -1.97167e-16 
-0.066995 0.0243612 -0.00566269 
-0.059805 -0.026083 -0.000694077 
-0.0562936 -0.00474235 -0.018436 
-0.0323568 -0.0110111 -0.0069103 
-0.06511500000000001 -0.0211387 0.00305595 
-0.0112568 0.0134384 0.00215257 
0.007859720000000001 0.0365223 0.0137913 
0.00768831 0.0205 0.00289974 
0.0060974 0.00120056 -0.002823 
-0.0387469 -0.00196402 0.0309261 
-0.0312145 0.008910589999999999 -0.0091994 
-0.0426653 0.00239103 -0.0175323 
-0.0459194 0.00167755 -0.0186549 
-0.0352364 -0.01449 0.0232754 
0.00420277 0.0162922 -0.00413376 
-0.0145027 -0.0130401 -0.00465955 
0.011192 -0.0155119 -0.00154228 
0.00528063 -0.0203518 0.0033104 
0.00365236 0.0132329 0.00473364 
-0.0477381 -0.0030119 0.00857336 
0.00292178 -0.00640903 0.00988758 
0.00391906 -0.0205 -0.00732447 
-0.0546422 0.0205405 0.00161546 
-0.0373182 -0.00232276 -0.013494 
0.0151978 -0.007910779999999999 -0.00752033 
-0.0262962  -0.01 0.0165013 
-0.0171253 0.00400519 -0.0100343 
-0.0655003 0.0123013 -0.0102108 
0.0151804 -0.00616115 -0.009044089999999999 
-0.009338920000000001 -0.0303893 -0.00578577 
-0.0030966  0.036 -0.00381609 
-0.0445045 0.00504874 -0.0137267 
0.007976789999999999 0.0384866 -0.000810551 
-0.012561 -0.0038868 0.0025757 
-0.00622319 -0.0239145 -0.00499812 
-0.008686579999999999 -0.00858401 -0.00990327 
-0.0701439 -0.008433700000000001 0.0256071 
-0.00998428 0.0178456 -0.00262483 
 0.031 0.0038137 -0.00652906 
-0.0112144 -0.0366951 -0.0102508 
-0.0705041 0.00271036 0.0268246 
0.0261962 -0.00162727 0.00251289 
-0.0393488 0.00359973 -0.0165853 
0.0215709 -0.00364085 0.00974774 
-0.0240145 -0.00518582 0.0175228 
-0.0387948 0.0102805 0.009280450000000001 
-0.0143901 -0.0106015 -0.008889060000000001 
0.00838882 -0.0321239 -0.00711021 
-0.0304864 -0.00188839 0.0197108 
-0.0452882 0.0100798 -0.0146081 
-0.0034888 0.00436203 0.00943191 
-0.0135966 0.00376326 -9.879540000000001e-16 
-0.0458269  0.001 -0.0228321 
-0.0535137 -0.000103111 0.0111742 
0.0209909 0.00207947 -0.00205999 
-0.0125479 0.0065 0.00673183 
0.000334584 0.0366 -0.0155526 
-0.0620276 0.0150499 0.0129283 
-0.0364277 -0.00868502 0.0244978 
-0.0333582  -0.01 0.029647 
-0.027807 -0.00632619 -0.010619 
-0.067 0.0117811 -0.0167734 
-0.0306905 0.00107931 0.0243351 
0.0034267 0.0367436 0.0142732 
-0.0403159 0.00465569 -0.0132336 
-0.0719866 -0.0178326 0.0179843 
0.00654031 -0.035 -0.00911616 
-0.0295129 0.003244 -0.012084 
0.0402293 -0.00434997 0.00605929 
-0.0208983 -0.0137448 -0.00504565 
-0.0376992 -0.00861906 0.0261391 
0.00384412 -0.0255 0.00677944 
-0.07199999999999999 -0.0259702 0.00433619 
0.00835822 0.0363834 -0.00873231 
-0.067 -0.0183194 0.00809785 
0.00125471  0.035 -0.0110582 
-0.0561193 -0.00302257 -0.0156509 
-0.0348079 -0.0102199 -0.00854598 
-0.0551074 0.00609322 0.0118918 
-0.0538796 -0.0100714 0.015712 
-0.07049999999999999 -0.00729705 -0.0227652 
0.0333239 0.006851 0.00305156 
-0.00207068 -0.00393881 0.009778749999999999 
-0.0136562 -0.00711175 -0.0117262 
-0.0397164 -0.00289673 0.0124389 
-0.0236729 -0.0121975 -0.00867272 
-0.027641 -0.00221378 0.0314947 
-0.0447359 -0.0132117 -0.0116769 
-0.0111282 -0.0368734 0.007937680000000001 
-0.007858759999999999 0.0205 -0.0042739 
-0.00553154 -0.00412557 0.00205243 
-0.07049999999999999 -0.0151476 -0.0136186 
-0.0153277 0.009486090000000001 -0.00135504 
-0.0346461 -0.00624574 0.0212985 
-0.0298518 -0.000230327 0.0005190699999999999 
-0.0192413 -0.0155978 0.00100785 
0.00488143 -0.0182203 0.008690740000000001 
-0.0290402 -0.003 0.007853529999999999 
-0.0323657 -0.00536652 0.0189934 
-0.020712   0.01 0.0180411 
0.00197956 -0.0371725 -0.00453439 
-0.0363636 -0.0115442 -0.0118044 
-0.0382246  -0.01 0.0288143 
-0.00291779 -0.0295427 0.00267666 
-0.0502849 0.010502 0.014107 
0.008863080000000001 -0.0203368 0.00443707 
-0.067 0.0239739 -0.00885126 
-0.0444853 0.00590783 -0.0134598 
0.00482921 0.0387342 -0.00510878 
-0.039417 -0.0100092 -0.009739589999999999 
0.00715492 0.0209318 -0.00370474 
0.0306527 -0.000159417 0.008740029999999999 
-0.0084841 -0.029845 0.00673423 
-0.0284097 0.00234401 0.0268623 
0.0365609 0.00699802 -0.00259985 
0.021142 -0.009077490000000001 0.00519608 
-0.0170408 0.0100902 -0.0022681 
-0.0166927   0.01 0.014538 
0.00195516 0.0279181 0.00345071 
0.0147681 -0.035 0.00434356 
-0.07145890000000001 -0.0262305 -0.00630213 
-0.000603051 -0.0247975 0.007924250000000001 
0.0134437  0.035 -0.00733427 
-0.0202415 0.0130654 -0.00646345 
0.0264214 -0.00666121 0.00684434 
-0.0303267 0.00288455 0.0224229 
-0.0291841 -0.00636595 0.0277106 
-0.0488252 0.0175745 -0.00467095 
0.00302063 0.00569887 -0.0101455 
-0.036626 0.00475721 -0.0126615 
0.0232643 0.0077473 -0.0064466 
-0.0543407 -0.00281736 -0.0155288 
-0.0122174 0.0366 0.00196968 
-0.012836 -0.0367 -0.00351856 
-0.0667171 -0.00564446 -0.0218142 
0.0319485 -0.00340334 -0.00662503 
-0.0558647 -0.0020733 -0.0150518 
-0.0242849 -0.0136998 -0.0063167 
-0.0704502 -0.00282005 0.0268127 
0.00910564 -0.0243123 0.00412023 
-0.0424638 0.00735634 0.0252321 
-0.00930486 -0.0233697 -0.00360248 
-0.0175306 0.00394569 -0.010112 
-0.00677564 0.0168234 0.00735305 
-0.0681066 0.0181375 0.0122706 
-0.00543181 -0.0103159 -0.00248933 
-0.0410049 0.00488293 0.0111555 
-0.0256603 0.00314252 0.0136292 
0.0109034 0.0317923 -0.00130756 
-0.0291275 0.0119491 -0.00385188 
0.0335224 0.00514373 -0.00543449 
0.0248834 -0.00098902 0.00975002 
-0.0317859 0.00265409 0.0328603 
-0.0446514 0.0147474 0.00357127 
-0.0235943 0.00511687 0.00504106 
0.00178768 0.0108933 -0.009837530000000001 
-0.07199999999999999 -0.0244854 0.009083620000000001 
-0.00054715 -0.0376862 0.00494642 
-0.00982444 -0.02218 -0.00176371 
-0.00723664 -0.0242958 0.00334977 
-0.0264306 -0.0043815 0.030629 
-0.0446415 0.0245619 -0.000335914 
-0.0539286 0.0190641 -0.00288775 
-0.0232541  -0.01 0.0203462 
-0.0661746 -0.00207132 -0.0237905 
-0.0383505 -0.00797015 0.0211225 
-0.0276552 0.00588047 0.01997 
-0.0142471 -0.00602358 -0.00852002 
-0.0575724 0.0143911 -0.00538281 
-0.0314638 -0.00457767 0.0266988 
-0.033926 -0.0054016 0.0170935 
-0.0303171 0.0189182 0.0009861099999999999 
0.00208811 -0.00939189 -0.009777360000000001 
-0.0233336 -0.0119864 -0.008877599999999999 
-0.000796002 0.0282373 -0.009951959999999999 
-0.0363209 0.015757 -0.00512085 
-0.0231501 0.00261645 0.00828768 
-0.066622 -0.00255239 -0.0246207 
-0.0363411 0.00348359 0.027714 
-0.0698708 0.0123918 0.0128236 
-0.0344962 -0.0099995 0.0069973 
-0.00550438 -0.00799222 0.00217146 
0.00597596 0.0367 -0.0103068 
0.00726508 -0.00159382 -0.0025384 
-0.000226178 -0.0366 0.0153408 
-0.0419097 -0.0194241 0.00125018 
-0.06583260000000001 -0.0018122 0.0158545 
-0.0636891 -0.0145979 -0.0137802 
-0.0430066 -0.00411226 0.00644273 
-0.025755 -0.0141821 -0.00560096 
-0.0286862 -0.00504423 0.027209 
-0.0449816 -0.0132586 -0.011675 
-0.067 0.0105833 -0.0175049 
-0.021753 0.00973891 0.0221376 
-0.067 -0.0209838 0.0136428 
-0.0365085 0.00399586 -0.0128783 
-0.0138409 -0.00433017 -2.85183e-16 
-0.00588715 0.0140464 0.000494423 
-0.0237108 -0.00324065 0.0271774 
-0.008114949999999999 -0.0287094 0.00583898 
-0.0377958 0.0179375 0.00196976 
-0.0420789 -0.00775176 0.0265485 
0.00720023 0.0260129 -0.00691035 
-0.0320694 0.0114248 0.0253433 
-0.0564364 0.00357032 -0.0155632 
0.00349195 -0.0255 -0.00288307 
-0.0508259 0.0160946 0.00895028 
0.00576632  0.035 -0.0115011 
-0.070326 0.000739521 0.0249596 
-0.0039784 -0.0367 0.009516119999999999 
-0.000665316 0.0205 -0.00830901 
-0.0375847 0.00777803 0.00400121 
-0.0134341 0.0102378 0.00152538 
-0.0547596 0.0176052 0.00695798 
-0.0420816 -0.0141213 -0.0100374 
-0.057902 0.00701468 -0.0179758 
-0.00628654 0.0255 0.0043082 
-0.0565055 0.00697009 0.0125214 
-0.067 0.0224443 0.0105038 
-0.011709 0.00325727 -8.50744e-16 
0.00399787 0.0285895 -1.27743e-05 
-0.00703796 0.008721899999999999 -0.009559399999999999 
-0.00704894 -0.037245 0.00445867 
-0.00798127 0.034475 -0.0075203 
-0.0343808 0.00336084 0.00759254 
-0.0717783 0.0264772 0.00455512 
-0.0422504 -0.00895279 0.0198851 
0.0115064 -0.009148369999999999 -0.0062396 
-0.0599848 0.0170173 -0.008525100000000001 
-0.005307 0.0228935 0.00844688 
-0.0705022 0.00539798 -0.0264176 
-0.0575077 -0.0168277 0.008853649999999999 
0.0266275 0.00118361 0.00271852 
-0.0238908 -0.001 -0.0179481 
-0.0365861 -0.00515017 0.00962115 
-0.0573243 0.0193535 0.00322802 
-0.0251824 0.00101775 0.0119297 
-0.0164233 0.0065 0.00824337 
-0.0710167 0.0235259 0.0131829 
-0.0290438 0.008981859999999999 0.0216044 
0.0140372 -0.00614683 -0.00905663 
-0.0585946 -0.0125897 0.0147572 
0.00518946 -0.0146945 0.00854458 
-0.0671157 -0.0228239 -0.013296 
-0.0611229 -0.0173199 0.008001090000000001 
0.008619450000000001 -0.0303713 0.00681226 
-0.067 -0.0222487 0.0128739 
-0.0317843 -0.00307124 0.009753410000000001 
-0.0566943 -0.0159638 0.0103498 
-0.0656433 0.0202361 0.00568815 
0.00410365  0.035 0.0122234 
-0.00587963 -0.0234794 -0.00537696 
-0.0305994 -0.00521927 -0.0149538 
-0.0421901 -0.00339437 0.0196738 
0.0269068 -0.00733048 -0.00585006 
-0.0393986 -0.00490759 0.0135006 
-0.0357136 -0.0126663 0.00223966 
-0.00585649 0.008108519999999999 -0.00367107 
-0.00316527 -0.0142945 -0.009413100000000001 
-0.0295666 0.010755 -0.0114357 
-0.0201426 -0.00986837 0.0194709 
-0.0322258 -0.008631740000000001 0.00158807 
-0.00917429 0.0352255 -0.0130732 
0.008681339999999999 -0.038319 -0.000615643 
-0.000452678 -0.0365518 0.0157686 
-0.0315002 -0.00171023 0.0287926 
0.0107124 0.0330472 0.00245551 
-0.0460537 -0.00378517 0.0122017 
-0.00292007 0.0335 0.000545026 
0.00255206 -0.0361804 0.00428861 
-0.00144028 0.0255 0.00387603 
0.037769 -0.00658021 -0.00352057 
0.0110206 -0.01073 0.00444853 
-0.0372525 0.0029899 0.0318545 
-9.98231e-05 -0.0165342 0.00584957 
-0.0619448 0.0154582 0.0124555 
-0.0104688 0.0309923 -0.00336522 
-0.00389531 -0.0328765 -0.000627353 
0.008251440000000001 -0.008067710000000001 0.00776883 
-0.06900000000000001 -0.0221515 0.000629462 
0.00642699 0.0107335 0.00769006 
-0.0475591 0.0213666 -0.000962125 
0.0105497 -0.0370188 0.008930449999999999 
-0.0296255 0.00846922 0.0205386 
-0.0621629 0.00340448 -0.0156176 
-0.00918479 0.0120564 0.00420415 
-0.06965150000000001 0.0178921 -0.009974800000000001 
-0.0151609 -0.0183309 0.0007999320000000001 
-0.0486638 -0.00436666 -0.0175615 
-0.0606609 0.0203231 -0.00239159 
-0.0368423 -0.0100941 0.00366693 
-0.0535175 0.0153847 0.0107845 
-0.0383115 0.00971295 0.0201819 
0.00368209 -0.036 0.00211532 
-0.0162951 0.0167656 0.000718672 
-0.0345298 -0.00977923 0.0070124 
0.009420690000000001  0.035 -0.00751811 
-0.036745 -0.0131524 0.00800996 
-0.00078984 -0.019914 -0.009859089999999999 
0.0127622  0.035 0.008877879999999999 
-0.0287287 -0.0011719 -0.0174881 
-0.0334517 0.0218855 -0.00075 
-0.06900000000000001 -0.0221749 0.00326889 
-0.040443 -0.00483485 0.0163946 
-0.0192476   0.01 0.0140479 
0.0406875 -0.00276196 0.000888358 
-0.06712509999999999 -0.0114688 -0.020527 
-0.0381224 -0.0138271 0.00069353 
-0.0416947 0.0143286 -7.41183e-05 
-0.0301662 -0.00301076 0.000660648 
0.021057 -0.000699561 0.009999879999999999 
-0.06561060000000001 -0.009411910000000001 -0.0165053 
-0.00135693 -0.0172351 -0.00584283 
-0.009040339999999999 0.0382148 -0.00107417 
0.00395585 0.0114054 -0.00909977 
-0.0530363 0.0105176 -0.0119099 
0.00266911 0.0255 -0.00372933 
-0.025992 0.0105957 -0.0109764 
-0.0527383 -0.00392485 -0.0153575 
-0.06900000000000001 -0.0214388 0.00450819 
-0.0687106 0.0118036 0.0176706 
-0.07024080000000001 0.009590690000000001 -0.0183409 
-0.00480135 0.0310565 -0.0098943 
0.00379439 0.0326465 -0.00123213 
-0.0351717 0.00603602 0.0222759 
-0.071937 0.0114492 0.0226587 
-0.00500261 -0.013636 0.0031089 
-0.0602987 -0.0143418 -0.0132981 
-0.07049999999999999 0.0211705 -0.0130397 
-0.0419216 -0.00652985 -0.0160188 
0.00281923 -0.0224102 -0.009574890000000001 
-0.0247204 -0.0163139 -0.0018936 
0.011881  0.035 -0.000950936 
-0.0601859 -0.014816 0.0128324 
-0.00586069 -0.00994654 -0.0088699 
-0.0454339 -0.008700950000000001 -0.015487 
-0.07049999999999999 -0.00941316 -0.021806 
0.00304896 -0.0122907 -0.00502423 
-0.0321884 -0.00595144 0.0205187 
3 115 717 511 
3 115 472 717 
3 72 729 925 
3 72 154 813 
3 154 72 925 
3 72 261 729 
3 729 261 9 
3 261 111 9 
3 28 974 511 
3 974 28 886 
3 539 28 511 
3 28 77 886 
3 112 77 209 
3 724 539 667 
3 539 724 28 
3 550 724 667 
3 137 154 925 
3 55 717 634 
3 558 55 634 
3 55 195 717 
3 465 112 209 
3 102 465 209 
3 465 102 112 
3 102 464 112 
3 464 558 634 
3 464 102 558 
3 281 102 209 
3 102 281 558 
3 77 74 886 
3 74 77 112 
3 767 115 886 
3 767 472 115 
3 74 767 886 
3 767 74 472 
3 433 72 813 
3 433 261 72 
3 960 261 667 
3 189 729 9 
3 189 117 729 
3 117 189 404 
3 115 596 886 
3 596 974 886 
3 596 115 511 
3 974 596 511 
3 261 643 667 
3 643 550 667 
3 433 643 261 
3 550 643 813 
3 643 433 813 
3 154 799 813 
3 799 154 132 
3 42 799 132 
3 239 550 200 
3 239 724 550 
3 899 77 28 
3 77 899 200 
3 817 220 925 
3 220 137 925 
3 137 726 132 
3 726 42 132 
3 726 220 817 
3 220 726 137 
3 154 697 132 
3 697 137 132 
3 137 697 154 
3 783 580 717 
3 195 783 717 
3 783 195 580 
3 55 383 195 
3 195 383 580 
3 383 960 580 
3 960 383 261 
3 717 769 511 
3 464 891 112 
3 717 891 634 
3 472 891 717 
3 891 74 112 
3 74 891 472 
3 44 960 667 
3 539 44 667 
3 321 245 55 
3 117 266 172 
3 266 117 404 
3 189 266 404 
3 245 266 189 
3 266 245 321 
3 266 924 172 
3 924 266 321 
3 729 173 925 
3 117 173 729 
3 550 316 200 
3 316 551 200 
3 316 550 813 
3 799 316 813 
3 551 986 200 
3 724 495 28 
3 495 899 28 
3 239 495 724 
3 495 239 200 
3 899 495 200 
3 492 383 55 
3 111 492 9 
3 261 492 111 
3 383 492 261 
3 293 749 925 
3 700 781 377 
3 281 700 558 
3 733 749 293 
3 733 781 209 
3 733 817 925 
3 749 733 925 
3 693 769 47 
3 693 539 511 
3 769 693 511 
3 580 843 717 
3 843 769 717 
3 769 843 580 
3 69 769 580 
3 769 69 47 
3 69 693 47 
3 960 69 580 
3 44 69 960 
3 69 44 539 
3 693 69 539 
3 409 464 634 
3 891 409 634 
3 409 891 464 
3 966 189 9 
3 966 245 189 
3 492 966 9 
3 245 966 55 
3 966 492 55 
3 700 255 558 
3 255 700 377 
3 70 924 321 
3 255 70 558 
3 70 255 377 
3 293 70 377 
3 324 293 925 
3 324 70 293 
3 70 324 924 
3 943 117 172 
3 924 943 172 
3 324 943 924 
3 943 324 925 
3 173 943 925 
3 943 173 117 
3 986 701 42 
3 701 986 551 
3 316 701 551 
3 701 799 42 
3 701 316 799 
3 626 986 42 
3 626 77 200 
3 986 626 200 
3 626 726 817 
3 726 626 42 
3 77 626 209 
3 904 700 281 
3 700 904 781 
3 904 281 209 
3 781 904 209 
3 781 598 377 
3 733 598 781 
3 598 293 377 
3 70 498 558 
3 498 70 321 
3 498 55 558 
3 498 321 55 
3 476 733 293 
3 598 476 293 
3 476 598 733 
3 733 626 817 
3 626 733 209 
Vertices and facets:
- p115(v20): -0.011 0.037 -0.0099
  neighbors: f69 f78 f174 f175 f200 f202
- p717(v10): 0.00033 0.037 -0.016
  neighbors: f69 f78 f143 f145 f236 f237 f259 f266 f267 f337 f338
- p511(v3): -0.0016 0.039 -0.005
  neighbors: f69 f99 f103 f202 f203 f259 f333 f334
- p472(v22): -0.069  0.02 -0.018
  neighbors: f78 f175 f177 f267 f269
- p72(v23): -0.028 -0.0058 0.031
  neighbors: f80 f81 f82 f89 f178 f179
- p729(v12):  0.04 -0.0043 0.0061
  neighbors: f80 f89 f92 f185 f198 f293 f295
- p925(v7): -0.00045 -0.037 0.016
  neighbors: f80 f82 f134 f225 f226 f293 f318 f329 f330 f365 f373 f374
- p154(v17): -0.035 -0.01 0.031
  neighbors: f81 f82 f134 f213 f215 f233 f235
- p813(v4): -0.032 0.0027 0.033
  neighbors: f81 f178 f207 f208 f213 f298 f300
- p261(v25): 0.041 0.0026 0.0063
  neighbors: f89 f92 f93 f179 f183 f204 f206 f245 f315 f316
- p9(v2): 0.041 -0.0021 0.0026
  neighbors: f92 f93 f185 f314 f350 f352
- p111(v24): 0.041 0.0011 0.005
  neighbors: f93 f314 f315
- p974(v27): -0.009 0.038 -0.0011
  neighbors: f99 f100 f201 f203
- p28(v14): -0.0049 0.038 0.0072
  neighbors: f99 f100 f103 f120 f128 f220 f306 f307
- p886(v5): -0.072 0.026 0.0046
  neighbors: f100 f120 f172 f174 f176 f200 f201
- p539(v28): 0.0053 0.038 0.0072
  neighbors: f103 f127 f128 f272 f333 f345 f346
- p77(v31): -0.072 0.026 0.0068
  neighbors: f120 f123 f172 f173 f220 f222 f385 f390
- p112(v11): -0.072 0.0047 -0.025
  neighbors: f123 f160 f162 f164 f173 f265 f268
- p209(v1): -0.072 -0.023 -0.011
  neighbors: f123 f160 f161 f168 f390 f328 f393 f394 f407
- p724(v32): 0.0034 0.037 0.014
  neighbors: f127 f128 f129 f219 f306 f308
- p667(v8): 0.0079 0.037 0.014
  neighbors: f127 f129 f183 f204 f205 f270 f272
- p550(v29): -0.031  0.01 0.032
  neighbors: f129 f205 f207 f217 f219 f296 f298
- p137(v33): -0.069 -0.014 0.023
  neighbors: f134 f226 f228 f232 f234 f235
- p55(v35): 0.038 -0.00093 -0.0074
  neighbors: f143 f144 f145 f354 f242 f277 f311 f353 f401 f402
- p634(v6): -0.059 0.001 -0.025
  neighbors: f143 f144 f165 f266 f347 f348
- p558(v18): -0.0016 -0.035 -0.014
  neighbors: f144 f165 f166 f169 f361 f322 f357 f399 f401
- p195(v34): 0.038 0.005 -0.0056
  neighbors: f145 f237 f238 f242 f243
- p465(v38): -0.07 -0.015 -0.02
  neighbors: f160 f161 f162
- p102(v21): -0.07 -0.016 -0.022
  neighbors: f161 f162 f164 f166 f168 f169
- p464(v39): -0.069 -0.0094 -0.025
  neighbors: f164 f165 f166 f265 f347 f349
- p281(v40): -0.068 -0.018 -0.02
  neighbors: f168 f169 f322 f391 f393
- p74(v41): -0.072 0.021 -0.014
  neighbors: f172 f173 f176 f177 f268 f269
- p767(v42): -0.067 0.024 -0.0089
  neighbors: f174 f175 f176 f177
- p433(v43): -0.03 0.00071 0.032
  neighbors: f178 f179 f206 f208
- p960(v44): 0.013 0.035 0.0089
  neighbors: f183 f244 f245 f270 f343 f344
- p189(v45): 0.039 -0.0071 0.0024
  neighbors: f185 f198 f199 f282 f283 f350 f351
- p117(v47): 0.013 -0.037 0.0072
  neighbors: f198 f199 f280 f281 f295 f370 f375
- p404(v26): 0.016 -0.035 0.0034
  neighbors: f199 f281 f282
- p596(v48): -0.014 0.037 -0.0067
  neighbors: f200 f201 f202 f203
- p643(v49): -0.028 0.0066 0.032
  neighbors: f204 f205 f206 f207 f208
- p799(v51): -0.07 -0.0028 0.027
  neighbors: f213 f215 f216 f300 f382 f383
- p132(v9): -0.072 -0.0054 0.026
  neighbors: f215 f216 f228 f229 f233 f234
- p42(v30): -0.072 -0.00094 0.027
  neighbors: f216 f229 f379 f382 f384 f388
- p239(v52): -0.0017 0.035 0.015
  neighbors: f217 f219 f308 f309
- p200(v15): -0.072 0.019 0.019
  neighbors: f217 f222 f296 f297 f302 f309 f310 f385 f386
- p899(v53): -0.071 0.024 0.013
  neighbors: f220 f222 f307 f310
- p220(v54): -0.068 -0.018  0.02
  neighbors: f225 f226 f231 f232
- p817(v16): -0.072 -0.024 0.0091
  neighbors: f225 f231 f329 f387 f406
- p726(v55): -0.072 -0.018 0.018
  neighbors: f228 f229 f231 f232 f387 f388
- p697(v56): -0.07 -0.0084 0.026
  neighbors: f233 f234 f235
- p783(v57): 0.013 0.035 -0.0073
  neighbors: f236 f237 f238
- p580(v19): 0.016 0.036 -0.0033
  neighbors: f236 f238 f243 f244 f337 f339 f340 f343
- p383(v58):  0.04 0.0075 0.00041
  neighbors: f242 f243 f244 f245 f311 f316
- p769(v62): 0.0048 0.039 -0.0051
  neighbors: f259 f331 f334 f338 f339 f340 f341
- p891(v63): -0.071 0.0054 -0.026
  neighbors: f265 f266 f267 f268 f269 f348 f349
- p44(v64): 0.011 0.037 0.0057
  neighbors: f270 f272 f344 f345
- p245(v65): 0.039 -0.0044 -0.0061
  neighbors: f277 f283 f284 f351 f353
- p321(v46): 0.014 -0.035 -0.007
  neighbors: f360 f277 f284 f287 f400 f402
- p266(v66): 0.016 -0.036 8e-05
  neighbors: f280 f281 f282 f283 f284 f286 f287
- p172(v13): 0.012 -0.037 0.0027
  neighbors: f280 f286 f370 f371
- p924(v67): 0.0087 -0.038 -0.00062
  neighbors: f286 f287 f360 f369 f371 f372
- p173(v68): 0.012 -0.035  0.01
  neighbors: f293 f295 f374 f375
- p316(v69): -0.036 0.0078 0.032
  neighbors: f296 f297 f298 f300 f381 f383
- p551(v50): -0.068 0.0066 0.026
  neighbors: f297 f302 f380 f381
- p986(v70): -0.072 0.011 0.023
  neighbors: f302 f379 f380 f384 f386
- p495(v71): -0.0058 0.035 0.014
  neighbors: f306 f307 f308 f309 f310
- p492(v72): 0.041 0.0027 0.0012
  neighbors: f311 f314 f315 f316 f352 f354
- p749(v73): -0.011 -0.037 0.0079
  neighbors: f318 f326 f330
- p293(v60): -0.0065 -0.038 0.0066
  neighbors: f318 f368 f326 f363 f365 f397 f403 f404
- p700(v74): -0.011 -0.037 -0.01
  neighbors: f321 f322 f358 f357 f391 f392
- p781(v61): -0.071 -0.026 -0.0063
  neighbors: f328 f321 f394 f392 f395 f396
- p377(v36): -0.0067 -0.039 -0.003
  neighbors: f321 f363 f362 f358 f395 f397
- p733(v75): -0.072 -0.026 0.0043
  neighbors: f330 f329 f326 f328 f396 f403 f405 f406 f407
- p693(v76): 0.008 0.038 -0.00081
  neighbors: f331 f333 f334 f342 f346
- p47(v37): 0.0084 0.038 -0.0013
  neighbors: f331 f341 f342
- p843(v77): 0.006 0.037 -0.01
  neighbors: f337 f338 f339
- p69(v78): 0.015 0.037 -0.0022
  neighbors: f340 f341 f342 f343 f344 f345 f346
- p409(v79): -0.067 -0.0027 -0.026
  neighbors: f347 f348 f349
- p966(v80): 0.041 -0.0028 0.00089
  neighbors: f350 f351 f352 f353 f354
- p255(v81): -0.0079 -0.037 -0.0098
  neighbors: f357 f358 f361 f362
- p70(v82): 0.0036 -0.039 -0.0034
  neighbors: f369 f360 f361 f362 f363 f368 f399 f400
- p324(v83): -0.001 -0.038 0.011
  neighbors: f365 f368 f369 f372 f373
- p943(v84): 0.011 -0.037 0.0089
  neighbors: f370 f371 f372 f373 f374 f375
- p701(v86): -0.071 0.0027 0.027
  neighbors: f379 f380 f381 f382 f383
- p626(v87): -0.072 0.013 0.022
  neighbors: f384 f385 f386 f387 f388 f390 f406 f407
- p904(v88): -0.067 -0.023 -0.013
  neighbors: f391 f392 f393 f394
- p598(v89): -0.0082 -0.038 -9.4e-05
  neighbors: f395 f396 f397 f404 f405
- p498(v90): 0.0034 -0.035 -0.012
  neighbors: f399 f400 f401 f402
- p476(v91): -0.0096 -0.038 0.0017
  neighbors: f403 f404 f405
- f69
    - flags: top simplicial
    - normal:   -0.1089   0.9649  -0.2392
    - offset: -0.03899686
    - vertices: p115(v20) p717(v10) p511(v3)
    - neighboring facets: f259 f202 f78
- f78
    - flags: bottom simplicial
    - normal:   -0.1987   0.8906  -0.4091
    - offset: -0.03889202
    - vertices: p472(v22) p115(v20) p717(v10)
    - neighboring facets: f69 f267 f175
- f80
    - flags: top simplicial
    - normal:    0.3493  -0.1631   0.9227
    - offset: -0.02035345
    - vertices: p72(v23) p729(v12) p925(v7)
    - neighboring facets: f293 f82 f89
- f81
    - flags: top simplicial
    - normal:   0.06221  -0.1295   0.9896
    - offset: -0.03019801
    - vertices: p72(v23) p154(v17) p813(v4)
    - neighboring facets: f213 f178 f82
- f82
    - flags: bottom simplicial
    - normal:    0.1771  -0.3196   0.9309
    - offset: -0.02627981
    - vertices: p72(v23) p154(v17) p925(v7)
    - neighboring facets: f134 f80 f81
- f89
    - flags: bottom simplicial
    - normal:    0.3514 -0.06729   0.9338
    - offset: -0.02008743
    - vertices: p261(v25) p72(v23) p729(v12)
    - neighboring facets: f80 f92 f179
- f92
    - flags: bottom simplicial
    - normal:    0.9825  -0.1136   0.1476
    - offset: -0.04091385
    - vertices: p261(v25) p729(v12) p9(v2)
    - neighboring facets: f185 f93 f89
- f93
    - flags: top simplicial
    - normal:         1        0        0
    - offset:     -0.041
    - vertices: p261(v25) p111(v24) p9(v2)
    - neighboring facets: f314 f92 f315
- f99
    - flags: bottom simplicial
    - normal:  -0.08629   0.9957  0.03474
    - offset: -0.03879186
    - vertices: p974(v27) p28(v14) p511(v3)
    - neighboring facets: f103 f203 f100
- f100
    - flags: top simplicial
    - normal:   -0.1764   0.9811  0.07959
    - offset: -0.03900161
    - vertices: p974(v27) p28(v14) p886(v5)
    - neighboring facets: f120 f201 f99
- f103
    - flags: top simplicial
    - normal:   0.00222   0.9982  0.05938
    - offset: -0.0386303
    - vertices: p539(v28) p28(v14) p511(v3)
    - neighboring facets: f99 f333 f128
- f120
    - flags: bottom simplicial
    - normal:   -0.1773   0.9358   0.3048
    - offset: -0.03889027
    - vertices: p77(v31) p28(v14) p886(v5)
    - neighboring facets: f100 f172 f220
- f123
    - flags: bottom simplicial
    - normal:        -1 0.003789 -0.008607
    - offset: -0.07200057
    - center: -0.07191276666666667 0.002378949999999999 -0.009524103333333334 
    - vertices: p77(v31) p112(v11) p209(v1)
    - neighboring facets: f160 f390 f173
- f127
    - flags: top simplicial
    - normal:   0.07319   0.9711   0.2273
    - offset: -0.03917583
    - vertices: p724(v32) p539(v28) p667(v8)
    - neighboring facets: f272 f129 f128
- f128
    - flags: bottom simplicial
    - normal:  0.002066   0.9777   0.2099
    - offset: -0.03892812
    - vertices: p724(v32) p539(v28) p28(v14)
    - neighboring facets: f103 f306 f127
- f129
    - flags: bottom simplicial
    - normal:    0.1187   0.4355   0.8923
    - offset: -0.02914585
    - vertices: p724(v32) p550(v29) p667(v8)
    - neighboring facets: f205 f127 f219
- f134
    - flags: top simplicial
    - normal:   -0.1166  -0.6105   0.7834
    - offset: -0.03471997
    - vertices: p137(v33) p154(v17) p925(v7)
    - neighboring facets: f82 f226 f235
- f143
    - flags: top simplicial
    - normal:    0.1799 -0.03001  -0.9832
    - offset: -0.01425362
    - vertices: p55(v35) p717(v10) p634(v6)
    - neighboring facets: f266 f144 f145
- f144
    - flags: bottom simplicial
    - normal:    0.1798  -0.0347  -0.9831
    - offset: -0.01425248
    - vertices: p55(v35) p558(v18) p634(v6)
    - neighboring facets: f165 f143 f401
- f145
    - flags: top simplicial
    - normal:    0.4875   0.3195  -0.8126
    - offset: -0.02449331
    - vertices: p55(v35) p195(v34) p717(v10)
    - neighboring facets: f237 f143 f242
- f160
    - flags: top simplicial
    - normal:    -0.952  -0.1319  -0.2764
    - offset: -0.07454982
    - vertices: p465(v38) p112(v11) p209(v1)
    - neighboring facets: f123 f161 f162
- f161
    - flags: bottom simplicial
    - normal:   -0.9497   -0.138  -0.2813
    - offset: -0.07457677
    - vertices: p465(v38) p102(v21) p209(v1)
    - neighboring facets: f168 f160 f162
- f162
    - flags: top simplicial
    - normal:   -0.9502  -0.1332  -0.2817
    - offset: -0.07455091
    - vertices: p465(v38) p102(v21) p112(v11)
    - neighboring facets: f164 f160 f161
- f164
    - flags: bottom simplicial
    - normal:   -0.8338  -0.1546    -0.53
    - offset: -0.07224113
    - vertices: p464(v39) p102(v21) p112(v11)
    - neighboring facets: f162 f265 f166
- f165
    - flags: top simplicial
    - normal:    0.1253  -0.1223  -0.9846
    - offset:  -0.017425
    - vertices: p464(v39) p558(v18) p634(v6)
    - neighboring facets: f144 f347 f166
- f166
    - flags: top simplicial
    - normal:  -0.02142  -0.4621  -0.8866
    - offset: -0.02822744
    - vertices: p464(v39) p102(v21) p558(v18)
    - neighboring facets: f169 f165 f164
- f168
    - flags: top simplicial
    - normal:   -0.4023  -0.7201  -0.5653
    - offset: -0.05171358
    - vertices: p281(v40) p102(v21) p209(v1)
    - neighboring facets: f161 f393 f169
- f169
    - flags: bottom simplicial
    - normal:  -0.09625  -0.6616  -0.7437
    - offset: -0.03339263
    - vertices: p281(v40) p102(v21) p558(v18)
    - neighboring facets: f166 f322 f168
- f172
    - flags: bottom simplicial
    - normal:   -0.9937   0.1024  -0.0465
    - offset: -0.07382306
    - vertices: p74(v41) p77(v31) p886(v5)
    - neighboring facets: f120 f176 f173
- f173
    - flags: top simplicial
    - normal:   -0.9988  0.03696  -0.0307
    - offset: -0.07262212
    - vertices: p74(v41) p77(v31) p112(v11)
    - neighboring facets: f123 f268 f172
- f174
    - flags: top simplicial
    - normal:   -0.2183   0.9423  -0.2538
    - offset: -0.03946536
    - vertices: p767(v42) p115(v20) p886(v5)
    - neighboring facets: f200 f176 f175
- f175
    - flags: top simplicial
    - normal:   -0.2133   0.9124  -0.3492
    - offset: -0.03925736
    - vertices: p767(v42) p472(v22) p115(v20)
    - neighboring facets: f78 f174 f177
- f176
    - flags: bottom simplicial
    - normal:   -0.3376   0.8963  -0.2877
    - offset: -0.04665168
    - vertices: p767(v42) p74(v41) p886(v5)
    - neighboring facets: f172 f174 f177
- f177
    - flags: top simplicial
    - normal:   -0.2942   0.8977  -0.3281
    - offset: -0.04413591
    - vertices: p767(v42) p74(v41) p472(v22)
    - neighboring facets: f269 f175 f176
- f178
    - flags: top simplicial
    - normal:     0.138 -0.09186   0.9862
    - offset: -0.02777678
    - vertices: p433(v43) p72(v23) p813(v4)
    - neighboring facets: f81 f208 f179
- f179
    - flags: top simplicial
    - normal:    0.3475 -0.02443   0.9374
    - offset: -0.02005909
    - vertices: p433(v43) p261(v25) p72(v23)
    - neighboring facets: f89 f178 f206
- f183
    - flags: top simplicial
    - normal:    0.6719    0.545   0.5015
    - offset: -0.03210205
    - vertices: p960(v44) p261(v25) p667(v8)
    - neighboring facets: f204 f270 f245
- f185
    - flags: top simplicial
    - normal:    0.9407   -0.339 -0.008572
    - offset: -0.03926826
    - vertices: p189(v45) p729(v12) p9(v2)
    - neighboring facets: f92 f350 f198
- f198
    - flags: bottom simplicial
    - normal:    0.7484  -0.6144   0.2501
    - offset: -0.03429341
    - vertices: p117(v47) p189(v45) p729(v12)
    - neighboring facets: f185 f295 f199
- f199
    - flags: top simplicial
    - normal:     0.749  -0.6159   0.2442
    - offset: -0.03431658
    - vertices: p117(v47) p189(v45) p404(v26)
    - neighboring facets: f282 f281 f198
- f200
    - flags: bottom simplicial
    - normal:   -0.2021   0.9647  -0.1689
    - offset: -0.03927879
    - vertices: p596(v48) p115(v20) p886(v5)
    - neighboring facets: f174 f201 f202
- f201
    - flags: top simplicial
    - normal:   -0.1922   0.9753  -0.1089
    - offset: -0.03912537
    - vertices: p596(v48) p974(v27) p886(v5)
    - neighboring facets: f100 f200 f203
- f202
    - flags: top simplicial
    - normal:   -0.1702   0.9766  -0.1317
    - offset: -0.03901167
    - vertices: p596(v48) p115(v20) p511(v3)
    - neighboring facets: f69 f203 f200
- f203
    - flags: bottom simplicial
    - normal:   -0.1706   0.9768  -0.1293
    - offset: -0.03901023
    - vertices: p596(v48) p974(v27) p511(v3)
    - neighboring facets: f99 f202 f201
- f204
    - flags: bottom simplicial
    - normal:    0.3494   0.1357   0.9271
    - offset: -0.02048708
    - vertices: p643(v49) p261(v25) p667(v8)
    - neighboring facets: f183 f205 f206
- f205
    - flags: top simplicial
    - normal:    0.3038   0.1937   0.9329
    - offset: -0.02232619
    - vertices: p643(v49) p550(v29) p667(v8)
    - neighboring facets: f129 f204 f207
- f206
    - flags: bottom simplicial
    - normal:    0.3465   0.0177   0.9379
    - offset: -0.02013279
    - vertices: p643(v49) p433(v43) p261(v25)
    - neighboring facets: f179 f204 f208
- f207
    - flags: bottom simplicial
    - normal:    0.1973   0.1014   0.9751
    - offset: -0.02603908
    - vertices: p643(v49) p550(v29) p813(v4)
    - neighboring facets: f298 f208 f205
- f208
    - flags: top simplicial
    - normal:    0.2522  0.04569   0.9666
    - offset: -0.02386639
    - vertices: p643(v49) p433(v43) p813(v4)
    - neighboring facets: f178 f207 f206
- f213
    - flags: bottom simplicial
    - normal:   -0.1424 -0.08388   0.9863
    - offset: -0.03671179
    - vertices: p799(v51) p154(v17) p813(v4)
    - neighboring facets: f81 f300 f215
- f215
    - flags: top simplicial
    - normal:    -0.162  -0.1938   0.9676
    - offset: -0.03790322
    - vertices: p799(v51) p154(v17) p132(v9)
    - neighboring facets: f233 f216 f213
- f216
    - flags: bottom simplicial
    - normal:   -0.2985  -0.1071   0.9484
    - offset: -0.04676006
    - vertices: p799(v51) p42(v30) p132(v9)
    - neighboring facets: f229 f215 f382
- f217
    - flags: top simplicial
    - normal:   -0.1026   0.6297     0.77
    - offset: -0.03400293
    - vertices: p239(v52) p550(v29) p200(v15)
    - neighboring facets: f296 f309 f219
- f219
    - flags: top simplicial
    - normal:  -0.03202   0.5778   0.8155
    - offset: -0.03276179
    - vertices: p239(v52) p724(v32) p550(v29)
    - neighboring facets: f129 f217 f308
- f220
    - flags: top simplicial
    - normal:   -0.1751   0.9232   0.3422
    - offset: -0.03866583
    - vertices: p899(v53) p77(v31) p28(v14)
    - neighboring facets: f120 f307 f222
- f222
    - flags: bottom simplicial
    - normal:   -0.8115    0.505   0.2941
    - offset: -0.07338512
    - center: -0.07156736666666666 0.02272249999999999 0.01304306333333333 
    - vertices: p899(v53) p77(v31) p200(v15)
    - neighboring facets: f385 f310 f220
- f225
    - flags: bottom simplicial
    - normal:   -0.1885  -0.8104   0.5547
    - offset: -0.03845448
    - vertices: p220(v54) p817(v16) p925(v7)
    - neighboring facets: f329 f226 f231
- f226
    - flags: top simplicial
    - normal:   -0.1262  -0.6338   0.7631
    - offset: -0.03525704
    - vertices: p220(v54) p137(v33) p925(v7)
    - neighboring facets: f134 f225 f232
- f228
    - flags: bottom simplicial
    - normal:   -0.6126  -0.4287    0.664
    - offset: -0.06368633
    - vertices: p726(v55) p137(v33) p132(v9)
    - neighboring facets: f234 f229 f232
- f229
    - flags: top simplicial
    - normal:        -1 -0.004087  0.00908
    - offset: -0.07221921
    - center: -0.07197626666666668 -0.008050145 0.02352526666666667 
    - vertices: p726(v55) p42(v30) p132(v9)
    - neighboring facets: f216 f228 f388
- f231
    - flags: top simplicial
    - normal:   -0.3082  -0.7618   0.5698
    - offset: -0.04602093
    - center: -0.07063443333333334 -0.0200654 0.01573090666666667 
    - vertices: p726(v55) p220(v54) p817(v16)
    - neighboring facets: f225 f387 f232
- f232
    - flags: bottom simplicial
    - normal:   -0.3603  -0.6478   0.6712
    - offset: -0.04955876
    - vertices: p726(v55) p220(v54) p137(v33)
    - neighboring facets: f226 f228 f231
- f233
    - flags: bottom simplicial
    - normal:   -0.1658  -0.2365   0.9574
    - offset: -0.03814325
    - vertices: p697(v56) p154(v17) p132(v9)
    - neighboring facets: f215 f234 f235
- f234
    - flags: top simplicial
    - normal:   -0.5455  -0.4283   0.7204
    - offset: -0.06032516
    - vertices: p697(v56) p137(v33) p132(v9)
    - neighboring facets: f228 f233 f235
- f235
    - flags: bottom simplicial
    - normal:   -0.1627  -0.4421   0.8821
    - offset: -0.03772751
    - vertices: p697(v56) p137(v33) p154(v17)
    - neighboring facets: f134 f233 f234
- f236
    - flags: top simplicial
    - normal:      0.38   0.8089  -0.4487
    - offset: -0.03671043
    - vertices: p783(v57) p580(v19) p717(v10)
    - neighboring facets: f337 f237 f238
- f237
    - flags: bottom simplicial
    - normal:    0.5244   0.3786  -0.7627
    - offset: -0.02589351
    - vertices: p783(v57) p195(v34) p717(v10)
    - neighboring facets: f145 f236 f238
- f238
    - flags: top simplicial
    - normal:    0.6793   0.5173  -0.5205
    - offset: -0.03105507
    - vertices: p783(v57) p195(v34) p580(v19)
    - neighboring facets: f243 f236 f237
- f242
    - flags: bottom simplicial
    - normal:    0.8499   0.2613  -0.4576
    - offset: -0.0358496
    - vertices: p383(v58) p55(v35) p195(v34)
    - neighboring facets: f145 f243 f311
- f243
    - flags: bottom simplicial
    - normal:      0.69   0.5232  -0.5002
    - offset: -0.03137084
    - vertices: p383(v58) p195(v34) p580(v19)
    - neighboring facets: f238 f244 f242
- f244
    - flags: top simplicial
    - normal:    0.7249   0.6469   0.2368
    - offset: -0.03399536
    - vertices: p383(v58) p960(v44) p580(v19)
    - neighboring facets: f343 f243 f245
- f245
    - flags: bottom simplicial
    - normal:    0.7119   0.5895   0.3818
    - offset: -0.03310577
    - vertices: p383(v58) p960(v44) p261(v25)
    - neighboring facets: f183 f316 f244
- f259
    - flags: bottom simplicial
    - normal:   0.03713   0.9758  -0.2154
    - offset: -0.03907738
    - vertices: p769(v62) p717(v10) p511(v3)
    - neighboring facets: f69 f334 f338
- f265
    - flags: bottom simplicial
    - normal:   -0.7587  -0.1346  -0.6374
    - offset: -0.06959985
    - vertices: p891(v63) p464(v39) p112(v11)
    - neighboring facets: f164 f268 f349
- f266
    - flags: bottom simplicial
    - normal:    0.1207  0.07084  -0.9902
    - offset: -0.01803277
    - vertices: p891(v63) p717(v10) p634(v6)
    - neighboring facets: f143 f348 f267
- f267
    - flags: bottom simplicial
    - normal:  -0.08993   0.5034  -0.8594
    - offset: -0.03175989
    - vertices: p891(v63) p472(v22) p717(v10)
    - neighboring facets: f78 f266 f269
- f268
    - flags: top simplicial
    - normal:   -0.8154   0.3352   -0.472
    - offset: -0.07176571
    - vertices: p891(v63) p74(v41) p112(v11)
    - neighboring facets: f173 f265 f269
- f269
    - flags: bottom simplicial
    - normal:    -0.729   0.4062   -0.551
    - offset: -0.06814316
    - vertices: p891(v63) p74(v41) p472(v22)
    - neighboring facets: f177 f267 f268
- f270
    - flags: top simplicial
    - normal:    0.4913   0.8401     0.23
    - offset: -0.03771427
    - vertices: p44(v64) p960(v44) p667(v8)
    - neighboring facets: f183 f272 f344
- f272
    - flags: bottom simplicial
    - normal:    0.2799   0.9496   0.1414
    - offset: -0.03882988
    - vertices: p44(v64) p539(v28) p667(v8)
    - neighboring facets: f127 f270 f345
- f277
    - flags: bottom simplicial
    - normal:    0.4082  -0.3072  -0.8596
    - offset: -0.02237393
    - vertices: p245(v65) p321(v46) p55(v35)
    - neighboring facets: f402 f353 f284
- f280
    - flags: bottom simplicial
    - normal:     0.323  -0.9444  0.06076
    - offset: -0.0393902
    - vertices: p266(v66) p117(v47) p172(v13)
    - neighboring facets: f370 f286 f281
- f281
    - flags: top simplicial
    - normal:    0.7429   -0.626   0.2371
    - offset: -0.03455515
    - vertices: p266(v66) p117(v47) p404(v26)
    - neighboring facets: f199 f282 f280
- f282
    - flags: bottom simplicial
    - normal:    0.7505  -0.6174   0.2357
    - offset: -0.03436416
    - vertices: p266(v66) p189(v45) p404(v26)
    - neighboring facets: f199 f281 f283
- f283
    - flags: bottom simplicial
    - normal:      0.77  -0.5954  -0.2294
    - offset: -0.03384107
    - vertices: p266(v66) p245(v65) p189(v45)
    - neighboring facets: f351 f282 f284
- f284
    - flags: top simplicial
    - normal:     0.737  -0.5909  -0.3281
    - offset: -0.03314206
    - vertices: p266(v66) p245(v65) p321(v46)
    - neighboring facets: f277 f287 f283
- f286
    - flags: bottom simplicial
    - normal:    0.2755  -0.9612 -0.01624
    - offset: -0.03923257
    - vertices: p924(v67) p266(v66) p172(v13)
    - neighboring facets: f280 f371 f287
- f287
    - flags: top simplicial
    - normal:    0.2875  -0.9243  -0.2511
    - offset: -0.03806797
    - vertices: p924(v67) p266(v66) p321(v46)
    - neighboring facets: f284 f360 f286
- f293
    - flags: bottom simplicial
    - normal:    0.4068  -0.2488    0.879
    - offset: -0.02277214
    - vertices: p173(v68) p729(v12) p925(v7)
    - neighboring facets: f80 f374 f295
- f295
    - flags: bottom simplicial
    - normal:    0.6892  -0.5573   0.4631
    - offset: -0.03295471
    - vertices: p173(v68) p117(v47) p729(v12)
    - neighboring facets: f198 f293 f375
- f296
    - flags: bottom simplicial
    - normal:   -0.1474   0.5241   0.8388
    - offset: -0.03652791
    - vertices: p316(v69) p550(v29) p200(v15)
    - neighboring facets: f217 f297 f298
- f297
    - flags: top simplicial
    - normal:   -0.1855   0.4461   0.8756
    - offset: -0.03848508
    - vertices: p316(v69) p551(v50) p200(v15)
    - neighboring facets: f302 f296 f381
- f298
    - flags: top simplicial
    - normal:   0.02487   0.1259   0.9917
    - offset: -0.03213214
    - vertices: p316(v69) p550(v29) p813(v4)
    - neighboring facets: f207 f300 f296
- f300
    - flags: bottom simplicial
    - normal:   -0.1511  -0.0247   0.9882
    - offset: -0.0372094
    - vertices: p316(v69) p799(v51) p813(v4)
    - neighboring facets: f213 f298 f383
- f302
    - flags: bottom simplicial
    - normal:    -0.263    0.419   0.8691
    - offset: -0.04340909
    - center: -0.07055776666666667 0.01233828 0.02264743333333333 
    - vertices: p986(v70) p551(v50) p200(v15)
    - neighboring facets: f297 f386 f380
- f306
    - flags: bottom simplicial
    - normal:   -0.1622    0.907   0.3886
    - offset: -0.03831797
    - vertices: p495(v71) p724(v32) p28(v14)
    - neighboring facets: f128 f307 f308
- f307
    - flags: top simplicial
    - normal:   -0.1673   0.9065   0.3877
    - offset: -0.03831582
    - vertices: p495(v71) p899(v53) p28(v14)
    - neighboring facets: f220 f306 f310
- f308
    - flags: bottom simplicial
    - normal:   -0.1291   0.7595   0.6375
    - offset: -0.03656478
    - vertices: p495(v71) p239(v52) p724(v32)
    - neighboring facets: f219 f306 f309
- f309
    - flags: top simplicial
    - normal:   -0.1337   0.7392   0.6601
    - offset: -0.03620592
    - vertices: p495(v71) p239(v52) p200(v15)
    - neighboring facets: f217 f310 f308
- f310
    - flags: bottom simplicial
    - normal:   -0.1509   0.7907   0.5934
    - offset: -0.03714277
    - vertices: p495(v71) p899(v53) p200(v15)
    - neighboring facets: f222 f309 f307
- f311
    - flags: top simplicial
    - normal:    0.9508   0.0907  -0.2963
    - offset: -0.03869058
    - vertices: p492(v72) p383(v58) p55(v35)
    - neighboring facets: f242 f354 f316
- f314
    - flags: bottom simplicial
    - normal:    0.9989  0.02811 -0.03869
    - offset: -0.04079116
    - vertices: p492(v72) p111(v24) p9(v2)
    - neighboring facets: f93 f352 f315
- f315
    - flags: bottom simplicial
    - normal:    0.9988  0.03196 -0.03707
    - offset: -0.04080119
    - vertices: p492(v72) p261(v25) p111(v24)
    - neighboring facets: f93 f314 f316
- f316
    - flags: bottom simplicial
    - normal:    0.9897   0.1391 -0.03474
    - offset: -0.04071864
    - vertices: p492(v72) p383(v58) p261(v25)
    - neighboring facets: f245 f315 f311
- f318
    - flags: bottom simplicial
    - normal:   -0.1814  -0.9409   0.2859
    - offset: -0.03898334
    - vertices: p749(v73) p293(v60) p925(v7)
    - neighboring facets: f365 f330 f326
- f321
    - flags: top simplicial
    - normal:   -0.1788  -0.9721  -0.1519
    - offset: -0.03923324
    - vertices: p700(v74) p781(v61) p377(v36)
    - neighboring facets: f395 f358 f392
- f322
    - flags: bottom simplicial
    - normal:   -0.1135  -0.7107  -0.6943
    - offset: -0.03446945
    - vertices: p700(v74) p281(v40) p558(v18)
    - neighboring facets: f169 f357 f391
- f326
    - flags: top simplicial
    - normal:   -0.1853  -0.9434   0.2751
    - offset: -0.03903141
    - vertices: p733(v75) p749(v73) p293(v60)
    - neighboring facets: f318 f403 f330
- f328
    - flags: top simplicial
    - normal:   -0.9704  -0.2374 -0.04355
    - offset: -0.07584758
    - center: -0.07181963333333333 -0.0251399 -0.004208246666666665 
    - vertices: p733(v75) p781(v61) p209(v1)
    - neighboring facets: f394 f407 f396
    - ridges:
- f329
    - flags: top simplicial
    - normal:   -0.1856  -0.9378   0.2933
    - offset: -0.03898864
    - center: -0.04815089266666667 -0.02900246666666667 0.009729470000000002 
    - vertices: p733(v75) p817(v16) p925(v7)
    - neighboring facets: f225 f330 f406
    - ridges:
- f330
    - flags: bottom simplicial
    - normal:   -0.1853  -0.9385   0.2912
    - offset: -0.03898097
    - vertices: p733(v75) p749(v73) p925(v7)
    - neighboring facets: f318 f329 f326
- f331
    - flags: top simplicial
    - normal:     0.177   0.9815 -0.07311
    - offset: -0.03924548
    - vertices: p693(v76) p769(v62) p47(v37)
    - neighboring facets: f341 f342 f334
- f333
    - flags: top simplicial
    - normal:   0.03595   0.9985  0.04043
    - offset: -0.03868423
    - vertices: p693(v76) p539(v28) p511(v3)
    - neighboring facets: f103 f334 f346
- f334
    - flags: bottom simplicial
    - normal:   0.04196   0.9988  0.02681
    - offset: -0.03875182
    - vertices: p693(v76) p769(v62) p511(v3)
    - neighboring facets: f259 f333 f331
- f337
    - flags: bottom simplicial
    - normal:     0.265   0.9156  -0.3024
    - offset: -0.03830319
    - vertices: p843(v77) p580(v19) p717(v10)
    - neighboring facets: f236 f338 f339
- f338
    - flags: top simplicial
    - normal:    0.2633   0.9167  -0.3006
    - offset: -0.03831394
    - vertices: p843(v77) p769(v62) p717(v10)
    - neighboring facets: f259 f337 f339
- f339
    - flags: bottom simplicial
    - normal:    0.2637   0.9166  -0.3005
    - offset: -0.03831254
    - vertices: p843(v77) p769(v62) p580(v19)
    - neighboring facets: f340 f337 f338
- f340
    - flags: top simplicial
    - normal:    0.2598   0.9301  -0.2597
    - offset: -0.03860769
    - vertices: p69(v78) p769(v62) p580(v19)
    - neighboring facets: f339 f343 f341
- f341
    - flags: bottom simplicial
    - normal:     0.226   0.9667  -0.1201
    - offset: -0.03914913
    - vertices: p69(v78) p769(v62) p47(v37)
    - neighboring facets: f331 f342 f340
- f342
    - flags: top simplicial
    - normal:     0.241   0.9702 -0.02396
    - offset: -0.0392827
    - vertices: p69(v78) p693(v76) p47(v37)
    - neighboring facets: f331 f341 f346
- f343
    - flags: bottom simplicial
    - normal:     0.636   0.7382   0.2251
    - offset: -0.03595045
    - vertices: p69(v78) p960(v44) p580(v19)
    - neighboring facets: f244 f340 f344
- f344
    - flags: bottom simplicial
    - normal:    0.5072   0.8335   0.2193
    - offset: -0.03759105
    - vertices: p69(v78) p44(v64) p960(v44)
    - neighboring facets: f270 f343 f345
- f345
    - flags: top simplicial
    - normal:     0.277   0.9525   0.1264
    - offset: -0.03881996
    - vertices: p69(v78) p44(v64) p539(v28)
    - neighboring facets: f272 f346 f344
- f346
    - flags: bottom simplicial
    - normal:    0.2678   0.9564   0.1167
    - offset: -0.03884919
    - vertices: p69(v78) p693(v76) p539(v28)
    - neighboring facets: f333 f345 f342
- f347
    - flags: top simplicial
    - normal:   0.07913 -0.07893  -0.9937
    - offset: -0.02042768
    - vertices: p409(v79) p464(v39) p634(v6)
    - neighboring facets: f165 f348 f349
- f348
    - flags: bottom simplicial
    - normal:   0.07041 -0.06099  -0.9957
    - offset: -0.02100917
    - vertices: p409(v79) p891(v63) p634(v6)
    - neighboring facets: f266 f347 f349
- f349
    - flags: top simplicial
    - normal:   0.05104 -0.07009  -0.9962
    - offset: -0.02234146
    - vertices: p409(v79) p891(v63) p464(v39)
    - neighboring facets: f265 f347 f348
- f350
    - flags: top simplicial
    - normal:    0.9403  -0.3373 -0.04501
    - offset: -0.03915081
    - vertices: p966(v80) p189(v45) p9(v2)
    - neighboring facets: f185 f352 f351
- f351
    - flags: top simplicial
    - normal:    0.9135  -0.3716  -0.1658
    - offset: -0.03804541
    - vertices: p966(v80) p245(v65) p189(v45)
    - neighboring facets: f283 f350 f353
- f352
    - flags: bottom simplicial
    - normal:    0.9852 -0.01243   -0.171
    - offset: -0.03996738
    - vertices: p966(v80) p492(v72) p9(v2)
    - neighboring facets: f314 f350 f354
- f353
    - flags: bottom simplicial
    - normal:    0.9651 -0.01688  -0.2614
    - offset: -0.03908132
    - vertices: p966(v80) p245(v65) p55(v35)
    - neighboring facets: f277 f354 f351
- f354
    - flags: top simplicial
    - normal:    0.9657 -0.007102  -0.2594
    - offset: -0.03908277
    - vertices: p966(v80) p492(v72) p55(v35)
    - neighboring facets: f311 f353 f352
- f357
    - flags: bottom simplicial
    - normal:  -0.07371  -0.7841  -0.6162
    - offset: -0.03591705
    - vertices: p255(v81) p700(v74) p558(v18)
    - neighboring facets: f322 f361 f358
- f358
    - flags: top simplicial
    - normal:   -0.1704  -0.9727  -0.1573
    - offset: -0.03921845
    - vertices: p255(v81) p700(v74) p377(v36)
    - neighboring facets: f321 f362 f357
- f360
    - flags: top simplicial
    - normal:    0.2532  -0.9261  -0.2797
    - offset: -0.03785725
    - vertices: p70(v82) p924(v67) p321(v46)
    - neighboring facets: f287 f400 f369
- f361
    - flags: bottom simplicial
    - normal:    0.1025  -0.9111  -0.3993
    - offset: -0.03713568
    - vertices: p70(v82) p255(v81) p558(v18)
    - neighboring facets: f357 f399 f362
- f362
    - flags: top simplicial
    - normal:  -0.02551  -0.9824  -0.1851
    - offset: -0.03870704
    - vertices: p70(v82) p255(v81) p377(v36)
    - neighboring facets: f358 f363 f361
- f363
    - flags: bottom simplicial
    - normal:  -0.01679  -0.9986  0.04935
    - offset: -0.03856744
    - vertices: p70(v82) p293(v60) p377(v36)
    - neighboring facets: f397 f362 f368
- f365
    - flags: top simplicial
    - normal:   -0.1239  -0.9599   0.2516
    - offset: -0.03910818
    - vertices: p324(v83) p293(v60) p925(v7)
    - neighboring facets: f318 f373 f368
- f368
    - flags: top simplicial
    - normal:  0.009732   -0.997  0.07617
    - offset: -0.0385102
    - vertices: p324(v83) p70(v82) p293(v60)
    - neighboring facets: f363 f365 f369
- f369
    - flags: bottom simplicial
    - normal:   0.05425  -0.9944  0.09068
    - offset: -0.03851962
    - vertices: p324(v83) p70(v82) p924(v67)
    - neighboring facets: f360 f372 f368
- f370
    - flags: top simplicial
    - normal:    0.1792  -0.9782   0.1044
    - offset: -0.03903705
    - vertices: p943(v84) p117(v47) p172(v13)
    - neighboring facets: f280 f371 f375
- f371
    - flags: bottom simplicial
    - normal:    0.1655   -0.981   0.1012
    - offset: -0.03896544
    - vertices: p943(v84) p924(v67) p172(v13)
    - neighboring facets: f286 f370 f372
- f372
    - flags: bottom simplicial
    - normal:   0.08614  -0.9893   0.1179
    - offset: -0.03858361
    - vertices: p943(v84) p324(v83) p924(v67)
    - neighboring facets: f369 f371 f373
- f373
    - flags: top simplicial
    - normal:    0.1012  -0.9682    0.229
    - offset: -0.03895268
    - vertices: p943(v84) p324(v83) p925(v7)
    - neighboring facets: f365 f374 f372
- f374
    - flags: bottom simplicial
    - normal:    0.3024  -0.7854   0.5402
    - offset: -0.03708695
    - vertices: p943(v84) p173(v68) p925(v7)
    - neighboring facets: f293 f373 f375
- f375
    - flags: top simplicial
    - normal:     0.379  -0.8043   0.4577
    - offset: -0.03786016
    - vertices: p943(v84) p173(v68) p117(v47)
    - neighboring facets: f295 f370 f374
- f379
    - flags: bottom simplicial
    - normal:   -0.6812    0.221   0.6979
    - offset: -0.06734768
    - center: -0.07147299999999999 0.004405038333333334 0.02534230000000001 
    - vertices: p701(v86) p986(v70) p42(v30)
    - neighboring facets: f384 f382 f380
- f380
    - flags: top simplicial
    - normal:   -0.3372   0.3595   0.8701
    - offset: -0.0480891
    - vertices: p701(v86) p986(v70) p551(v50)
    - neighboring facets: f302 f381 f379
- f381
    - flags: bottom simplicial
    - normal:   -0.1919   0.2789   0.9409
    - offset: -0.03952736
    - vertices: p701(v86) p316(v69) p551(v50)
    - neighboring facets: f297 f380 f383
- f382
    - flags: top simplicial
    - normal:   -0.1781 -0.003853    0.984
    - offset: -0.03893932
    - vertices: p701(v86) p799(v51) p42(v30)
    - neighboring facets: f216 f379 f383
- f383
    - flags: top simplicial
    - normal:   -0.1575 -0.00366   0.9875
    - offset: -0.03758278
    - vertices: p701(v86) p316(v69) p799(v51)
    - neighboring facets: f300 f382 f381
- f384
    - flags: top simplicial tested
    - normal:    -0.956  0.09062    0.279
    - offset: -0.07613158
    - center: -0.07197163333333331 0.007704485 0.0237562 
    - vertices: p626(v87) p986(v70) p42(v30)
    - neighboring facets: f379 f388 f386
- f385
    - flags: top simplicial tested
    - normal:   -0.9957  0.07165  0.05931
    - offset: -0.07390002
    - center: -0.07189513333333332 0.01908343333333333 0.01600419666666667 
    - vertices: p626(v87) p77(v31) p200(v15)
    - neighboring facets: f222 f386 f390
- f386
    - flags: bottom simplicial tested
    - normal:   -0.3754   0.4054   0.8335
    - offset: -0.05053495
    - center: -0.07188573333333333 0.01433343333333333 0.0212788 
    - vertices: p626(v87) p986(v70) p200(v15)
    - neighboring facets: f302 f385 f384
- f387
    - flags: top simplicial tested
    - normal:        -1 -0.0007136 0.002039
    - offset: -0.07203582
    - center: -0.07199553333333332 -0.0099031 0.01637807333333334 
    - vertices: p626(v87) p726(v55) p817(v16)
    - neighboring facets: f231 f406 f388
    - ridges:
- f388
    - flags: bottom simplicial tested
    - normal:        -1 -0.0007839 0.002563
    - offset: -0.07204642
    - center: -0.07198816666666666 -0.002056115 0.02219806666666667 
    - vertices: p626(v87) p726(v55) p42(v30)
    - neighboring facets: f229 f384 f387
- f390
    - flags: bottom simplicial tested
    - normal:        -1 0.001169 -0.00128
    - offset: -0.07198639
    - center: -0.07198840000000001 0.005029633333333333 0.006080796666666667 
    - vertices: p626(v87) p77(v31) p209(v1)
    - neighboring facets: f123 f407 f385
    - ridges:
- f391
    - flags: top simplicial
    - normal:   -0.1723  -0.8157  -0.5522
    - offset: -0.03752567
    - vertices: p904(v88) p700(v74) p281(v40)
    - neighboring facets: f322 f393 f392
- f392
    - flags: bottom simplicial
    - normal:   -0.1792  -0.8361  -0.5185
    - offset: -0.03800474
    - vertices: p904(v88) p700(v74) p781(v61)
    - neighboring facets: f321 f394 f391
- f393
    - flags: top simplicial
    - normal:   -0.2264  -0.8102  -0.5407
    - offset: -0.04087506
    - vertices: p904(v88) p281(v40) p209(v1)
    - neighboring facets: f168 f394 f391
- f394
    - flags: bottom simplicial
    - normal:   -0.2232  -0.8146  -0.5354
    - offset: -0.04068876
    - vertices: p904(v88) p781(v61) p209(v1)
    - neighboring facets: f328 f393 f392
- f395
    - flags: bottom simplicial
    - normal:   -0.1871   -0.982  -0.0253
    - offset: -0.03928934
    - vertices: p598(v89) p781(v61) p377(v36)
    - neighboring facets: f321 f397 f396
- f396
    - flags: bottom simplicial
    - normal:   -0.1909  -0.9815  0.01431
    - offset: -0.03929706
    - vertices: p598(v89) p733(v75) p781(v61)
    - neighboring facets: f328 f395 f405
- f397
    - flags: top simplicial
    - normal:  -0.04164  -0.9979  0.04982
    - offset: -0.03870314
    - vertices: p598(v89) p293(v60) p377(v36)
    - neighboring facets: f363 f395 f404
- f399
    - flags: bottom simplicial
    - normal:    0.1562  -0.8938  -0.4205
    - offset: -0.03673059
    - vertices: p498(v90) p70(v82) p558(v18)
    - neighboring facets: f361 f401 f400
- f400
    - flags: top simplicial
    - normal:    0.1905  -0.8879  -0.4187
    - offset: -0.03662302
    - vertices: p498(v90) p70(v82) p321(v46)
    - neighboring facets: f360 f402 f399
- f401
    - flags: top simplicial
    - normal:    0.3385  -0.2342  -0.9114
    - offset: -0.02000786
    - vertices: p498(v90) p55(v35) p558(v18)
    - neighboring facets: f144 f399 f402
- f402
    - flags: top simplicial
    - normal:    0.3953   -0.298  -0.8689
    - offset: -0.02193679
    - vertices: p498(v90) p321(v46) p55(v35)
    - neighboring facets: f277 f401 f400
- f403
    - flags: top simplicial
    - normal:   -0.1856  -0.9782  0.09303
    - offset: -0.03916966
    - vertices: p476(v91) p733(v75) p293(v60)
    - neighboring facets: f326 f404 f405
- f404
    - flags: bottom simplicial
    - normal:   -0.1668  -0.9827  0.08092
    - offset: -0.03913825
    - vertices: p476(v91) p598(v89) p293(v60)
    - neighboring facets: f397 f403 f405
- f405
    - flags: top simplicial
    - normal:   -0.1872  -0.9802  0.06443
    - offset: -0.03921214
    - vertices: p476(v91) p598(v89) p733(v75)
    - neighboring facets: f396 f403 f404
- f406
    - flags: bottom simplicial tricoplanar keepcentrum
    - owner of normal & centrum is facet f406
    - normal:        -1        0       -0
    - offset:     -0.072
    - center: -0.07199999999999999 -0.015266475 0.0062068275 
    - vertices: p626(v87) p733(v75) p817(v16)
    - neighboring facets: f329 f387 f407
- f407
    - flags: top simplicial tricoplanar
    - owner of normal & centrum is facet f406
    - normal:        -1        0       -0
    - offset:     -0.072
    - center: -0.07199999999999999 -0.015266475 0.0062068275 
    - vertices: p626(v87) p733(v75) p209(v1)
    - neighboring facets: f328 f390 f406
