3
1000 166 249
0.12587 0.0273365 -0.0606228 
0.203767 0.0488746 -0.0746738 
0.182067 0.029241 -0.0576585 
0.084463 0.0063713 -0.036 
0.00283333 0.0026262 -0.023958 
0.20745 0.0382286 -0.077 
0.117972 0.0278175 -0.0610804 
0.143607 0.0211305 -0.077 
0.113073 -0.0309565 -0.0509683 
0.179389 0.0507832 -0.06900000000000001 
0.12775 0.0128005 0.00059282 
0.00634708 0.0123566 0.0116373 
0.160696 -0.0260839 -0.077 
0.0236871  0.035 -0.00431033 
0.0264258 0.029911 -0.0113251 
0.128758 -0.00281302 -0.0069497 
0.0735093 -0.015938 -0.041 
0.180461 -0.0371342 -0.0663914 
0.0476895 0.0171495 -0.0381423 
0.0350764 -0.000571606 -0.06900000000000001 
-0.00500659 -0.0250941 -0.00842321 
0.0155175 -0.028845 -0.00986039 
0.178407 -0.036395 -0.06900000000000001 
0.0253461 0.008144820000000001 0.00842475 
0.0948007 -0.0418888 -0.0732027 
0.173577 0.0496667 -0.07544820000000001 
0.226274 -0.0227444 -0.06578920000000001 
0.247425 -0.0150131 -0.0619208 
0.0168026 -0.0249723 -0.00588085 
0.0150645 -0.0201142 -0.0619064 
0.046173 0.0474005 -0.077 
0.0609199 -0.0195732 -0.06281100000000001 
0.0759976 -0.0238397 -0.073 
0.124557 0.00712196 -0.06900000000000001 
0.146591 -0.0203816 -0.06900000000000001 
0.119586 0.00597375 -0.06900000000000001 
0.0049864 -0.0324466 -0.0129845 
0.0864038 0.0036291 -0.07411619999999999 
0.104721 0.017966 -0.041 
-0.0156901 0.0054155 -0.0166406 
0.0666742 0.0499027 -0.064 
0.12775 0.00968392 -0.0166301 
0.0177046 -0.0275775 -0.06537080000000001 
0.0264305 0.0314131 -0.0130798 
0.01425 -0.0155787 -0.0233018 
0.141856 -0.00286004 -0.0620937 
0.0895045 0.00202251 -0.077 
0.00967499 -0.0227981 -0.00504564 
0.0160617 0.0244058 -0.00136444 
0.0693556 -0.053 -0.0697122 
0.06840019999999999 -0.0344307 -0.07386330000000001 
0.102563 0.0364382 -0.0537736 
0.0331906 0.00517456 -0.066 
0.108719 -0.0328571 -0.0618465 
0.192925 -0.0381964 -0.073 
0.0582935 -0.0365178 -0.0289801 
0.0170148 -0.0198858 -0.021 
0.01395 0.0119932 0.0213867 
0.20141 -0.0324826 -0.0594697 
0.146028 0.0270066 -0.064 
0.223975 -0.02887 -0.0660616 
0.0413921 -0.053 -0.07306559999999999 
0.0696383 -0.011051 -0.041 
0.205845 -0.0407664 -0.0676311 
0.0515626 0.00173945 -0.0629424 
0.0181082 -0.035 -0.00570495 
0.0578194 -0.00378178 -0.036 
0.0750272 -0.0215443 -0.06900000000000001 
0.242218 0.00761675 -0.0587158 
0.00848555 0.0100025 0.0224639 
0.0206972 -0.00458931 -0.0215416 
0.238566 0.0509425 -0.0600834 
0.126486 -0.0471372 -0.077 
0.112616 -0.0201802 -0.0748612 
0.259907 0.00107838 -0.0587943 
0.00275 0.00752028 0.0240559 
0.267786 0.0238406 -0.0463853 
0.0141392 -0.0211638 -0.06439540000000001 
0.0382371 -0.0341751 -0.0139795 
-0.0222311 -0.00592673 0.0190358 
0.155897 0.008213949999999999 -0.0756844 
0.186767 0.0522869 -0.0642268 
0.00275 -0.0153407 0.024357 
0.264278 -0.0392982 -0.0433253 
0.0331435 -0.0434993 -0.077 
0.0251296 -0.00224806 0.00943866 
0.0413669 -0.053 -0.06848750000000001 
0.039427 -0.000450931 -0.06900000000000001 
0.0383438 -0.0110709 -0.064 
0.200398 -0.00181092 -0.0766521 
0.175865 -0.0230882 -0.0752099 
0.00495 0.0150925 -0.0152406 
0.177066 -0.00254446 -0.0559145 
0.00515 -0.0325021 0.0106931 
0.0255065 0.008058839999999999 -0.009589439999999999 
0.0361331 0.0310657 -0.077 
0.00604737 0.0226007 0.0181663 
0.14612 0.0318162 -0.07599119999999999 
0.203111 0.00393046 -0.06858309999999999 
0.0116068 -0.00270854 -0.0255033 
0.106713 -0.00815488 -0.0362562 
0.0256702 -0.0101484 0.0205675 
0.2237 -0.0424428 -0.06611160000000001 
0.127322 0.0331895 -0.077 
0.0472255 -0.053 -0.0725558 
0.0243361 0.011407 -0.00507886 
0.0554294 -0.0322252 -0.0357083 
0.0526872 -0.0210357 -0.0410099 
0.029952 0.0216453 -0.0351541 
0.085525 0.0232443 -0.0617251 
0.173109 0.00895658 -0.077 
0.0180374 0.0454868 -0.0628972 
0.226304 0.0130883 -0.0723539 
0.07758619999999999 0.000755702 -0.036 
0.0114383 0.0154047 -0.00756545 
0.0169954 0.0190132 -0.0218726 
0.23635 -0.00897705 -0.0607848 
-0.008788499999999999 -0.0139117 0.02252 
0.122317 -0.0325109 -0.0767737 
0.14104 0.0467702 -0.077 
0.070294 0.00546743 -0.0757019 
0.00515 -0.0202398 -0.0251479 
0.21663 -0.0305366 -0.0605586 
0.167597 0.01559 -0.064 
0.263366 -0.0353077 -0.0499074 
0.13775 0.00181331 0.00108125 
0.0331668 -0.030755 -0.0186994 
0.186815 -0.053 -0.07605489999999999 
0.0413687 0.008080820000000001 -0.036 
0.0116931 -0.0237456 -0.0223527 
0.0170127 0.0219826 -0.0187665 
0.0756361 -0.0218637 -0.06900000000000001 
0.0191475 -0.0194473 -0.0655975 
0.219724 -0.0355473 -0.0607008 
0.107471 0.00264055 -0.06900000000000001 
0.0243772 0.0111866 0.0195067 
0.126555 0.0429707 -0.066 
0.22703 0.010296 -0.0656424 
-0.0183554 -0.000714319 0.0156689 
0.261137 0.00462716 -0.0494265 
0.104785 0.0340639 -0.0545408 
-0.00902391 -0.0180759 -0.0193261 
0.00515 -0.0128055 0.0228704 
0.249751 0.0512969 -0.0752256 
0.121439 -0.0271681 -0.0547932 
0.163064 -0.00936351 -0.064 
0.060176 0.0184371 -0.0682323 
0.238745 0.0020062 -0.0569782 
0.249907 -0.00296393 -0.0581622 
-0.0338063 0.00552959 -0.0177138 
0.020684 -0.0283539 0.0120824 
0.140412 -0.0234102 -0.0687741 
0.139331 -0.0365081 -0.066 
0.0610721 -0.0181478 -0.0599616 
0.041308 0.0152711 -0.064 
0.181025 -0.0381275 -0.077 
0.16609 0.00445821 -0.066 
0.0154304 -0.0236497 0.0214063 
0.0520944 -0.053 -0.0659172 
0.0221726 -0.00354514 -0.012021 
0.0149219 -0.0417498 -0.0753287 
0.0197695 0.0345042 -0.0625747 
0.154272 0.00378914 -0.077 
0.199073 0.0262656 -0.0680989 
0.217629 0.0453121 -0.0742992 
0.196763 -0.0307304 -0.06900000000000001 
0.140714 -0.0493997 -0.0737275 
0.0598898 -0.0225081 -0.06900000000000001 
0.107225 -0.0374078 -0.06900000000000001 
0.0558548 0.0328255 -0.066 
0.0659319 -0.0159137 -0.036 
0.0252959 -0.031136 -0.0176468 
0.02625 -0.00651961 0.0212972 
0.02025 0.00530805 0.0235033 
0.216856 -0.0113564 -0.0752907 
0.0961989 -0.0367374 -0.0480014 
0.100805  -0.05 -0.0673531 
0.234999 -0.0418669 -0.0611775 
0.269038 0.00307512 -0.0454876 
0.187109 0.00311224 -0.077 
0.08603619999999999 -0.00580325  -0.06 
0.0375753 -0.00866511 -0.038 
0.00876211 -0.0163954 0.00503122 
0.00095 0.0159015 -0.0144573 
0.010306 0.00208977 -0.0231397 
0.188688 -0.035177 -0.0768655 
0.12539 -0.00479264 -0.064 
0.0334594 -0.0241104 -0.0359653 
0.0654792 -0.0435498 -0.0758253 
0.0222175 -0.0266806 -0.0205613 
0.0153176 0.0330085 -0.0115904 
0.0769851 0.0291861 -0.0419959 
0.06340610000000001 0.0104303 -0.0477554 
0.028133 0.000202228 -0.06900000000000001 
0.00275 0.000766529 0.0289771 
0.117113 -0.032144 -0.0479047 
0.08615100000000001 -0.0333131 -0.0432385 
0.211254 -1.92237e-05 -0.077 
0.230235 0.0377417 -0.0758828 
0.202655 -0.00232116 -0.0575897 
0.0066726 0.0237192 -0.0608047 
0.0816061 -0.00991918 -0.041 
0.221564 -0.00752052 -0.0662552 
0.180358 -0.0449122 -0.06900000000000001 
0.174489 0.0220412 -0.06345629999999999 
0.0480052 -0.0400618 -0.064 
-0.0163919 -0.00340732 -0.0247019 
0.136408 -0.0104819 -0.00188086 
0.14222 -0.0142611 -0.064 
0.135618 0.0154431 -0.06884750000000001 
0.167743 0.045504 -0.073902 
0.220557 0.0211172 -0.077 
0.233605 -0.0412273 -0.0616047 
0.0156202 -0.005095 0.0299975 
0.205782 0.0374294 -0.0681479 
0.137121 -0.0275301 -0.0669821 
-0.0162179 0.0114524 0.0237873 
0.13858 -0.0042278 -0.00370229 
0.105727 -0.0173983 -0.064 
0.268251 0.0144048 -0.0520957 
0.0576504 0.0335424 -0.0456021 
0.122482 -0.00201712 -0.077 
0.142846 0.0399032 -0.064 
0.120649 -0.00193319 -0.064 
0.221993 0.0112613 -0.0662362 
0.109522 0.0513597 -0.064 
0.0214252 0.00212954 0.0171775 
0.02025 -0.0142047 0.018708 
0.0468446 0.0156933 -0.066 
0.270228 0.00217336 -0.0473076 
0.0168026 -0.0111039 0.0245473 
0.127913 -0.00453137 -0.0110681 
0.174679 -0.028539 -0.07441639999999999 
0.0800225 0.0358307 -0.0328251 
0.226539 -0.0323732 -0.0560515 
0.251747 0.0292418 -0.068925 
0.0782742 -0.0319388 -0.0574538 
0.23428 0.0313233 -0.07562969999999999 
0.12775 0.0053306 0.01145 
0.00556314 -0.0237889 0.0229784 
-0.0128914 -0.0107165 0.0225186 
0.176307 0.0018807 -0.06900000000000001 
-0.0192443 -0.0163085 -0.0109256 
0.162581 -0.0130586 -0.066 
-0.0185946 0.0180666 -0.00175116 
0.038559 0.0351653 -0.0237711 
0.0739462 0.00720302 -0.036 
0.0819616 0.0303577 -0.0415 
0.184169 0.0245251 -0.0575981 
0.0503961 0.0361386 -0.0243936 
0.203127 -0.0422622 -0.06900000000000001 
0.102318 -0.0405197 -0.0673822 
0.263277 0.0322153 -0.0512936 
0.148409 -0.009827229999999999 -0.064 
0.126181 0.0152752 -0.0325022 
0.0216487 0.0124449 -0.0185986 
0.241889 -0.0201294 -0.0618296 
0.0802929 -0.0134514 -0.0608653 
0.0781443 0.0306377 -0.0331647 
0.133868 -0.0108807 -0.00503006 
0.213986 0.0363543 -0.077 
0.0918906 -0.00642135 -0.06900000000000001 
-0.0169515 0.0169676 -0.0183309 
0.16329 0.0416622 -0.06662029999999999 
0.134849 0.00839556 -0.0335886 
0.000110658 0.00952472 -0.0588094 
0.02025 0.0143037 0.0139163 
0.08101609999999999 0.0412202 -0.066 
0.138183 0.0320934 -0.064 
0.184115 -0.020708 -0.064 
0.148335 -0.0349043 -0.064 
0.128066 -0.0246408 -0.06900000000000001 
0.190656 -0.00340942 -0.0660044 
0.127782 0.0421702 -0.066 
0.127762 -0.00253336 -0.0114716 
0.023277 0.00037041 -0.0321896 
0.0159603 -0.0133997 -0.0108319 
0.176521 0.0505569 -0.06900000000000001 
0.185237 -0.00657505 -0.07519149999999999 
0.197044 -0.0438847 -0.06817380000000001 
0.260535 -0.0468322 -0.0571767 
0.0167952 -0.00747947 -0.0665842 
0.197537 -0.00236582 -0.0533891 
0.158469 -0.0278653 -0.077 
0.0234667 0.00496251 0.0153858 
0.127476 -0.0156624 -0.041 
0.123553 0.0121566 -0.06900000000000001 
0.235188 0.00135866 -0.07191930000000001 
-0.0346 -0.00167476 0.0151758 
0.0802826 0.0308811 -0.0476096 
0.02125 -0.013443 -0.0269563 
0.0678077 0.0169502 -0.064 
0.0336463 -0.00810904 -0.064 
0.02625 -0.0227769 0.0074326 
0.103324 -0.0459049 -0.066 
0.253868 0.0141548 -0.0581186 
0.0381315 -0.0389168 -0.077 
0.0113402 -0.0278293 0.0121024 
0.136825 0.0104151 -0.06617439999999999 
0.219269 -0.0289009 -0.0687624 
0.122828 0.0017906 -0.042478 
-0.0193636 0.00180496 -0.0148289 
0.207557 0.0398136 -0.077 
0.23283 0.0335439 -0.0561526 
0.081834 -0.00425876 -0.06900000000000001 
0.0260966 0.0191121 -0.0339111 
0.196924 0.0463146 -0.0677869 
0.0618568 -0.00665369 -0.06900000000000001 
0.0730066 -0.0423464 -0.066 
0.0374095 -0.0329075 -0.07604320000000001 
-0.00946819 0.0160254 -0.0190951 
0.127664 0.0162883 -0.0606348 
0.0618355 0.00128825 -0.0606183 
0.0448697 -0.0257494 -0.06895270000000001 
0.169985 0.0217302 -0.0664754 
0.109756 0.0437531 -0.077 
0.104337  0.053 -0.0764662 
0.00230966 0.0132848 -0.008867740000000001 
0.0223179 0.0162516 0.000627397 
0.233415 0.0401751 -0.061592 
0.133509 -0.0238176 -0.06628879999999999 
0.00495 0.0219269 0.00706366 
0.00771989 0.0265803 0.0220556 
0.0447422 0.0228204 -0.066 
0.02625 0.0119569 0.0133541 
0.166885 0.0186753 -0.064 
0.0168885 -0.03235 -0.0675502 
0.0384742 0.0015 -0.0577656 
0.120108 0.0052372 -0.064 
0.0174833 0.00395701 0.0223806 
0.112065 0.0195324 -0.036 
0.0329453 -0.0154009 -0.0354261 
0.08699030000000001 0.008505169999999999 -0.064 
0.259577 -0.000878637 -0.0542421 
0.225472 -0.00618747 -0.0633461 
0.188783 0.0253802 -0.0616183 
0.154702 0.018042 -0.0674844 
0.08382779999999999 0.00467885 -0.064 
0.128435 0.00589853 -0.00462013 
0.0349203 -0.0398357 -0.06900000000000001 
0.0173749 -0.014693 0.008265089999999999 
0.187745 0.0437472 -0.0739865 
0.01725 0.0218449 0.0198671 
0.192471 -0.0122922 -0.0676911 
0.207821 0.0443786 -0.077 
0.0319566 -0.053 -0.0675172 
0.0454074 0.0394545 -0.066 
0.135756 -0.0368241 -0.077 
0.0170367 0.0334225 0.0102118 
0.243201 0.0154696 -0.07410659999999999 
0.0204147 -0.0250848 -0.0145302 
0.0476079 0.00794185 -0.066 
0.07018580000000001 0.0378511 -0.0769937 
0.058413 -0.00823261 -0.073 
0.0618634 -0.00148144 -0.0633913 
0.193314 0.00485621 -0.077 
0.103326 0.0343582 -0.0615347 
0.0517253 -0.0509755 -0.064 
0.256736 -0.00987828 -0.0718307 
0.222772 0.0428037 -0.06611640000000001 
-0.0145916 -0.0157246 0.00255487 
0.27196 -0.0255993 -0.0481878 
0.0863896 -0.0379722 -0.0355431 
0.23031 -0.0201174 -0.0717037 
0.0740328 0.0181786 -0.041 
0.264801 -0.0104 -0.0461087 
0.226738 -0.00329025 -0.0654091 
0.143855 -0.0170002 -0.077 
0.04248 -0.0224848 -0.066 
0.1301 -0.043019 -0.066 
0.0170306 0.0162296 -0.00597627 
0.00734313 0.0250054 -0.00444979 
0.0696133 -0.0328719 -0.0683342 
0.018046 0.0205948 0.0132528 
0.0408325 -0.0312897 -0.0157332 
0.00278883 0.0241588 0.0218464 
0.0191578 0.0225985 -0.00378979 
0.0192481 -0.0115235 -0.0150826 
0.154141 0.0423972 -0.064 
0.108852 0.00347266 -0.0367498 
0.07832790000000001 -0.0465498 -0.064 
0.172386 0.0025853 -0.0610245 
0.242752 -0.0329403 -0.06388779999999999 
0.132745 -0.00380356 0.0110902 
0.149467 -0.0240361 -0.0663916 
0.0580238 0.0192905 -0.066 
0.124172 0.052942 -0.06520860000000001 
-0.00770688 0.00488137 0.0245185 
0.137608 -0.0219251 -0.073 
0.01525 0.031899 -0.0107398 
0.153169 -0.0108402 -0.064 
0.252642 -0.0489049 -0.0531874 
0.07799250000000001 -0.0239524 -0.06900000000000001 
0.269601 0.00773275 -0.0553042 
0.0546973 -0.0351614 -0.0235606 
0.0123715 -0.0301766 -0.0608695 
0.0168026 -0.0258782 -0.0058825 
0.00275 0.016756 -0.0231132 
0.225311 0.0169586 -0.0682793 
0.0642103 0.012643 -0.06353540000000001 
0.191546 -0.00674621 -0.077 
0.219471 0.0480598 -0.0664353 
0.148014 0.0101812 -0.066 
0.00647191 -0.0110449 -0.0332017 
0.02025 -0.0212438 -0.0105739 
0.143042 0.0280856 -0.066 
0.01855 0.0135171 0.00474524 
0.114677 0.0172746 -0.064 
0.0217471 0.0197802 -0.0317406 
0.208721 -0.031076 -0.06900000000000001 
0.0190732 -0.0140263 -0.00454947 
0.105838 -0.00145526 -0.06900000000000001 
0.158681 -0.053 -0.071488 
0.115364 0.015789 -0.036 
0.00670737 0.0159078 -0.031172 
-0.0184617 -0.00471566 -0.0172953 
0.015956 -0.019441 -0.0166234 
0.261205 -0.0387222 -0.0578936 
0.0738074 0.00564465 -0.06900000000000001 
0.12775 0.0138844 -0.00780931 
0.0439457 -0.0285355 -0.06900000000000001 
0.167181 0.0186566 -0.0736406 
0.037862 -0.046016 -0.066 
-0.0188636 0.0246554 0.00391285 
0.066258 -0.00374771 -0.036 
0.209362 0.0520911 -0.06900000000000001 
-0.0273125 -0.0189164 -0.000997073 
0.127531 -0.00907753 -0.06900000000000001 
0.0349045 0.0392761 -0.0734394 
0.166782 0.006035 -0.073 
0.00495 -0.0171128 0.0155467 
0.229461 0.0149 -0.0627303 
0.0598245 0.0108709 -0.06900000000000001 
0.191982 -0.0524579 -0.077 
0.00375 0.009710649999999999 -0.0173701 
-0.00125 0.011131 -0.0570995 
0.0877756 -0.0144118 -0.06784 
0.134598   0.05 -0.0667437 
0.13809 0.00670606 -0.06746829999999999 
0.119689 -0.0257124 -0.06900000000000001 
0.141611 -0.0293206 -0.0668768 
0.222894 0.0428188 -0.0635472 
-0.0122781 0.0199529 0.0196825 
0.063863  0.053 -0.0746655 
0.00515 -0.025902 -0.00315445 
0.0918682 -0.0497084 -0.06900000000000001 
0.194252 -0.0115897 -0.0735758 
0.01525 -0.0164501 -0.026041 
-0.0254537 0.00667607 0.0163726 
0.157364 0.0495659 -0.06900000000000001 
0.0319501 -0.00184679 -0.0662872 
0.216843 0.0260589 -0.0639928 
0.0192904 0.0209568 0.0279781 
0.194668 -0.032888 -0.06386940000000001 
0.187457 -0.0134944 -0.066 
0.0210126 0.0113982 -0.0134116 
0.224615 -0.01996 -0.077 
0.21525 0.0133584 -0.06841079999999999 
0.015961 -0.00847064 0.0292174 
0.247067 -0.0300285 -0.0596828 
0.23349 0.0287912 -0.07295599999999999 
0.135116 0.0108307 -0.0556514 
0.021304 0.0328168 0.00333336 
-0.0342176 -0.00771155 -0.0159505 
0.232484 -0.038509 -0.064577 
0.260746 -0.0179525 -0.0510125 
0.037602 0.0297292 -0.0347544 
0.0658306 -0.0336499 -0.066 
0.0818295 -0.0338615 -0.06900000000000001 
0.15054 -0.0220413 -0.06900000000000001 
0.08197359999999999 -0.0204722 -0.0700445 
0.245742 -0.0527445 -0.0748361 
0.0130382 -0.0457983 -0.065446 
0.154479 0.0522967 -0.06900000000000001 
0.203791 0.0175278 -0.066 
0.131976 0.0186523 -0.0732729 
0.02625 -0.0190018 -0.00701633 
0.114188 -0.00357288 -0.041 
0.061317 -0.0383124 -0.066 
0.0214838 -0.0054532 -0.0160483 
0.141706 -0.0342026 -0.064 
0.0155022 -0.0302256 -0.00353907 
0.0565352 -0.000304572 -0.0472479 
0.0844521 -0.0236965 -0.0609876 
0.087298 -0.0112114 -0.064 
0.193901 0.0298915 -0.077 
0.0307899 0.0149079 -0.0349731 
0.02025 0.00351999 -0.0198225 
0.0881237 0.0361561 -0.0480405 
0.0404283 -0.0120137 -0.038 
0.0711007 -0.0416046 -0.077 
0.243954 0.0228347 -0.0622693 
0.115969 -0.00246453 -0.0730232 
0.262641 -0.0120673 -0.0482044 
0.0316673 0.0122118 -0.064 
0.00977739 -0.0238333 -0.0227182 
0.0993748 0.0415741 -0.06607970000000001 
0.127163 0.00686258 -0.077 
0.0064695 0.00852289 -0.0146723 
0.19719 -0.0228809 -0.066 
0.121644 -0.0480879 -0.06810090000000001 
0.124062 -0.0427602 -0.066 
0.0804107 -0.0164528 -0.0640111 
0.00689645 0.0214043 0.0226676 
0.25702 -0.0189039 -0.0548413 
0.0645852 -0.0148102 -0.042 
0.0202625 0.00164434 0.0142909 
0.100118 -0.0398396 -0.0573708 
0.0685564 -0.0180974 -0.036 
0.191764 0.0172445 -0.0762374 
0.0739076 -0.0264844 -0.0580801 
0.010303 -0.00900923 -0.0166706 
0.0600467 -0.0125169 -0.0475354 
0.0101989 -0.0176961 -0.0597685 
0.240459 -0.00713618 -0.0619582 
0.101475 -0.0363505 -0.0582281 
0.0145139 0.0204647 0.0152893 
0.0438203 -0.0421429 -0.0689192 
0.135876 -0.0146291 0.00758001 
0.201335   0.05 -0.06689829999999999 
0.199584 -0.0495226 -0.0745827 
0.115605 0.0524617 -0.0643551 
0.146716 0.0122436 -0.066 
0.138347 -0.0256835 -0.0670825 
0.173972 -0.0284785 -0.07329430000000001 
0.00275 0.0270251 -0.00407307 
0.244512 -0.00195588 -0.0544076 
-0.0159036 -0.0125434 -0.020734 
0.00275 -0.0155899 -0.028919 
0.0467041 0.0293384 -0.0666841 
0.206654 0.0420188 -0.064 
0.0286744 -0.0156149 -0.073 
0.0440007 0.0373954 -0.077 
0.0502244 0.0139787 -0.064 
0.0206189 0.00745904 0.0280086 
0.122975 -0.009229619999999999 -0.06900000000000001 
0.01725 0.00687323 0.0291329 
0.128249 0.0362063 -0.064 
0.01525 0.0102911 -0.033056 
0.00565 0.0202496 0.00198798 
0.130909 -0.0330922 -0.064 
0.0554359 0.0260258 -0.06900000000000001 
0.0330758 0.0204078 -0.0387231 
0.191664 0.012778 -0.068282 
0.196248 -0.00706758 -0.064 
0.218768 0.0336253 -0.0689708 
0.0161459 -0.0247484 0.017724 
0.0160748 0.0261244 -0.008815419999999999 
-0.000275763 -0.00729151 -0.0584293 
0.0274534 -0.00285988 -0.0340332 
-0.0284975 0.00361231 0.0186454 
0.257528 0.0138953 -0.0527842 
0.246098 0.000143136 -0.0622794 
0.133354 -0.0148429 -0.06900000000000001 
0.0208228 -0.000359461 0.034773 
0.165393  0.053 -0.0679419 
-0.0204312 0.00513957 0.0140122 
0.228995 -0.0486384 -0.0765377 
0.00654111 0.0165618 0.00360781 
0.164794 0.0363265 -0.06735339999999999 
-0.033003 0.0187016 -0.00331657 
0.242367 -0.0393364 -0.0519521 
0.0862798 -0.0253847 -0.06900000000000001 
0.00778675 -0.00654698 0.015635 
0.24751 0.0281179 -0.0592875 
0.0888473 0.0347302 -0.06900000000000001 
-0.00125 0.0197186 -0.0558535 
-0.0227824 0.00249109 0.0182745 
0.0801226 0.0140873 -0.0601973 
0.116583 -0.0345104 -0.0546892 
0.09195299999999999 0.0114897 -0.0379887 
0.09430669999999999 0.0238204 -0.06900000000000001 
0.143263 -0.0386456 -0.0661316 
0.00390826 -0.0062652 0.0313504 
0.235292 -0.00634793 -0.077 
0.0165501 -0.027792 -0.0125502 
0.19263 0.0374556 -0.064 
0.0212732 -0.00382955 0.0246277 
0.257735 0.0016883 -0.0556501 
0.0434924 0.0107715 -0.066 
0.0105825 0.0234354 -0.00256595 
0.00541639 -0.0325236 -0.0124986 
0.154081 -0.0453806 -0.073728 
0.26684 -0.0380443 -0.0478952 
0.0119451 0.00361747 0.0168183 
0.124164 -0.0225538 -0.0452343 
-0.0127225 0.0132931 -0.0210953 
0.256269 0.0428369 -0.054265 
0.180711 -0.0303123 -0.0638059 
0.0883955 0.049123 -0.064 
0.11241 0.0367182 -0.0599782 
0.178986 0.0499998 -0.064 
0.0576856 0.0355793 -0.0249494 
0.210869 -0.00163703 -0.0750926 
0.0582637 -0.013847 -0.06788810000000001 
0.09777719999999999 0.0384846 -0.0386892 
0.0112747 -0.018895 -0.00125575 
0.0514729 0.0443204 -0.064 
0.0234587 -0.0132797 0.0211653 
0.0116516 -0.0222633 -0.0605005 
0.265401 0.0073649 -0.0420544 
0.16838 -0.022707 -0.0547585 
0.196676 -0.0334654 -0.066 
0.134765 -0.00957505 -0.00721963 
0.0119932 -0.00600933 -0.0313871 
0.06411890000000001 -0.0124929 -0.0601801 
-0.010464 0.008412680000000001 0.0234903 
0.0160873 -0.0185312 -0.0241567 
0.198043 -0.0023614 -0.0670982 
0.202786 0.0133246 -0.066 
0.149516 -0.0199046 -0.0540769 
0.148036 -0.0199086 -0.0752908 
0.00495 -0.00723744 0.018202 
0.0768031 -0.009225860000000001 -0.077 
0.0207635 -0.00105622 0.0133113 
0.204332 -0.0150529 -0.066 
0.219966 -0.046294 -0.0664257 
0.07756059999999999 -0.0298617 -0.046432 
0.0833745 -0.0115217 -0.064 
0.191191 0.0526392 -0.0689627 
0.0130915 0.0153564 -0.0718217 
0.0866701 0.0414971 -0.064 
0.249046 -0.0224458 -0.0551988 
0.253854 0.0436771 -0.071455 
0.0166486 0.0273929 0.00301828 
0.182557 0.0439611 -0.06900000000000001 
0.0402359 -0.030626 -0.0572223 
0.00515 -0.00508749 0.0291687 
0.00095 -0.0105191 0.0190949 
-0.0346 0.003858 -0.00518327 
0.155193 0.0133589 -0.0764328 
0.133545 0.008006950000000001 0.00873466 
0.0353125 -0.0387601 -0.07307420000000001 
0.0448746  0.053 -0.07077079999999999 
0.106278 0.0253128 -0.07691530000000001 
0.196067 -0.0148056 -0.077 
0.0177112 0.0244708 0.000933632 
0.252407 -0.0121904 -0.0532894 
0.13775 -0.00750374 -0.0125231 
0.0941709 -0.0499829 -0.077 
0.0662751 0.0170708 -0.0613916 
0.09873220000000001 0.0182986 -0.064 
0.228147 -0.0249686 -0.0654593 
0.161234 -0.0476957 -0.077 
0.0601749 0.0246288 -0.0357984 
0.173688 0.00390379 -0.06838379999999999 
0.13975 -0.00287153 0.00458066 
0.239401 0.0443481 -0.06517829999999999 
0.124875 -0.0105384 -0.073 
0.0348325 -0.0296015 -0.063065 
0.245109 -0.0257364 -0.0573354 
0.17313 -0.0217124 -0.06900000000000001 
0.133173 -0.00575127 0.00895519 
-0.02125 0.0147979 0.0194024 
0.00323126 -0.0172976 0.016572 
-0.0007233609999999999 -0.0261378 -0.0043125 
0.218376 -0.0479244 -0.0689709 
0.0239954 0.0527892 -0.06589689999999999 
0.263785 0.0355312 -0.0666433 
0.015498 0.0494975 -0.0626135 
0.0722947 -0.0167051 -0.077 
0.150276 -0.010781 -0.066 
-0.0274803 -0.009348840000000001 0.0150818 
0.238497 0.0203047 -0.0601496 
0.175416 0.0423422 -0.077 
0.038263 0.0193899 -0.066 
0.0872897 0.0144786 -0.036 
0.0106263 -0.0196631 -0.0130383 
0.119695 0.0457725 -0.0668134 
0.12466 0.00159094 -0.0339446 
0.0573495  0.053 -0.0730354 
0.261197 -0.0435236 -0.0621302 
0.233165 0.00764924 -0.0645153 
0.243279 0.0208054 -0.063 
0.0981626 0.00137579 -0.045 
0.00577748 -0.033584 -0.0630246 
-0.00101032 -0.0183622 -0.0577934 
 0.272 -0.0135457 -0.0422396 
0.0296721 0.0319394 -0.0137436 
0.0268605 -0.007829030000000001 -0.06900000000000001 
0.100465 -0.0247224 -0.06900000000000001 
0.204871 -0.053 -0.0715563 
0.198818 0.0498937 -0.0661055 
0.00921776 0.00262955 -0.07051449999999999 
0.136068 -0.0239019 -0.077 
0.0119344 -0.0183104 -0.0606457 
0.136666 -0.0468698 -0.064 
0.267266 0.0173008 -0.0637103 
0.139936 0.046297 -0.064 
0.0072226 -0.0205115 -0.0578993 
0.0121555 -0.0171824 0.000966852 
0.0201722 0.00859797 -0.0215196 
0.257488 0.0161954 -0.0638316 
0.00673365 0.00555874 -0.0242419 
0.125806 0.0136038 -0.0283137 
-0.0101292 -0.0135385 0.0209796 
0.140715 -0.00632375 -0.064 
0.243762 0.00888244 -0.0608444 
0.1463 -0.0480611 -0.066 
0.0102555 0.0174797 -0.0597983 
0.0260309 0.021183 -0.00958723 
0.252234 0.0129757 -0.0562031 
0.21377 0.04872 -0.0746549 
0.000866754 -0.0325833 -0.0574636 
0.131235 0.0103693 -0.00236348 
0.107051 -0.0250117 -0.036 
0.122788 -0.0283197 -0.043182 
0.253761 -0.0176356 -0.0584072 
0.0196549 0.0138469 -0.0108524 
0.0657387 0.0160937 -0.0480716 
0.111981 0.0336388 -0.0575596 
0.0208276 -0.028957 0.00112669 
0.203507 -0.0160137 -0.077 
0.08454399999999999 0.0245379 -0.07433910000000001 
0.112309 0.00171784 -0.06900000000000001 
0.101124 -0.0202613 -0.0753878 
0.0214625 -0.035 -0.008782760000000001 
0.0236986 -0.00429479 -0.009810650000000001 
0.128905 -0.052991 -0.0654433 
0.105323 0.008989769999999999 -0.06342299999999999 
0.07628450000000001 -0.0501696 -0.064 
0.00202835 0.0123323 -0.06506480000000001 
0.148312 -0.0347387 -0.066 
0.110329 -0.00128395 -0.064 
0.0143267 0.0179573 -0.0209475 
0.262762 0.0301657 -0.0633779 
0.253047 -0.0265949 -0.0634537 
0.00618702 0.0237012 -0.0215935 
0.249601 0.0158454 -0.0700799 
0.0153919 -0.0132363 -0.0276152 
0.0265474 0.0478398 -0.0689959 
0.089668 -0.0286776 -0.06900000000000001 
-0.000672804 -0.0151824 -0.00495101 
0.142978 0.0220707 -0.0540308 
0.0170426 -0.00309434 -0.0287809 
0.150005 -0.0138099 -0.066 
0.0166771 -0.00763643 -0.0232058 
0.08245379999999999 0.0101337 -0.041 
0.177447 -0.0456268 -0.077 
0.09759279999999999 0.0175247 -0.06900000000000001 
-0.0141113 0.00681407 -0.0232693 
0.235151 0.00271815 -0.0604644 
0.0484008 -0.0172493 -0.036311 
0.114638 0.0306598 -0.0422584 
0.19857 0.010031 -0.064 
0.192771 -0.00930404 -0.0743563 
0.129387 -0.053 -0.067608 
0.128805 -0.0492244 -0.077 
0.216904 -0.0121002 -0.0689984 
-0.0155839 0.0231515 -0.0128282 
0.0819177 -0.0504367 -0.06676360000000001 
0.188184 0.0173467 -0.06900000000000001 
0.261548 0.0180024 -0.0502733 
0.0402443 0.0397586 -0.0660664 
0.115789 0.0272086 -0.0412953 
0.105786 -0.0314193 -0.06900000000000001 
0.261834 0.0379266 -0.0574363 
0.0563351 0.0267189 -0.066 
0.0587193 -0.000314494 -0.0474261 
0.138692 -0.00296102 -0.00303325 
0.141433 0.00285543 -0.0596851 
0.0239051 -0.00135317 -0.0225632 
0.270954 -0.0268691 -0.0432645 
0.0502949 0.0206428 -0.064 
0.00275 0.00874577 0.0260281 
0.221466 0.0314376 -0.0613895 
0.07054299999999999 0.0505 -0.0689414 
0.20736 -0.025125 -0.066 
0.25501 0.0160093 -0.06492870000000001 
0.0187398 0.0188875 0.00157933 
0.0245166  -0.04 -0.0727739 
0.00275 0.0250917 0.0145449 
0.129909 0.0104027 0.00317095 
0.00149881 0.00784983 -0.0302642 
0.174586 -0.00255766 -0.06900000000000001 
0.0676745 -0.0369185 -0.0461196 
-0.0198858 0.0250826 0.00845892 
0.029917 0.0490349 -0.0663811 
0.118813 -0.0386427 -0.064 
0.0253477 0.0105767 -0.0122347 
0.00531121 -0.00209926 0.0173489 
0.0158124 -0.012798 -0.0648334 
-0.00553209 0.0220111 0.0116356 
0.01725 -0.0226915 -0.0182125 
0.115143 0.0177359 -0.064 
-0.02125 0.0163317 -0.0158503 
0.0782441 -0.029658 -0.0604834 
0.145622 -0.00346738 -0.06900000000000001 
0.0829606 0.0242605 -0.064 
0.120371 -0.0378311 -0.066 
0.265019 0.016869 -0.0617188 
-0.0153781 -0.0129372 -0.0213445 
0.0844318 0.0114216 -0.041 
0.02615 -0.00643866 -0.00768457 
-0.0144805 0.00198752 0.0282317 
0.144592 0.0258077 -0.073 
0.0760979 -0.0373328 -0.0357853 
0.13775 0.0142635 -0.00603473 
0.0004933370000000001 0.0223311 -0.0591497 
0.251245 0.00774899 -0.0567829 
0.00515 -0.0308098 0.0034009 
0.205978  0.053 -0.07131800000000001 
0.00275 -0.0136232 0.0242601 
0.262096 0.0235335 -0.0581637 
0.183401 0.0418808 -0.066 
0.0508939 -0.014719 -0.066 
0.06672210000000001 0.0280803 -0.066484 
0.164928 0.00986828 -0.07392269999999999 
0.0166787 0.0345534 0.00534793 
0.00525844 0.0126553 0.0241989 
0.27078 -0.0237885 -0.0493454 
0.0153578 0.0331984 0.009019299999999999 
0.132025 -0.00501838 0.0108885 
0.222413 0.0494591 -0.077 
0.0913677 -0.0116738 -0.0360158 
0.0677354 -0.0245784 -0.047905 
0.265218 -0.00730306 -0.045706 
0.157077 0.0249187 -0.0551122 
0.0261903 0.009966559999999999 0.0146615 
0.00275 -0.0280266 -0.0102937 
-0.0168869 0.00412643 0.0246528 
0.0277715 -0.048646 -0.077 
-0.0346 0.00456545 0.00839993 
0.182875 -0.00349381 -0.06772400000000001 
0.06526410000000001 -0.050694 -0.064 
0.213242 -0.0318389 -0.06900000000000001 
0.0828468 0.0238078 -0.06900000000000001 
0.0100493 0.0221894 -0.0760731 
0.0155719 -0.0111877 -0.0761891 
0.0346957 -0.00358658 -0.0355717 
0.106525 0.0335635 -0.0524854 
0.125138 -0.0212586 -0.06900000000000001 
0.104815 -0.0157205 -0.07616530000000001 
0.13399 0.0223498 -0.06730410000000001 
0.0802099 -0.053 -0.0676107 
0.00515 -0.0290765 0.00316783 
0.106925 -0.0195512 -0.064 
0.01525 0.0140865 -0.0273643 
0.194119 -0.0278332 -0.06900000000000001 
0.07602680000000001 -0.00912988 -0.06900000000000001 
0.139496 -0.00393474 -0.073 
0.21578 -0.00220661 -0.0601645 
0.0641794 0.0150335 -0.06900000000000001 
0.01925 0.0128983 -0.0257573 
0.0216913 0.0466419 -0.076931 
-0.00817623 -0.0263106 -0.00283557 
0.122262 0.03592 -0.066 
0.257807 0.0240458 -0.0491663 
0.14304 0.0271452 -0.073 
0.0691445 -0.0115527 -0.06900000000000001 
0.0048143 -0.0337636 -0.0624207 
0.0954627 -0.0331032 -0.06900000000000001 
0.0448877  0.053 -0.06678489999999999 
0.152382 -0.0260114 -0.066 
-0.0224485 0.000239029 0.0184211 
0.178505 -0.0382237 -0.0679215 
0.240409 0.0116114 -0.0712499 
0.148432 0.0374523 -0.077 
0.224579 -0.0168433 -0.0685359 
-0.000236344 -0.0286786 -0.0605144 
0.00524654 -0.00430079 0.0174573 
0.0812904 0.007995149999999999 -0.0700605 
0.232946  0.053 -0.0762222 
0.0145198 -0.0297239 -0.0105619 
0.0984664 0.0123796 -0.0416358 
0.155463 0.0284611 -0.064 
0.00095 0.0192124 0.00434004 
0.269775 -0.00125151 -0.0386194 
0.01725 0.0108694 -0.0270518 
0.136899 -0.00365664 -0.0557312 
-0.009399289999999999 0.0133894 -0.0228375 
0.09493020000000001 0.0409365 -0.0668643 
0.06664200000000001 -0.0208918 -0.06900000000000001 
0.0776126 0.007918639999999999 -0.036 
0.202998 -0.0529063 -0.065022 
0.160734  0.053 -0.06561210000000001 
0.11453 0.0130221 -0.06653779999999999 
0.0203482 -0.0140936 0.00685175 
0.124291 0.0161022 -0.06900000000000001 
0.133497 -0.0461019 -0.066 
0.217375 -0.0272868 -0.077 
0.0214637 -0.0117198 0.008371389999999999 
0.12421  -0.05 -0.0682585 
-0.0132876 0.0224236 0.0139304 
0.00850471 0.018258 -0.0181272 
0.135003  0.015 -0.0233625 
0.0217748 0.0441416 -0.0661361 
0.251423 0.036385 -0.0744032 
0.25594 -0.0196997 -0.0726407 
0.173255 0.0495778 -0.0750661 
0.0112046 0.026474 -0.0215859 
0.0139469 0.0163979 -0.0641977 
0.105162 -0.00691982 -0.07368329999999999 
0.107538 0.0518023 -0.07466680000000001 
0.0681068 -0.0148251 -0.07400279999999999 
0.0544794 -0.035306 -0.0431137 
0.00417966 0.0362249 -0.066598 
0.0182739 -0.00663341 -0.028162 
0.0512529 0.0361822 -0.0375221 
0.23581 -0.0073586 -0.0636197 
0.0636579 -0.0110404 -0.0441392 
0.00664392 -0.023793 -0.0574771 
0.166723 -0.00263473 -0.0611084 
0.0539961 0.0356507 -0.066 
0.0835369 -0.0254006 -0.0384003 
0.0583743 0.0211403 -0.0767308 
0.0259502 0.0118592 -0.0128335 
0.182314 -0.0480996 -0.06874089999999999 
0.130689 0.0181636 -0.0403694 
0.105007 0.0340776 -0.0747935 
0.0429021 0.0125325 -0.077 
0.0126448 0.0281937 -0.0132365 
-0.0059771 -0.0160445 0.0190275 
0.22656 0.0457753 -0.06324399999999999 
0.247399 0.0354 -0.075794 
-0.0174656 -0.0173921 0.00109514 
0.200586 0.0235435 -0.0739094 
0.221482 -0.018988 -0.0665481 
0.134167 -0.008500000000000001 -0.0300321 
0.156772 0.00701624 -0.066 
0.0982687 0.034718 -0.0627827 
-0.0331 -0.0158161 0.00292263 
0.0592214 -0.0519782 -0.06900000000000001 
0.0184534 0.0165004 0.0180536 
0.02625 -0.0117264 0.0137031 
0.02625 0.0101595 -0.0184158 
0.0788875 0.0212873 -0.06900000000000001 
0.0147508 0.0217246 -0.0190496 
0.167117 0.024585 -0.0552323 
0.0228998 0.000847219 0.0125005 
0.0261573 0.00114366 0.0219862 
0.0217433 0.0048504 -0.0127112 
0.0210945 0.0297682 0.0173931 
0.116129 -0.053 -0.07647139999999999 
0.0927468  0.053 -0.0743288 
0.169228 0.0513878 -0.06900000000000001 
0.134635 -0.0529729 -0.0653291 
0.00833688 4.8525e-05 0.0255616 
0.00368765 -0.0124305 0.008201969999999999 
0.152956 -0.053 -0.07235460000000001 
0.0545121 0.00328287 -0.0410152 
0.0625092 -0.053 -0.07156170000000001 
0.0889496 -0.0459882 -0.0667715 
-0.00589525 0.0202066 0.0170973 
0.06333519999999999 0.0101656 -0.0450358 
0.204407 0.0465271 -0.064 
0.0717182 0.0165189 -0.036 
0.0355744 -0.0210719 -0.066 
0.0469106 0.0184443 -0.036 
0.231675 0.0225223 -0.0620965 
0.183273 -0.0304614 -0.0689954 
0.160105 -0.0214452 -0.06900000000000001 
0.0769657 0.0527215 -0.06464549999999999 
0.10617 0.0234665 -0.0375 
0.00275 -0.0255217 -0.00542598 
0.0308785 -0.0165338 -0.0419627 
0.150288 -0.00277816 -0.0614532 
0.0194204 -0.00998508 0.0222702 
0.164617 0.0263208 -0.0577969 
0.163056 0.0206073 -0.06889720000000001 
0.0114427 0.0191106 -0.0173307 
0.255459 -0.0253 -0.0547517 
0.2331 0.0241199 -0.0734576 
0.0529365 -0.00262167 -0.0423494 
0.0009991069999999999 0.0328201 -0.0673445 
0.137539 -0.0412763 -0.064 
0.127137 -0.0419258 -0.074631 
0.21525 -0.0193103 -0.06707150000000001 
0.247604 -0.0196761 -0.0613384 
0.254265 0.00291009 -0.0696761 
0.08671520000000001 -0.030874 -0.06900000000000001 
0.08984300000000001 -0.0194223 -0.041 
0.059982 -0.0146847 -0.0745198 
0.0326859 -0.0390071 -0.06698560000000001 
0.0167068 -0.0163248 0.00956185 
0.256174 0.0379736 -0.0537824 
0.114898 0.00795159 -0.0359961 
0.0209428 0.00189765 -0.0136417 
0.08734160000000001 -0.0335503 -0.0601649 
0.134891 -0.0105519 -0.077 
0.056678 -0.0066209 -0.0390772 
0.0586016 -0.0179019 -0.066 
0.0314424 -0.0486629 -0.066 
0.00744892 -0.0145393 -0.0208888 
0.0233751 -0.008489200000000001 0.0113377 
0.0953034 -0.00916077 -0.045 
0.252906 -0.0115176 -0.0635184 
0.10909 0.0359012 -0.06900000000000001 
0.234443  0.053 -0.06378109999999999 
0.215805 0.0287596 -0.06392109999999999 
0.232157 -0.0417722 -0.0620705 
0.00515 -0.00758947 0.0185802 
0.02975 -0.009463060000000001 -0.0684044 
0.0145646 0.00477803 0.0285104 
0.211392 -0.0295659 -0.0595947 
0.19667 0.00766301 -0.066 
0.169535 0.0189883 -0.064 
0.254208 -0.0029516 -0.051486 
0.129213 -0.0234739 -0.06900000000000001 
0.0974747 0.0349578 -0.0609958 
3 794 240 288 
3 550 794 288 
3 554 794 452 
3 587 631 452 
3 554 518 239 
3 518 554 383 
3 821 844 827 
3 240 662 288 
3 463 921 472 
3 921 463 288 
3 662 921 288 
3 921 662 239 
3 932 587 452 
3 83 518 383 
3 687 658 888 
3 671 687 888 
3 471 671 888 
3 662 117 239 
3 117 662 240 
3 794 216 452 
3 573 554 239 
3 554 573 794 
3 117 573 239 
3 573 240 794 
3 573 117 240 
3 76 631 587 
3 631 76 867 
3 687 76 658 
3 867 76 677 
3 238 554 452 
3 631 238 452 
3 554 238 383 
3 238 867 383 
3 238 631 867 
3 828 821 827 
3 821 160 472 
3 828 160 821 
3 160 463 472 
3 160 859 463 
3 859 160 827 
3 160 828 827 
3 921 93 472 
3 93 921 239 
3 391 93 239 
3 658 143 888 
3 988 932 348 
3 443 844 316 
3 808 348 776 
3 560 659 776 
3 822 560 288 
3 361 687 671 
3 83 280 391 
3 280 471 391 
3 471 280 671 
3 762 867 677 
3 361 762 677 
3 867 762 383 
3 762 83 383 
3 518 157 239 
3 83 157 518 
3 157 391 239 
3 157 83 391 
3 216 322 452 
3 322 216 442 
3 322 932 452 
3 932 322 348 
3 348 322 776 
3 322 442 776 
3 550 653 794 
3 653 216 794 
3 653 560 776 
3 442 653 776 
3 216 653 442 
3 653 550 288 
3 560 653 288 
3 756 76 587 
3 76 756 658 
3 143 756 587 
3 756 143 658 
3 76 393 677 
3 393 76 687 
3 393 361 677 
3 361 393 687 
3 345 821 472 
3 345 61 821 
3 93 345 472 
3 932 71 587 
3 988 71 932 
3 71 143 587 
3 71 988 143 
3 988 862 143 
3 844 30 316 
3 443 633 844 
3 629 560 822 
3 463 629 288 
3 629 822 288 
3 844 964 827 
3 964 859 827 
3 659 964 844 
3 560 964 659 
3 583 280 83 
3 762 583 83 
3 583 762 361 
3 583 361 671 
3 280 583 671 
3 557 433 471 
3 557 574 456 
3 574 557 471 
3 933 433 821 
3 61 933 821 
3 874 93 391 
3 471 874 391 
3 681 874 471 
3 813 862 316 
3 862 813 143 
3 30 813 316 
3 821 95 844 
3 95 30 844 
3 659 657 776 
3 657 808 776 
3 657 659 844 
3 633 657 844 
3 808 657 348 
3 149 629 463 
3 629 149 560 
3 149 964 560 
3 859 149 463 
3 964 149 859 
3 880 557 456 
3 557 880 433 
3 433 127 471 
3 933 127 433 
3 127 681 471 
3 718 681 746 
3 718 874 681 
3 914 813 574 
3 813 914 143 
3 914 574 471 
3 914 471 888 
3 143 914 888 
3 852 657 633 
3 952 988 348 
3 657 952 348 
3 952 852 988 
3 852 952 657 
3 158 718 746 
3 158 345 93 
3 874 936 93 
3 718 936 874 
3 936 158 93 
3 158 936 718 
3 880 95 821 
3 574 880 456 
3 880 813 30 
3 433 880 821 
3 813 880 574 
3 95 880 30 
3 862 852 316 
3 852 443 316 
3 852 633 443 
3 852 862 988 
3 127 158 681 
3 681 158 746 
3 345 158 61 
3 158 933 61 
3 158 127 933 
Vertices and facets:
- p240(v23): -0.013 -0.011 0.023
  neighbors: f85 f142 f203 f212 f213
- p794(v13): -0.014 0.002 0.028
  neighbors: f85 f88 f97 f204 f212 f210 f322 f323
- p288(v1): -0.035 -0.0017 0.015
  neighbors: f85 f150 f88 f149 f328 f142 f287 f327 f370 f371
- p550(v24): -0.028 0.0036 0.019
  neighbors: f88 f322 f327
- p554(v26): 0.021 -0.00036 0.035
  neighbors: f97 f112 f113 f209 f210 f220 f222
- p452(v6): 0.019 0.021 0.028
  neighbors: f97 f103 f156 f221 f204 f220 f316 f318
- p631(v28):  0.13 0.008 0.0087
  neighbors: f103 f215 f216 f221 f224
- p587(v10):  0.26 0.043 -0.054
  neighbors: f103 f331 f215 f156 f329 f347 f349
- p518(v29):  0.14 -0.015 0.0076
  neighbors: f112 f113 f184 f304 f305
- p239(v7): 0.0056 -0.024 0.023
  neighbors: f112 f211 f209 f151 f254 f253 f202 f304 f306
- p383(v14):  0.13 -0.0038 0.011
  neighbors: f113 f223 f184 f222 f302 f303
- p821(v30): 0.028 -0.049 -0.077
  neighbors: f117 f388 f237 f241 f338 f240 f337 f387 f406 f452 f455
- p844(v21): 0.022 0.047 -0.077
  neighbors: f117 f376 f357 f365 f407 f274 f373 f406 f410 f411
- p827(v5):  0.01 0.022 -0.076
  neighbors: f117 f245 f237 f244 f373 f374
- p662(v35): -0.027 -0.0093 0.015
  neighbors: f142 f150 f151 f202 f203
- p921(v36): -0.033 -0.016 0.0029
  neighbors: f146 f151 f150 f149 f252 f253
- p463(v16): -0.034 -0.0077 -0.016
  neighbors: f243 f370 f242 f146 f149 f415 f418
- p472(v9): 0.013 -0.046 -0.065
  neighbors: f252 f240 f242 f146 f337 f340
- p932(v38): 0.021  0.03 0.017
  neighbors: f156 f264 f319 f318 f347 f348
- p83(v42):  0.26 -0.039 -0.043
  neighbors: f184 f307 f294 f303 f305 f378 f379
- p687(v44):  0.27 0.017 -0.064
  neighbors: f188 f189 f293 f217 f334 f336
- p658(v20):  0.26 0.036 -0.067
  neighbors: f217 f257 f188 f330 f332
- p888(v8):  0.26 -0.02 -0.073
  neighbors: f194 f189 f188 f257 f435 f436
- p671(v22):  0.26 -0.044 -0.062
  neighbors: f293 f194 f189 f296 f381 f382
- p471(v45):  0.25 -0.053 -0.075
  neighbors: f386 f194 f296 f384 f426 f295 f423 f397 f396 f434 f435
- p117(v46): -0.0088 -0.014 0.023
  neighbors: f202 f203 f211 f213
- p216(v47): -0.016 0.011 0.024
  neighbors: f204 f317 f316 f323 f326
- p573(v48): 0.0039 -0.0063 0.031
  neighbors: f209 f210 f211 f212 f213
- p76(v49):  0.27 0.024 -0.046
  neighbors: f330 f215 f216 f217 f218 f329 f333 f334
- p867(v27):  0.27 -0.0013 -0.039
  neighbors: f224 f223 f216 f218 f299 f302
- p677(v2):  0.27 -0.014 -0.042
  neighbors: f300 f299 f218 f333 f335
- p238(v50):  0.13 0.0053 0.011
  neighbors: f220 f221 f222 f223 f224
- p828(v54): 0.016 -0.011 -0.076
  neighbors: f237 f241 f245
- p160(v55): 0.015 -0.042 -0.075
  neighbors: f240 f241 f242 f243 f244 f245
- p859(v31): -0.00024 -0.029 -0.061
  neighbors: f244 f243 f374 f418 f419
- p93(v57): 0.0052 -0.033 0.011
  neighbors: f254 f253 f340 f252 f394 f446 f448 f450
- p391(v12):  0.25 -0.049 -0.053
  neighbors: f307 f254 f306 f295 f294 f394 f396
- p143(v58):  0.25 0.051 -0.075
  neighbors: f350 f332 f257 f402 f349 f331 f352 f433 f436
- p988(v59):  0.23 0.053 -0.064
  neighbors: f352 f264 f348 f350 f440 f442 f463
- p348(v19): 0.017 0.033  0.01
  neighbors: f320 f264 f277 f319 f412 f440 f441
- p443(v61): 0.064 0.053 -0.075
  neighbors: f274 f365 f461 f462
- p316(v3):   0.1 0.053 -0.076
  neighbors: f274 f357 f400 f404 f460 f461
- p808(v62): 0.017 0.035 0.0053
  neighbors: f277 f409 f412
- p776(v11): -0.02 0.025 0.0085
  neighbors: f325 f321 f277 f320 f284 f324 f408 f409
- p560(v63): -0.033 0.019 -0.0033
  neighbors: f328 f369 f284 f377 f324 f287 f416 f417
- p659(v41): 0.015 0.049 -0.063
  neighbors: f377 f376 f284 f408 f410
- p822(v32): -0.035 0.0046 0.0084
  neighbors: f287 f369 f371
- p361(v64):  0.27 -0.026 -0.048
  neighbors: f336 f293 f335 f300 f380 f381
- p280(v65):  0.26 -0.047 -0.057
  neighbors: f294 f295 f296 f378 f382
- p762(v66):  0.27 -0.027 -0.043
  neighbors: f299 f300 f303 f302 f379 f380
- p157(v67): 0.015 -0.024 0.021
  neighbors: f304 f305 f306 f307
- p322(v70): 0.0077 0.027 0.022
  neighbors: f316 f317 f318 f319 f320 f321
- p442(v25): -0.012  0.02  0.02
  neighbors: f321 f317 f325 f326
- p653(v71): -0.021 0.015 0.019
  neighbors: f322 f323 f324 f325 f326 f327 f328
- p756(v72):  0.26 0.038 -0.057
  neighbors: f329 f330 f331 f332
- p393(v73):  0.27 0.0077 -0.055
  neighbors: f333 f334 f335 f336
- p345(v74): 0.032 -0.053 -0.068
  neighbors: f337 f338 f340 f446 f468
- p61(v51): 0.041 -0.053 -0.073
  neighbors: f338 f388 f468 f469
- p71(v76):  0.24 0.051 -0.06
  neighbors: f347 f348 f349 f350
- p862(v77):  0.23 0.053 -0.076
  neighbors: f352 f400 f402 f460 f463
- p30(v78): 0.046 0.047 -0.077
  neighbors: f357 f404 f407 f454 f457
- p633(v79): 0.045 0.053 -0.071
  neighbors: f365 f411 f439 f462
- p629(v80): -0.035 0.0039 -0.0052
  neighbors: f371 f369 f370 f415 f416
- p964(v81): 0.001 0.033 -0.067
  neighbors: f377 f373 f374 f376 f417 f419
- p583(v82):  0.27 -0.038 -0.048
  neighbors: f378 f379 f380 f381 f382
- p557(v83):  0.23 -0.049 -0.077
  neighbors: f386 f384 f385 f421 f422
- p433(v68):  0.19 -0.052 -0.077
  neighbors: f384 f422 f387 f423 f424 f455
- p574(v75):  0.24 -0.0063 -0.077
  neighbors: f385 f386 f432 f434 f453 f456
- p456(v15):  0.22 -0.02 -0.077
  neighbors: f385 f421 f453
- p933(v84):  0.12 -0.053 -0.076
  neighbors: f387 f388 f424 f469 f470
- p874(v85):   0.2 -0.053 -0.065
  neighbors: f397 f396 f394 f429 f448 f449
- p681(v69):   0.2 -0.053 -0.072
  neighbors: f397 f426 f428 f429 f466 f467
- p813(v86):  0.22 0.049 -0.077
  neighbors: f404 f400 f402 f432 f433 f454 f456
- p95(v87): 0.036 0.031 -0.077
  neighbors: f406 f407 f452 f457
- p657(v88): 0.024 0.053 -0.066
  neighbors: f408 f409 f410 f411 f412 f439 f441 f443
- p149(v89): -0.034 0.0055 -0.018
  neighbors: f415 f416 f417 f418 f419
- p880(v90):  0.22 -0.027 -0.077
  neighbors: f421 f422 f452 f453 f454 f455 f456 f457
- p127(v91):  0.19 -0.053 -0.076
  neighbors: f423 f424 f426 f466 f470
- p718(v92):  0.13 -0.053 -0.065
  neighbors: f445 f428 f429 f449 f451
- p746(v34):  0.13 -0.053 -0.068
  neighbors: f428 f445 f467
- p914(v93):  0.25 0.035 -0.076
  neighbors: f432 f433 f434 f435 f436
- p852(v94): 0.045 0.053 -0.067
  neighbors: f439 f442 f443 f460 f461 f462 f463
- p952(v95): 0.077 0.053 -0.065
  neighbors: f440 f441 f442 f443
- p158(v96): 0.052 -0.053 -0.066
  neighbors: f445 f446 f450 f451 f466 f467 f468 f469 f470
- p936(v97):  0.13 -0.053 -0.065
  neighbors: f448 f449 f450 f451
- f85
    - flags: bottom simplicial
    - normal:   -0.4415  -0.4134   0.7964
    - offset: -0.02805456
    - vertices: p240(v23) p794(v13) p288(v1)
    - neighboring facets: f88 f142 f212
- f88
    - flags: top simplicial
    - normal:   -0.5542  0.09708   0.8267
    - offset: -0.03155747
    - vertices: p550(v24) p794(v13) p288(v1)
    - neighboring facets: f85 f327 f322
- f97
    - flags: top simplicial
    - normal:   -0.1557   0.2898   0.9443
    - offset: -0.02949073
    - vertices: p554(v26) p794(v13) p452(v6)
    - neighboring facets: f204 f220 f210
- f103
    - flags: bottom simplicial
    - normal:    0.1975   0.6428   0.7401
    - offset: -0.03798867
    - vertices: p631(v28) p587(v10) p452(v6)
    - neighboring facets: f156 f221 f215
- f112
    - flags: bottom simplicial
    - normal:    0.1362  -0.5148   0.8464
    - offset: -0.0324537
    - vertices: p518(v29) p554(v26) p239(v7)
    - neighboring facets: f209 f304 f113
- f113
    - flags: top simplicial
    - normal:    0.1929  -0.2517   0.9484
    - offset: -0.03708576
    - vertices: p518(v29) p554(v26) p383(v14)
    - neighboring facets: f222 f184 f112
- f117
    - flags: top simplicial
    - normal:  -0.06618  -0.0035  -0.9978
    - offset: -0.07516318
    - center: 0.01983736666666666 0.006728433333333333 -0.07666803333333333 
    - vertices: p821(v30) p844(v21) p827(v5)
    - neighboring facets: f373 f237 f406
- f142
    - flags: bottom simplicial
    - normal:    -0.443  -0.4207   0.7917
    - offset: -0.02804692
    - vertices: p662(v35) p240(v23) p288(v1)
    - neighboring facets: f85 f150 f203
- f146
    - flags: bottom simplicial
    - normal:   -0.7438   -0.629  -0.2261
    - offset: -0.03390714
    - center: -0.01809313333333333 -0.02310865 -0.02615795666666667 
    - vertices: p921(v36) p463(v16) p472(v9)
    - neighboring facets: f242 f252 f149
- f149
    - flags: top simplicial
    - normal:   -0.9934  -0.1139 0.009895
    - offset: -0.03471393
    - vertices: p921(v36) p463(v16) p288(v1)
    - neighboring facets: f370 f150 f146
- f150
    - flags: bottom simplicial
    - normal:   -0.5968  -0.5607    0.574
    - offset: -0.03029833
    - vertices: p921(v36) p662(v35) p288(v1)
    - neighboring facets: f142 f149 f151
- f151
    - flags: top simplicial
    - normal:   -0.4394  -0.6929   0.5716
    - offset: -0.02717469
    - center: -0.01833905333333333 -0.01631794666666667 0.01366094333333333 
    - vertices: p921(v36) p662(v35) p239(v7)
    - neighboring facets: f202 f253 f150
- f156
    - flags: top simplicial
    - normal:    0.1558   0.7459   0.6475
    - offset: -0.03675527
    - vertices: p932(v38) p587(v10) p452(v6)
    - neighboring facets: f103 f318 f347
- f184
    - flags: top simplicial
    - normal:    0.3265  -0.2048   0.9228
    - offset: -0.05435173
    - vertices: p83(v42) p518(v29) p383(v14)
    - neighboring facets: f113 f303 f305
- f188
    - flags: top simplicial
    - normal:    0.6291 -0.004944  -0.7773
    - offset: -0.2175674
    - vertices: p687(v44) p658(v20) p888(v8)
    - neighboring facets: f257 f189 f217
- f189
    - flags: bottom simplicial
    - normal:    0.7881 -0.09444  -0.6082
    - offset: -0.2477528
    - vertices: p687(v44) p671(v22) p888(v8)
    - neighboring facets: f194 f188 f293
- f194
    - flags: top simplicial
    - normal:    0.6829  -0.1634   -0.712
    - offset: -0.2297165
    - center: 0.254293 -0.03865593333333333 -0.06986899999999999 
    - vertices: p471(v45) p671(v22) p888(v8)
    - neighboring facets: f189 f435 f296
- f202
    - flags: bottom simplicial
    - normal:   -0.4197  -0.5773   0.7005
    - offset: -0.02749341
    - vertices: p117(v46) p662(v35) p239(v7)
    - neighboring facets: f151 f211 f203
- f203
    - flags: top simplicial
    - normal:   -0.4216  -0.5411   0.7276
    - offset: -0.02761922
    - vertices: p117(v46) p662(v35) p240(v23)
    - neighboring facets: f142 f213 f202
- f204
    - flags: bottom simplicial
    - normal:   -0.2089    0.384   0.8994
    - offset: -0.02917999
    - vertices: p216(v47) p794(v13) p452(v6)
    - neighboring facets: f97 f316 f323
- f209
    - flags: top simplicial
    - normal:  -0.03099  -0.4333   0.9007
    - offset: -0.03083181
    - vertices: p573(v48) p554(v26) p239(v7)
    - neighboring facets: f112 f211 f210
- f210
    - flags: bottom simplicial
    - normal:   -0.1846  -0.0403    0.982
    - offset: -0.03031643
    - vertices: p573(v48) p554(v26) p794(v13)
    - neighboring facets: f97 f212 f209
- f211
    - flags: bottom simplicial
    - normal:   -0.3245  -0.4325   0.8412
    - offset: -0.02781292
    - vertices: p573(v48) p117(v46) p239(v7)
    - neighboring facets: f202 f209 f213
- f212
    - flags: top simplicial
    - normal:   -0.3321  -0.4211    0.844
    - offset: -0.02780042
    - vertices: p573(v48) p240(v23) p794(v13)
    - neighboring facets: f85 f210 f213
- f213
    - flags: top simplicial
    - normal:   -0.3307  -0.4243    0.843
    - offset: -0.02779292
    - vertices: p573(v48) p117(v46) p240(v23)
    - neighboring facets: f203 f212 f211
- f215
    - flags: top simplicial
    - normal:    0.2758   0.5062   0.8171
    - offset: -0.04802441
    - vertices: p76(v49) p631(v28) p587(v10)
    - neighboring facets: f103 f329 f216
- f216
    - flags: bottom simplicial
    - normal:    0.3312   0.3028   0.8936
    - offset: -0.05446227
    - vertices: p76(v49) p631(v28) p867(v27)
    - neighboring facets: f224 f218 f215
- f217
    - flags: bottom simplicial
    - normal:    0.9806    0.172 -0.09438
    - offset: -0.2710589
    - vertices: p76(v49) p687(v44) p658(v20)
    - neighboring facets: f188 f330 f334
- f218
    - flags: bottom simplicial
    - normal:    0.9779   0.1285   0.1647
    - offset: -0.2573025
    - vertices: p76(v49) p867(v27) p677(v2)
    - neighboring facets: f299 f333 f216
- f220
    - flags: top simplicial
    - normal:    0.1868   0.3105    0.932
    - offset: -0.03618713
    - vertices: p238(v50) p554(v26) p452(v6)
    - neighboring facets: f97 f221 f222
- f221
    - flags: bottom simplicial
    - normal:    0.1978   0.4535    0.869
    - offset: -0.03763285
    - vertices: p238(v50) p631(v28) p452(v6)
    - neighboring facets: f103 f220 f224
- f222
    - flags: bottom simplicial
    - normal:    0.2087  0.07569   0.9751
    - offset: -0.03822314
    - vertices: p238(v50) p554(v26) p383(v14)
    - neighboring facets: f113 f223 f220
- f223
    - flags: top simplicial
    - normal:    0.3349   0.1465   0.9308
    - offset: -0.05422544
    - vertices: p238(v50) p867(v27) p383(v14)
    - neighboring facets: f302 f222 f224
- f224
    - flags: top simplicial
    - normal:    0.3337   0.2098    0.919
    - offset: -0.05427363
    - vertices: p238(v50) p631(v28) p867(v27)
    - neighboring facets: f216 f223 f221
- f237
    - flags: top simplicial
    - normal:   -0.1127 -0.01519  -0.9935
    - offset: -0.07411024
    - vertices: p828(v54) p821(v30) p827(v5)
    - neighboring facets: f117 f245 f241
- f240
    - flags: bottom simplicial
    - normal:   -0.4722  -0.7805  -0.4097
    - offset: -0.0564044
    - center: 0.0185772 -0.04539803333333333 -0.07259156666666666 
    - vertices: p160(v55) p821(v30) p472(v9)
    - neighboring facets: f337 f242 f241
- f241
    - flags: bottom simplicial
    - normal:    -0.142 -0.02484  -0.9895
    - offset: -0.07345899
    - vertices: p160(v55) p828(v54) p821(v30)
    - neighboring facets: f237 f240 f245
- f242
    - flags: top simplicial
    - normal:   -0.7837  -0.5079  -0.3575
    - offset: -0.03643626
    - vertices: p160(v55) p463(v16) p472(v9)
    - neighboring facets: f146 f240 f243
- f243
    - flags: top simplicial
    - normal:   -0.7865  -0.4978  -0.3655
    - offset: -0.03658086
    - vertices: p160(v55) p859(v31) p463(v16)
    - neighboring facets: f418 f242 f244
- f244
    - flags: bottom simplicial
    - normal:   -0.7249 -0.06323  -0.6859
    - offset: -0.0434941
    - vertices: p160(v55) p859(v31) p827(v5)
    - neighboring facets: f374 f245 f243
- f245
    - flags: top simplicial
    - normal:    -0.167  -0.0242  -0.9857
    - offset: -0.07276814
    - vertices: p160(v55) p828(v54) p827(v5)
    - neighboring facets: f237 f244 f241
- f252
    - flags: bottom simplicial tested
    - normal:   -0.4166  -0.9019   0.1143
    - offset: -0.02838885
    - center: -0.004970599999999999 -0.03137216666666667 -0.01727675666666667 
    - vertices: p93(v57) p921(v36) p472(v9)
    - neighboring facets: f146 f340 f253
- f253
    - flags: top simplicial tested
    - normal:    -0.427  -0.7307   0.5326
    - offset: -0.02724732
    - center: -0.007462286666666664 -0.0240357 0.01219804333333333 
    - vertices: p93(v57) p921(v36) p239(v7)
    - neighboring facets: f151 f254 f252
- f254
    - flags: bottom simplicial tested
    - normal:   0.09419  -0.8135   0.5738
    - offset: -0.0330629
    - center: 0.08778504666666666 -0.0350653 -0.006505299999999998 
    - vertices: p93(v57) p391(v12) p239(v7)
    - neighboring facets: f306 f253 f394
- f257
    - flags: bottom simplicial
    - normal:    0.5345  0.01583   -0.845
    - offset: -0.1978778
    - center: 0.256492 0.02237613333333333 -0.07150319999999998 
    - vertices: p143(v58) p658(v20) p888(v8)
    - neighboring facets: f188 f436 f332
- f264
    - flags: top simplicial
    - normal:   0.06299   0.9034   0.4241
    - offset: -0.03559854
    - center: 0.09085806666666668 0.03873023333333334 -0.01205873333333333 
    - vertices: p988(v59) p932(v38) p348(v19)
    - neighboring facets: f319 f440 f348
- f274
    - flags: top simplicial tested
    - normal:  -0.03725   0.5454  -0.8373
    - offset: -0.08904829
    - center: 0.0632971 0.05088063333333333 -0.0760209 
    - vertices: p443(v61) p844(v21) p316(v3)
    - neighboring facets: f357 f461 f365
    - ridges:
- f277
    - flags: top simplicial tested
    - normal:   -0.2247   0.9453   0.2363
    - offset: -0.03017955
    - center: 0.004609866666666667 0.0310195 0.008006216666666668 
    - vertices: p808(v62) p348(v19) p776(v11)
    - neighboring facets: f320 f409 f412
- f284
    - flags: top simplicial
    - normal:   -0.4806   0.8748  0.06127
    - offset: -0.03201733
    - center: -0.0124636 0.0310939 -0.01915705 
    - vertices: p560(v63) p659(v41) p776(v11)
    - neighboring facets: f408 f324 f377
- f287
    - flags: bottom simplicial
    - normal:   -0.8389   0.4004   0.3687
    - offset: -0.03395047
    - vertices: p560(v63) p822(v32) p288(v1)
    - neighboring facets: f371 f328 f369
- f293
    - flags: top simplicial
    - normal:    0.8447 -0.09795  -0.5262
    - offset:  -0.257593
    - vertices: p361(v64) p687(v44) p671(v22)
    - neighboring facets: f189 f381 f336
- f294
    - flags: bottom simplicial
    - normal:    0.4001  -0.8461   0.3521
    - offset:  -0.123746
    - vertices: p280(v65) p83(v42) p391(v12)
    - neighboring facets: f307 f295 f378
- f295
    - flags: top simplicial
    - normal:    0.2894  -0.9541  0.07696
    - offset: -0.1156923
    - center: 0.2529729999999999 -0.04949386666666668 -0.06173339999999999 
    - vertices: p280(v65) p471(v45) p391(v12)
    - neighboring facets: f396 f294 f296
- f296
    - flags: bottom simplicial
    - normal:    0.6739  -0.6528   -0.346
    - offset: -0.2259303
    - vertices: p280(v65) p471(v45) p671(v22)
    - neighboring facets: f194 f382 f295
- f299
    - flags: top simplicial
    - normal:    0.6386  -0.1087   0.7618
    - offset: -0.1430045
    - vertices: p762(v66) p867(v27) p677(v2)
    - neighboring facets: f218 f300 f302
- f300
    - flags: bottom simplicial
    - normal:    0.9801 -0.09055   0.1769
    - offset: -0.2603288
    - vertices: p762(v66) p361(v64) p677(v2)
    - neighboring facets: f335 f299 f380
- f302
    - flags: bottom simplicial
    - normal:    0.3395  -0.1527   0.9281
    - offset: -0.05594502
    - vertices: p762(v66) p867(v27) p383(v14)
    - neighboring facets: f223 f303 f299
- f303
    - flags: top simplicial
    - normal:    0.3331  -0.1834   0.9249
    - offset: -0.05517414
    - vertices: p762(v66) p83(v42) p383(v14)
    - neighboring facets: f184 f302 f379
- f304
    - flags: bottom simplicial
    - normal:    0.1356  -0.5855   0.7992
    - offset: -0.03304842
    - vertices: p157(v67) p518(v29) p239(v7)
    - neighboring facets: f112 f306 f305
- f305
    - flags: bottom simplicial
    - normal:    0.1322  -0.7194    0.682
    - offset: -0.03364992
    - vertices: p157(v67) p83(v42) p518(v29)
    - neighboring facets: f184 f304 f307
- f306
    - flags: top simplicial
    - normal:    0.1083  -0.7849   0.6101
    - offset: -0.03329297
    - vertices: p157(v67) p391(v12) p239(v7)
    - neighboring facets: f254 f304 f307
- f307
    - flags: top simplicial
    - normal:     0.113  -0.7751   0.6217
    - offset: -0.03338164
    - vertices: p157(v67) p83(v42) p391(v12)
    - neighboring facets: f294 f306 f305
- f316
    - flags: bottom simplicial
    - normal:   -0.2228   0.4515    0.864
    - offset: -0.02933672
    - vertices: p322(v70) p216(v47) p452(v6)
    - neighboring facets: f204 f318 f317
- f317
    - flags: top simplicial
    - normal:   -0.2678   0.5168   0.8132
    - offset: -0.02960396
    - vertices: p322(v70) p216(v47) p442(v25)
    - neighboring facets: f326 f321 f316
- f318
    - flags: top simplicial
    - normal:   0.04213   0.7643   0.6434
    - offset: -0.03483297
    - vertices: p322(v70) p932(v38) p452(v6)
    - neighboring facets: f156 f316 f319
- f319
    - flags: bottom simplicial
    - normal:  -0.04481   0.8799   0.4731
    - offset: -0.03347545
    - vertices: p322(v70) p932(v38) p348(v19)
    - neighboring facets: f264 f320 f318
- f320
    - flags: bottom simplicial
    - normal:   -0.2221   0.9097   0.3508
    - offset: -0.03020297
    - vertices: p322(v70) p348(v19) p776(v11)
    - neighboring facets: f277 f321 f319
- f321
    - flags: top simplicial
    - normal:   -0.3193   0.7613   0.5644
    - offset: -0.03021798
    - vertices: p322(v70) p442(v25) p776(v11)
    - neighboring facets: f325 f320 f317
- f322
    - flags: bottom simplicial
    - normal:   -0.5192   0.2818   0.8069
    - offset: -0.03085761
    - vertices: p653(v71) p550(v24) p794(v13)
    - neighboring facets: f88 f323 f327
- f323
    - flags: top simplicial
    - normal:   -0.5149   0.2851   0.8084
    - offset: -0.0308466
    - vertices: p653(v71) p216(v47) p794(v13)
    - neighboring facets: f204 f322 f326
- f324
    - flags: top simplicial
    - normal:   -0.6843    0.572   0.4523
    - offset: -0.03178092
    - vertices: p653(v71) p560(v63) p776(v11)
    - neighboring facets: f284 f325 f328
- f325
    - flags: bottom simplicial
    - normal:   -0.4142   0.6885   0.5954
    - offset: -0.03054071
    - vertices: p653(v71) p442(v25) p776(v11)
    - neighboring facets: f321 f324 f326
- f326
    - flags: bottom simplicial
    - normal:   -0.3289   0.5299   0.7817
    - offset: -0.02999668
    - vertices: p653(v71) p216(v47) p442(v25)
    - neighboring facets: f317 f325 f323
- f327
    - flags: top simplicial
    - normal:   -0.6921   0.4081   0.5954
    - offset: -0.0322976
    - vertices: p653(v71) p550(v24) p288(v1)
    - neighboring facets: f88 f328 f322
- f328
    - flags: bottom simplicial
    - normal:   -0.7419   0.4816   0.4666
    - offset: -0.03194386
    - vertices: p653(v71) p560(v63) p288(v1)
    - neighboring facets: f287 f327 f324
- f329
    - flags: top simplicial
    - normal:    0.7242   0.5883   0.3598
    - offset: -0.1912535
    - vertices: p756(v72) p76(v49) p587(v10)
    - neighboring facets: f215 f331 f330
- f330
    - flags: bottom simplicial
    - normal:    0.8958    0.438  0.07586
    - offset: -0.2467964
    - vertices: p756(v72) p76(v49) p658(v20)
    - neighboring facets: f217 f332 f329
- f331
    - flags: bottom simplicial
    - normal:    0.6846   0.7245  0.07954
    - offset: -0.2021697
    - vertices: p756(v72) p143(v58) p587(v10)
    - neighboring facets: f349 f329 f332
- f332
    - flags: top simplicial
    - normal:    0.7504   0.6609 -0.01294
    - offset: -0.2222797
    - vertices: p756(v72) p143(v58) p658(v20)
    - neighboring facets: f257 f330 f331
- f333
    - flags: bottom simplicial
    - normal:    0.9937    0.112 -5.548e-05
    - offset: -0.2687739
    - vertices: p393(v73) p76(v49) p677(v2)
    - neighboring facets: f218 f335 f334
- f334
    - flags: top simplicial
    - normal:    0.9829   0.1607 -0.09015
    - offset: -0.2712144
    - vertices: p393(v73) p76(v49) p687(v44)
    - neighboring facets: f217 f336 f333
- f335
    - flags: top simplicial
    - normal:    0.9934  0.04808  -0.1041
    - offset: -0.2739519
    - vertices: p393(v73) p361(v64) p677(v2)
    - neighboring facets: f300 f333 f336
- f336
    - flags: bottom simplicial
    - normal:    0.9676  0.01466  -0.2521
    - offset:  -0.274919
    - vertices: p393(v73) p361(v64) p687(v44)
    - neighboring facets: f293 f334 f335
- f337
    - flags: top simplicial tested
    - normal:   -0.3683  -0.8958  -0.2488
    - offset: -0.05250808
    - center: 0.02425543333333334 -0.0491481 -0.06998773333333334 
    - vertices: p345(v74) p821(v30) p472(v9)
    - neighboring facets: f240 f340 f338
- f338
    - flags: top simplicial tested
    - normal:   -0.1974   -0.921  -0.3358
    - offset: -0.06517415
    - center: 0.03370673333333334 -0.05154866666666667 -0.07252760000000001 
    - vertices: p345(v74) p61(v51) p821(v30)
    - neighboring facets: f388 f337 f468
    - ridges:
- f340
    - flags: bottom simplicial tested
    - normal:   -0.3407  -0.9315   0.1274
    - offset:  -0.029884
    - center: 0.01671493333333334 -0.04376679999999999 -0.0407567 
    - vertices: p345(v74) p93(v57) p472(v9)
    - neighboring facets: f252 f337 f446
- f347
    - flags: bottom simplicial
    - normal:    0.1471   0.7684   0.6229
    - offset: -0.03680953
    - vertices: p71(v76) p932(v38) p587(v10)
    - neighboring facets: f156 f349 f348
- f348
    - flags: bottom simplicial
    - normal:   0.06505    0.901   0.4288
    - offset: -0.03565317
    - vertices: p71(v76) p988(v59) p932(v38)
    - neighboring facets: f264 f347 f350
- f349
    - flags: top simplicial
    - normal:    0.3285   0.9069   0.2639
    - offset: -0.1087147
    - vertices: p71(v76) p143(v58) p587(v10)
    - neighboring facets: f331 f347 f350
- f350
    - flags: top simplicial
    - normal:    0.2695   0.9373    0.221
    - offset: -0.09876561
    - center: 0.24092 0.05174646666666665 -0.06636336666666666 
    - vertices: p71(v76) p988(v59) p143(v58)
    - neighboring facets: f352 f349 f348
- f352
    - flags: bottom simplicial tested
    - normal:    0.1015   0.9948 -0.01222
    - offset: -0.07730624
    - center: 0.2390466666666667 0.0524323 -0.07174296666666667 
    - vertices: p862(v77) p988(v59) p143(v58)
    - neighboring facets: f350 f402 f463
    - ridges:
- f357
    - flags: bottom simplicial tested
    - normal:  -0.008372   0.1807  -0.9835
    - offset: -0.08390898
    - center: 0.05740043333333333 0.04901413333333333 -0.07679906666666667 
    - vertices: p30(v78) p844(v21) p316(v3)
    - neighboring facets: f274 f404 f407
- f365
    - flags: bottom simplicial tested
    - normal:   -0.1027   0.8595  -0.5007
    - offset: -0.07637935
    - center: 0.0434763 0.05088063333333333 -0.07412243333333333 
    - vertices: p633(v79) p443(v61) p844(v21)
    - neighboring facets: f274 f411 f462
    - ridges:
- f369
    - flags: top simplicial
    - normal:   -0.9942   0.1077 -0.005608
    - offset: -0.03484277
    - vertices: p629(v80) p560(v63) p822(v32)
    - neighboring facets: f287 f371 f416
- f370
    - flags: bottom simplicial
    - normal:   -0.9996 -0.02637 -0.007166
    - offset: -0.03452249
    - vertices: p629(v80) p463(v16) p288(v1)
    - neighboring facets: f149 f371 f415
- f371
    - flags: top simplicial
    - normal:        -1        0        0
    - offset:    -0.0346
    - vertices: p629(v80) p822(v32) p288(v1)
    - neighboring facets: f287 f370 f369
- f373
    - flags: bottom simplicial
    - normal:   -0.5284   0.2228  -0.8192
    - offset: -0.06195659
    - vertices: p964(v81) p844(v21) p827(v5)
    - neighboring facets: f117 f374 f376
- f374
    - flags: top simplicial
    - normal:   -0.7291 -0.06106  -0.6816
    - offset: -0.04317233
    - vertices: p964(v81) p859(v31) p827(v5)
    - neighboring facets: f244 f373 f419
- f376
    - flags: bottom simplicial
    - normal:   -0.6301   0.6626  -0.4047
    - offset: -0.04837585
    - center: 0.01272946900000001 0.0429865 -0.06896300000000001 
    - vertices: p964(v81) p659(v41) p844(v21)
    - neighboring facets: f410 f373 f377
- f377
    - flags: bottom simplicial
    - normal:    -0.703   0.6748  -0.2245
    - offset: -0.03656572
    - vertices: p964(v81) p560(v63) p659(v41)
    - neighboring facets: f284 f376 f417
- f378
    - flags: top simplicial
    - normal:    0.6884  -0.6989   0.1941
    - offset: -0.2009717
    - vertices: p583(v82) p280(v65) p83(v42)
    - neighboring facets: f294 f379 f382
- f379
    - flags: bottom simplicial
    - normal:    0.8273   -0.446   0.3414
    - offset:   -0.22138
    - vertices: p583(v82) p762(v66) p83(v42)
    - neighboring facets: f303 f378 f380
- f380
    - flags: top simplicial
    - normal:    0.9217  -0.3771  0.09109
    - offset: -0.2559289
    - vertices: p583(v82) p762(v66) p361(v64)
    - neighboring facets: f300 f381 f379
- f381
    - flags: top simplicial
    - normal:    0.9018   -0.376  -0.2128
    - offset: -0.2651456
    - vertices: p583(v82) p361(v64) p671(v22)
    - neighboring facets: f293 f382 f380
- f382
    - flags: bottom simplicial
    - normal:    0.8789  -0.4425  -0.1781
    - offset: -0.2598927
    - vertices: p583(v82) p280(v65) p671(v22)
    - neighboring facets: f296 f381 f378
- f384
    - flags: top simplicial tested
    - normal:   0.03765  -0.2476  -0.9681
    - offset: -0.09476386
    - center: 0.2222396666666667 -0.05128026666666666 -0.07612460000000001 
    - vertices: p557(v83) p433(v68) p471(v45)
    - neighboring facets: f423 f386 f422
- f385
    - flags: top simplicial tested
    - normal:    0.0172 -0.01349  -0.9998
    - offset: -0.08111378
    - center: 0.229634 -0.02498211 -0.07684589999999999 
    - vertices: p557(v83) p574(v75) p456(v15)
    - neighboring facets: f453 f421 f386
    - ridges:
- f386
    - flags: bottom simplicial tested
    - normal:   0.09498 -0.02502  -0.9952
    - offset: -0.09913459
    - center: 0.2366763333333333 -0.03591027666666666 -0.07612460000000001 
    - vertices: p557(v83) p574(v75) p471(v45)
    - neighboring facets: f434 f384 f385
- f387
    - flags: top simplicial tested
    - normal:  -0.005193  -0.2237  -0.9746
    - offset: -0.08578594
    - center: 0.1119608333333333 -0.05136796666666666 -0.0768238 
    - vertices: p933(v84) p433(v68) p821(v30)
    - neighboring facets: f455 f388 f424
    - ridges:
- f388
    - flags: bottom simplicial tested
    - normal:  -0.03147  -0.7225  -0.6906
    - offset: -0.08745226
    - center: 0.0617642 -0.05154866666666665 -0.07551233333333332 
    - vertices: p933(v84) p61(v51) p821(v30)
    - neighboring facets: f338 f387 f469
    - ridges:
- f394
    - flags: top simplicial tested
    - normal:  0.009666  -0.9589   0.2837
    - offset: -0.03424847
    - center: 0.1535966666666667 -0.0447711 -0.03583876666666667 
    - vertices: p874(v85) p93(v57) p391(v12)
    - neighboring facets: f254 f396 f448
- f396
    - flags: bottom simplicial tested
    - normal:   0.04089   -0.986   0.1618
    - offset: -0.04994167
    - center: 0.233794 -0.05151856666666667 -0.06434849999999999 
    - vertices: p874(v85) p471(v45) p391(v12)
    - neighboring facets: f295 f394 f397
- f397
    - flags: bottom simplicial tested
    - normal:  0.007575  -0.9998  0.01651
    - offset: -0.05336188
    - center: 0.2178703333333334 -0.05288360000000001 -0.07047146666666666 
    - vertices: p874(v85) p681(v69) p471(v45)
    - neighboring facets: f426 f396 f429
- f400
    - flags: top simplicial tested
    - normal:  0.001855   0.2093  -0.9779
    - offset: -0.08605813
    - center: 0.1865653333333333 0.0518197 -0.07656280000000001 
    - vertices: p813(v86) p862(v77) p316(v3)
    - neighboring facets: f460 f404 f402
    - ridges:
- f402
    - flags: bottom simplicial tested
    - normal:   0.06251  0.03315  -0.9975
    - offset: -0.09235067
    - center: 0.2350366666666666 0.051252 -0.07614926666666667 
    - vertices: p813(v86) p862(v77) p143(v58)
    - neighboring facets: f352 f433 f400
- f404
    - flags: bottom simplicial tested
    - normal:  -0.00126   0.1079  -0.9942
    - offset: -0.0816052
    - center: 0.1243076666666667 0.0499532 -0.07682206666666666 
    - vertices: p813(v86) p30(v78) p316(v3)
    - neighboring facets: f357 f400 f454
    - ridges:
- f406
    - flags: bottom simplicial tested
    - normal:  -0.004292 0.0004502       -1
    - offset: -0.07685818
    - center: 0.02853196666666667 0.0096872 -0.076977 
    - vertices: p95(v87) p821(v30) p844(v21)
    - neighboring facets: f117 f407 f452
    - ridges:
- f407
    - flags: top simplicial tested
    - normal:  -0.002873 0.001766       -1
    - offset: -0.07695061
    - center: 0.0346658 0.0417027 -0.076977 
    - vertices: p95(v87) p30(v78) p844(v21)
    - neighboring facets: f357 f406 f457
    - ridges:
- f408
    - flags: bottom simplicial tested
    - normal:   -0.2961    0.939   0.1752
    - offset: -0.03092083
    - center: 0.00653586666666667 0.04245643333333333 -0.04001716 
    - vertices: p657(v88) p659(v41) p776(v11)
    - neighboring facets: f284 f409 f410
- f409
    - flags: top simplicial tested
    - normal:   -0.2271   0.9488   0.2195
    - offset: -0.03017128
    - center: 0.006929433333333334 0.03747506666666667 -0.01736334999999999 
    - vertices: p657(v88) p808(v62) p776(v11)
    - neighboring facets: f277 f408 f412
- f410
    - flags: top simplicial tested
    - normal:   -0.4545   0.8151  -0.3592
    - offset: -0.05579069
    - center: 0.0203949 0.04964286666666667 -0.06848046666666667 
    - vertices: p657(v88) p659(v41) p844(v21)
    - neighboring facets: f376 f411 f408
- f411
    - flags: bottom simplicial tested
    - normal:   -0.1173   0.8778  -0.4645
    - offset: -0.07413217
    - center: 0.0301871 0.05081036666666666 -0.07119956666666667 
    - vertices: p657(v88) p633(v79) p844(v21)
    - neighboring facets: f365 f410 f439
- f412
    - flags: bottom simplicial tested
    - normal:   -0.1282   0.9639   0.2335
    - offset: -0.03241535
    - center: 0.01923693333333333 0.04025503333333333 -0.01677905666666666 
    - vertices: p657(v88) p808(v62) p348(v19)
    - neighboring facets: f277 f441 f409
- f415
    - flags: top simplicial
    - normal:   -0.9979  0.02299 -0.06014
    - offset: -0.03492863
    - vertices: p149(v89) p629(v80) p463(v16)
    - neighboring facets: f370 f418 f416
- f416
    - flags: bottom simplicial
    - normal:   -0.9925   0.1128 -0.04782
    - offset: -0.03502237
    - vertices: p149(v89) p629(v80) p560(v63)
    - neighboring facets: f369 f417 f415
- f417
    - flags: top simplicial
    - normal:    -0.833   0.4306  -0.3474
    - offset: -0.03669631
    - vertices: p149(v89) p964(v81) p560(v63)
    - neighboring facets: f377 f416 f419
- f418
    - flags: bottom simplicial
    - normal:    -0.806 -0.05346  -0.5895
    - offset: -0.03739471
    - vertices: p149(v89) p859(v31) p463(v16)
    - neighboring facets: f243 f415 f419
- f419
    - flags: bottom simplicial
    - normal:   -0.8047 -0.04954  -0.5916
    - offset: -0.03740993
    - vertices: p149(v89) p964(v81) p859(v31)
    - neighboring facets: f374 f418 f417
- f421
    - flags: top simplicial tested
    - normal:   0.01413 -0.01396  -0.9998
    - offset: -0.08043653
    - center: 0.2236616666666667 -0.03196173333333333 -0.07684590000000001 
    - vertices: p880(v90) p557(v83) p456(v15)
    - neighboring facets: f385 f453 f422
    - ridges:
- f422
    - flags: bottom simplicial tested
    - normal:   0.01394 -0.01406  -0.9998
    - offset: -0.08039856
    - center: 0.212784 -0.04279436666666667 -0.07684590000000001 
    - vertices: p880(v90) p557(v83) p433(v68)
    - neighboring facets: f384 f455 f421
    - ridges:
- f423
    - flags: bottom simplicial tested
    - normal:   0.01305  -0.8965  -0.4429
    - offset: -0.08363454
    - center: 0.2081796666666667 -0.05273413333333333 -0.07596366666666667 
    - vertices: p127(v91) p433(v68) p471(v45)
    - neighboring facets: f384 f426 f424
- f424
    - flags: bottom simplicial tested
    - normal:  0.002862  -0.8741  -0.4857
    - offset: -0.08380435
    - center: 0.1649753333333333 -0.05281929999999999 -0.07650876666666667 
    - vertices: p127(v91) p933(v84) p433(v68)
    - neighboring facets: f387 f423 f470
    - ridges:
- f426
    - flags: top simplicial tested
    - normal:  0.004728  -0.9998 -0.01897
    - offset: -0.05531616
    - center: 0.212476 -0.05291483333333333 -0.07414910000000001 
    - vertices: p127(v91) p681(v69) p471(v45)
    - neighboring facets: f397 f423 f466
    - ridges:
- f428
    - flags: top simplicial tested
    - normal:   0.00022       -1 0.004207
    - offset: -0.0527436
    - center: 0.1543876666666667 -0.052997 -0.06820253333333333 
    - vertices: p718(v92) p681(v69) p746(v34)
    - neighboring facets: f467 f445 f429
    - ridges:
- f429
    - flags: top simplicial tested
    - normal:   0.00106  -0.9999  0.01464
    - offset: -0.05216368
    - center: 0.1789246666666666 -0.05296576666666666 -0.06734053333333334 
    - vertices: p718(v92) p874(v85) p681(v69)
    - neighboring facets: f397 f428 f449
- f432
    - flags: top simplicial tested
    - normal:   0.05538  0.01278  -0.9984
    - offset: -0.08982495
    - center: 0.2350346666666666 0.02617039 -0.076598 
    - vertices: p914(v93) p813(v86) p574(v75)
    - neighboring facets: f456 f434 f433
    - ridges:
- f433
    - flags: bottom simplicial tested
    - normal:   0.06298  0.02635  -0.9977
    - offset: -0.09213197
    - center: 0.2398543333333333 0.04538533333333333 -0.07600653333333332 
    - vertices: p914(v93) p813(v86) p143(v58)
    - neighboring facets: f402 f436 f432
- f434
    - flags: top simplicial tested
    - normal:     0.145 -0.01348  -0.9893
    - offset: -0.1103875
    - center: 0.242811 -0.007897476666666667 -0.07587670000000001 
    - vertices: p914(v93) p574(v75) p471(v45)
    - neighboring facets: f386 f435 f432
- f435
    - flags: top simplicial tested
    - normal:    0.2577 -0.01534  -0.9661
    - offset: -0.1364359
    - center: 0.2496936666666667 -0.01234806666666667 -0.07442360000000003 
    - vertices: p914(v93) p471(v45) p888(v8)
    - neighboring facets: f194 f436 f434
- f436
    - flags: bottom simplicial tested
    - normal:    0.2934 -0.009229  -0.9559
    - offset: -0.1447141
    - center: 0.25103 0.0223324 -0.07455343333333334 
    - vertices: p914(v93) p143(v58) p888(v8)
    - neighboring facets: f257 f435 f433
- f439
    - flags: top simplicial tested
    - normal:  -0.01009   0.9999 3.315e-05
    - offset: -0.05254227
    - center: 0.03791923333333334 0.05292973333333333 -0.06781753333333333 
    - vertices: p852(v94) p657(v88) p633(v79)
    - neighboring facets: f411 f462 f443
    - ridges:
- f440
    - flags: top simplicial tested
    - normal:  -0.003071   0.9689   0.2473
    - offset: -0.03485732
    - center: 0.1094818 0.04638133333333333 -0.03940493333333334 
    - vertices: p952(v95) p988(v59) p348(v19)
    - neighboring facets: f264 f441 f442
- f441
    - flags: bottom simplicial tested
    - normal:  -0.004578   0.9692   0.2462
    - offset: -0.03482953
    - center: 0.0393326 0.04631106666666668 -0.04011020000000001 
    - vertices: p952(v95) p657(v88) p348(v19)
    - neighboring facets: f412 f440 f443
- f442
    - flags: top simplicial tested
    - normal:  -0.002667   0.9857   0.1683
    - offset: -0.04088343
    - center: 0.1187654666666667 0.05290716666666666 -0.06507049999999999 
    - vertices: p952(v95) p852(v94) p988(v59)
    - neighboring facets: f463 f440 f443
    - ridges:
- f443
    - flags: bottom simplicial tested
    - normal:  -0.002743   0.9855   0.1694
    - offset: -0.04079571
    - center: 0.04861626666666666 0.05283690000000001 -0.06577576666666667 
    - vertices: p952(v95) p852(v94) p657(v88)
    - neighboring facets: f439 f441 f442
- f445
    - flags: top simplicial tested
    - normal:  9.139e-05       -1 0.004178
    - offset: -0.0527289
    - center: 0.1034621333333333 -0.052997 -0.06632283333333333 
    - vertices: p158(v96) p718(v92) p746(v34)
    - neighboring facets: f428 f467 f451
    - ridges:
- f446
    - flags: top simplicial tested
    - normal:  -0.01964  -0.9688   0.2472
    - offset: -0.03402904
    - center: 0.02973366666666667 -0.04616736666666666 -0.04091376666666667 
    - vertices: p158(v96) p345(v74) p93(v57)
    - neighboring facets: f340 f450 f468
    - ridges:
- f448
    - flags: bottom simplicial
    - normal:  -0.0002256  -0.9657   0.2597
    - offset: -0.03416268
    - vertices: p936(v97) p874(v85) p93(v57)
    - neighboring facets: f394 f450 f449
- f449
    - flags: bottom simplicial
    - normal:  0.0003352  -0.9901   0.1401
    - offset: -0.04334207
    - vertices: p936(v97) p718(v92) p874(v85)
    - neighboring facets: f429 f448 f451
- f450
    - flags: top simplicial
    - normal:  -0.001518  -0.9663   0.2576
    - offset: -0.03415189
    - vertices: p936(v97) p158(v96) p93(v57)
    - neighboring facets: f446 f448 f451
- f451
    - flags: bottom simplicial
    - normal:  -0.001217  -0.9764   0.2158
    - offset: -0.03746033
    - vertices: p936(v97) p158(v96) p718(v92)
    - neighboring facets: f445 f449 f450
- f452
    - flags: top simplicial tricoplanar keepcentrum
    - owner of normal & centrum is facet f452
    - normal:         0       -0       -1
    - offset:     -0.077
    - center: 0.150219325 -0.003346666250000001 -0.077 
    - vertices: p880(v90) p95(v87) p821(v30)
    - neighboring facets: f406 f455 f457
- f453
    - flags: bottom simplicial tricoplanar
    - owner of normal & centrum is facet f452
    - normal:         0       -0       -1
    - offset:     -0.077
    - center: 0.150219325 -0.003346666250000001 -0.077 
    - vertices: p880(v90) p574(v75) p456(v15)
    - neighboring facets: f385 f421 f456
- f454
    - flags: top simplicial tricoplanar
    - owner of normal & centrum is facet f452
    - normal:         0       -0       -1
    - offset:     -0.077
    - center: 0.150219325 -0.003346666250000001 -0.077 
    - vertices: p880(v90) p813(v86) p30(v78)
    - neighboring facets: f404 f457 f456
- f455
    - flags: bottom simplicial tricoplanar
    - owner of normal & centrum is facet f452
    - normal:         0       -0       -1
    - offset:     -0.077
    - center: 0.150219325 -0.003346666250000001 -0.077 
    - vertices: p880(v90) p433(v68) p821(v30)
    - neighboring facets: f387 f452 f422
- f456
    - flags: bottom simplicial tricoplanar
    - owner of normal & centrum is facet f452
    - normal:         0       -0       -1
    - offset:     -0.077
    - center: 0.150219325 -0.003346666250000001 -0.077 
    - vertices: p880(v90) p813(v86) p574(v75)
    - neighboring facets: f432 f453 f454
- f457
    - flags: bottom simplicial tricoplanar
    - owner of normal & centrum is facet f452
    - normal:         0       -0       -1
    - offset:     -0.077
    - center: 0.150219325 -0.003346666250000001 -0.077 
    - vertices: p880(v90) p95(v87) p30(v78)
    - neighboring facets: f407 f454 f452
- f460
    - flags: bottom simplicial tricoplanar keepcentrum
    - owner of normal & centrum is facet f460
    - normal:         0        1        0
    - offset:     -0.053
    - center: 0.1208918833333333  0.053 -0.07144845 
    - vertices: p852(v94) p862(v77) p316(v3)
    - neighboring facets: f400 f461 f463
- f461
    - flags: top simplicial tricoplanar
    - owner of normal & centrum is facet f460
    - normal:         0        1        0
    - offset:     -0.053
    - center: 0.1208918833333333  0.053 -0.07144845 
    - vertices: p852(v94) p443(v61) p316(v3)
    - neighboring facets: f274 f460 f462
- f462
    - flags: top simplicial tricoplanar
    - owner of normal & centrum is facet f460
    - normal:         0        1        0
    - offset:     -0.053
    - center: 0.1208918833333333  0.053 -0.07144845 
    - vertices: p852(v94) p633(v79) p443(v61)
    - neighboring facets: f365 f461 f439
- f463
    - flags: top simplicial tricoplanar
    - owner of normal & centrum is facet f460
    - normal:         0        1        0
    - offset:     -0.053
    - center: 0.1208918833333333  0.053 -0.07144845 
    - vertices: p852(v94) p862(v77) p988(v59)
    - neighboring facets: f352 f442 f460
- f466
    - flags: bottom simplicial tricoplanar keepcentrum
    - owner of normal & centrum is facet f466
    - normal:        -0       -1       -0
    - offset:     -0.053
    - center: 0.1089493 -0.053 -0.07117008571428571 
    - vertices: p158(v96) p127(v91) p681(v69)
    - neighboring facets: f426 f467 f470
- f467
    - flags: bottom simplicial tricoplanar
    - owner of normal & centrum is facet f466
    - normal:        -0       -1       -0
    - offset:     -0.053
    - center: 0.1089493 -0.053 -0.07117008571428571 
    - vertices: p158(v96) p681(v69) p746(v34)
    - neighboring facets: f428 f445 f466
- f468
    - flags: bottom simplicial tricoplanar
    - owner of normal & centrum is facet f466
    - normal:        -0       -1       -0
    - offset:     -0.053
    - center: 0.1089493 -0.053 -0.07117008571428571 
    - vertices: p158(v96) p345(v74) p61(v51)
    - neighboring facets: f338 f469 f446
- f469
    - flags: top simplicial tricoplanar
    - owner of normal & centrum is facet f466
    - normal:        -0       -1       -0
    - offset:     -0.053
    - center: 0.1089493 -0.053 -0.07117008571428571 
    - vertices: p158(v96) p933(v84) p61(v51)
    - neighboring facets: f388 f468 f470
- f470
    - flags: top simplicial tricoplanar
    - owner of normal & centrum is facet f466
    - normal:        -0       -1       -0
    - offset:     -0.053
    - center: 0.1089493 -0.053 -0.07117008571428571 
    - vertices: p158(v96) p127(v91) p933(v84)
    - neighboring facets: f424 f469 f466
