3
1000 138 207
-0.0226873 -0.0214959 0.0237464 
0.0336608 0.0251051 -0.149093 
-0.001716 0.0261711 0.0120655 
-0.0138914 0.0225343 -0.0721078 
0.0124822 0.00636427 -0.130289 
0.0220498 -0.0245894 -0.0554996 
0.0118207 0.00528415 -0.0172148 
-0.0295044 -0.0241787 -0.071699 
0.0223124 -0.00393735 0.0112076 
-0.0165253 0.0281289 -0.0100338 
0.0223223 0.022571 -0.0768229 
-0.0154337 0.0109758 -0.137788 
0.0324835 0.0291202 -0.13724 
0.0141943 0.0278655 -0.0711396 
-0.0224216 0.0182911 -0.0920364 
-0.00867515 -0.0158504 -0.0977835 
0.014239 -0.00181938 0.0243555 
0.0172041 -0.00416968 0.0272085 
-0.00322646 -0.0121628 -0.0910337 
-0.002864 -0.0287393 -0.117126 
-0.00947157 -0.0199246 -0.122837 
-0.00991121 -0.0135524 -0.0736554 
0.0148459 0.021359 0.0058784 
-0.00536007 0.028004 -0.158002 
0.0172801 0.0365571 -0.173065 
0.0206261 0.0292663 -0.117607 
-0.0179777 -0.0133375 0.0319701 
-0.00596794 0.0153133 0.00371222 
-0.0190028 0.0344387 -0.119689 
0.00837366 0.0192991 -0.0319256 
0.0242671 0.0305192 -0.125511 
-0.0165304 -0.0183977 0.0294306 
-0.0011022 -0.0220532 -0.0622069 
-0.00365745 0.0303706 0.0249562 
0.00196259 0.0199281 -0.0163835 
0.0113635 0.0369875 -0.08176659999999999 
-0.0191066 0.0115731 -0.128599 
0.00270293 0.0346572 -0.16782 
0.00760835 -0.00192918 0.027151 
0.00954204 -0.010078 -0.0794914 
0.0255779 -0.018228 -0.0134534 
-0.0148017 0.0224602 -0.08723309999999999 
-0.0091374 0.0447022 -0.146708 
0.00715429 -0.0198485 -0.09277050000000001 
-0.0191814 0.0187958 -0.147141 
-0.00281717 -0.0115637 0.0275932 
-0.0258107 -0.0254227 -0.057369 
0.0027117 0.0101073 -0.105425 
0.0146703 0.019934 -0.106848 
0.0326387 -0.0280045 -0.112421 
0.0016221 0.0342049 -0.109709 
0.0241822 -0.0245124 -0.00492058 
0.0328434 0.038283 -0.07728459999999999 
-0.0154292 0.00503601 0.0146654 
-0.00758897 -0.0230627 -0.183539 
0.0110732 -0.00781316 -0.0754022 
-0.00628455 0.0186147 -0.123868 
-0.0174695 0.0156269 -0.106882 
-0.0110237 0.0298985 -0.0125448 
-0.0298402 -0.0175111 -0.0141936 
-0.0130668 -0.0106945 0.0329133 
0.0336149 -0.0269852 -0.140544 
-0.00210122 0.0178093 -0.0825953 
0.00965573 -0.0272983 -0.0116646 
0.0163557 -0.0224397 -0.0300919 
-0.0190349 0.0307925 -0.075796 
0.0185016 0.0219721 -0.0852958 
-0.035 0.0102456 -0.12237 
-0.0311483 -0.0245947 0.0056537 
-0.00744023 0.0219695 -0.105332 
0.009704580000000001 -0.0227533 -0.139066 
0.014291 -0.0248892 0.026613 
0.0210326 -0.0162758 -0.0656287 
0.0207378 -0.00841136 -0.159174 
-0.019944 0.0254343 -0.0608392 
-0.0156882 -0.0178778 -0.124985 
0.00641535 -0.0149611 -0.00561439 
-9.002620000000001e-06 0.0379039 -0.150242 
0.0158 0.0326408 -0.0803895 
-0.0339012 0.0048119 -0.0507428 
0.0312466 0.0293709 -0.13105 
0.008429900000000001 -0.0194896 0.018794 
0.0193502 -0.0107352 -0.140515 
-0.023727 -0.024732 0.0232904 
0.0269177 0.0135 -0.06539689999999999 
0.0131318 0.0211578 -0.129399 
0.00459851 0.032469 -0.00628814 
-0.00283395 -0.028751 -0.11562 
0.0134383 -0.026826 -0.0288854 
-0.0281201 0.0377755 -0.157036 
-0.0208842 -0.00991948 -0.167742 
-0.008492390000000001 0.008840270000000001 -0.127196 
0.00111035 0.0266742 -0.009703710000000001 
0.021449 0.00130912 -0.137039 
0.00131941 -0.0194615 -0.118142 
-0.0141718 -0.0263127 -0.231249 
0.0179095 -0.00452243 -0.0515368 
-0.00349511 -0.0230165 -0.209964 
-0.00439024 0.0351578 -0.0701176 
-0.0148877 -0.00798695 -0.0466765 
-0.023158 0.0161861 -0.084673 
0.00671914 0.0340149 -0.135384 
0.0209248 -0.0206436 0.0252772 
-0.0347787 0.0163357 -0.0605248 
0.0339797 -0.0270713 -0.0739513 
-0.0233133 0.0239504 -0.141269 
-0.0173885 -0.0206793 -0.0888279 
0.00563796 -0.0232271 -0.0879547 
0.010484 0.0148635 -0.0851396 
-0.00702516 0.00353578 0.0272746 
0.00293408 0.0369901 -0.206729 
-0.00766251 0.0347123 -0.0197488 
-0.0128554 0.0305576 -0.0616235 
0.00901593 0.022635 -0.0850452 
0.016393 0.0116673 -0.13066 
0.00741357 0.0188917 -0.159458 
-0.0285083 -0.0272328 0.0233754 
0.00961738 -0.020143 -0.141399 
0.007839230000000001 0.0393768 -0.239352 
-0.0349064 0.00487947 -0.0606301 
-0.0156338 0.00732539 -0.177569 
0.0231226 0.0236985 -0.0513171 
0.0107604 0.0288795 -0.0101059 
-0.0115881 0.0366054 -0.00697696 
-0.00514073 -0.0158534 -0.10241 
0.00439999 0.0228687 -0.0408567 
-0.0133247 -0.0199533 -0.079307 
0.0130099 0.0431167 -0.226825 
-0.00429883 0.0270392 -0.0704507 
-0.00686099 0.0149711 -0.106887 
0.00718721 0.014416 -0.046974 
-0.00269504 0.0209261 -0.0239188 
0.0118818 0.0453387 -0.13494 
-0.00502506 0.0297068 0.0120916 
-0.035 -0.0106567 -0.077126 
4.82221e-05 0.0325486 -0.153874 
-0.00357471 -0.0115362 -0.0403572 
-0.0277088 -0.0246936 0.0183529 
-0.0221597 -0.00778104 -0.0760089 
-0.0212795 -0.0132147 -0.0174316 
-0.00250678 0.00490379 -0.0273468 
-0.0173649 -0.0195861 -0.136762 
0.0182117 0.0318695 -0.0475545 
-0.035 -0.0230673 -0.138867 
-0.0100238 -0.0142978 -0.00676106 
0.0229095 0.0350977 -0.00599662 
0.0161034 0.0348432 0.0267058 
0.00276286 0.0351918 -0.0213025 
-0.0180682 0.0352599 -0.0832372 
-0.0203013 -0.0141418 -0.0476115 
-0.00379237 -0.0143682 -0.0955724 
0.009709840000000001 0.0351997 -0.0754996 
0.0293717 -0.00434118 -0.0873033 
-0.0299588 -0.019231 0.0161952 
0.0162498 -0.0233975 0.0285024 
0.000697884 0.0409074 -0.199937 
0.0325447 -0.0148078 -0.0656143 
-0.0189266 0.019291 -0.0724134 
0.00366721 0.0350751 -0.00777375 
0.0182661 0.0344249 -0.125219 
-0.0104229 -0.0186914 -0.169526 
0.0098989 -0.007857279999999999 0.0263526 
-0.00375902 0.030012 -0.103857 
0.0308634 -0.0247863 -0.111072 
-0.0242297 -0.00769445 -0.144274 
-0.0244787 -0.0290292 -0.07986939999999999 
-0.0163814 0.0417505 -0.216015 
-0.035 0.015746 -0.119215 
-0.0155688 0.0258457 -0.0174792 
0.0104923 0.0335152 0.0285262 
-0.009978259999999999 0.0253892 -0.0793304 
0.00394606 -0.0198359 -0.09439640000000001 
-0.00372399 0.0375345 -0.152038 
0.0092967 0.00986005 -0.124125 
-0.014 -0.0284452 -0.194844 
-0.0192 0.0284507 -0.0821089 
 0.029 -0.0181926 -0.101486 
-0.00235269 -0.0259989 -0.0349518 
0.00698158 0.0363188 0.0380931 
0.00424489 -0.0286313 -0.240883 
0.00249617 0.00929524 0.0274578 
-0.0146747 0.0337742 -0.0971944 
-0.0155232 -0.00614411 -0.149399 
-0.0163143 -0.0142578 -0.140382 
-0.0142535 -0.00372075 -0.105532 
-0.0234617 0.0245654 -0.163792 
-0.0167709 -0.00112352 0.0247335 
0.000666177 0.0148371 -0.0817446 
0.0168167 0.0334475 -0.174022 
-0.0106279 -0.0111528 -0.0923216 
-0.00256726 0.0178104 -0.0883053 
0.00507 -0.0130778 -0.0826226 
-0.0153181 0.0232423 -0.024618 
0.00519252 0.0191549 0.0238289 
0.0175797 -0.0121495 -0.125293 
-0.0159355 -0.0173026 -0.0800621 
0.0147356 -0.00365603 -0.0249357 
0.0314883 0.0276575 -0.0561529 
0.00486074 0.0400132 -0.06919069999999999 
-0.00383993 0.029272 0.00944118 
-0.00738507 0.0404029 -0.126627 
0.00265992 0.0163596 -0.071784 
0.0258459 -0.00695995 0.0140998 
-0.00192191 -0.0291686 -0.0619687 
0.0216962 -0.0116054 -0.0160024 
-0.0223043 -0.0204515 0.0110863 
0.00177378 -0.008791749999999999 -0.0764296 
0.00548493 0.0178548 0.0275574 
0.0190096 0.034949 0.0131173 
-0.0187688 -0.0137058 -0.0240929 
0.0181756 0.0292708 -0.11819 
0.0221996 0.0375868 -0.0565032 
0.00103222 -0.0257335 -0.0371077 
0.0136397 0.0130349 -0.0486613 
 0.034 -0.0203628 -0.13725 
 -0.02 -0.00880275 -0.0415779 
0.0139239 -0.0205408 -0.142596 
-0.0118596 0.0228741 -0.0415454 
-0.0114918 0.00252734 0.0157694 
0.00164548 0.0336199 -0.06101 
-0.0151749 -0.0158503 -0.0977992 
-0.0341986 0.0155814 -0.116138 
0.0170029 -0.0217973 -0.0240558 
0.0186855 -0.0235941 -0.00323559 
0.0176297 0.0258927 -0.104373 
0.0158694 -0.0223051 -0.024247 
-0.00498767 0.0324512 -0.135387 
0.0262601 -0.011274 -0.107091 
0.0250773 0.0285878 0.01107 
-0.0102975 0.0360647 -0.194795 
0.0262264 0.0366315 -0.149146 
-0.0145416 -0.00961706 -0.0965135 
-0.0194413 -0.00374 -0.169754 
-0.0161638 0.0279786 -0.085664 
-0.0123609 0.0287485 0.00673325 
-0.0154561 -0.0270577 -0.08572490000000001 
-0.009002899999999999 -0.013954 -0.012386 
-0.0236375 0.00364934 -0.146508 
0.0223988 0.0222616 -0.0685022 
-0.0170336 -0.0178514 -0.107142 
-0.00346991 -0.012876 -0.127679 
0.0190307 0.0229546 0.0151702 
-0.0025555 -0.0107387 -0.0683844 
-0.0309829 0.028002 0.00627479 
-0.0063381 -0.009134929999999999 -0.09837269999999999 
0.009455689999999999 -0.0134659 -0.082936 
-0.00497541 0.0214978 -0.076125 
-0.0179055 0.0065867 0.0158831 
-0.0108242 0.024976 0.00317773 
-0.0184082 0.0315219 -0.0872483 
-0.0126605 -0.0291386 -0.0658165 
0.0215451 -0.0245851 0.00441554 
-0.000311588 0.0288225 0.0072098 
-0.00204112 0.0348652 0.0238742 
0.013513 0.0332419 -0.0710339 
0.0152072 0.0304522 -0.141498 
-0.0166813 0.047722 -0.144056 
-0.0262637 0.00231822 0.0123132 
0.0139361 -0.00997925 -0.07794810000000001 
-0.0259553 0.0217796 0.00809267 
-0.00350975 -0.0282751 -0.0534474 
-0.00920056 0.0321741 -0.0191724 
0.000638015 0.0375778 -0.157599 
-0.008790070000000001 -0.0106571 -0.0450843 
0.00125453 -0.0160915 -0.09842819999999999 
0.0198432 0.0360641 -0.00636781 
0.0127201 0.0181681 -0.120008 
0.0296144 0.0326875 0.00655761 
-0.0263279 -0.0210782 -0.0146894 
0.00823694 0.0352332 -0.0233999 
0.0109605 -0.0170437 0.022324 
-0.00674568 -0.0288921 -0.0974907 
-0.00447256 -0.0125599 -0.0229301 
 0.034 -0.00422713 -0.114335 
-0.00158587 -0.0133209 -0.09642820000000001 
-0.018578 0.0183044 -0.09634470000000001 
0.0144325 0.00640315 -0.135285 
-0.00694311 -0.0287252 -0.118926 
-0.0217983 0.0288775 -0.166134 
-0.0129124 -0.0257276 -0.00774767 
0.009969509999999999 -0.0292322 -0.182272 
0.0306034 -0.0222062 0.0120951 
0.00188464 0.0259208 0.0102785 
0.0273374 0.0297869 -0.113247 
0.0238451 0.0345234 -0.15063 
0.0268079 0.0189278 -0.08448360000000001 
0.0189248 0.0370874 -0.0945916 
0.0144162 0.0384863 -0.209816 
0.0192699 -0.0220065 -0.0476727 
-0.0230708 0.0201639 -0.0156574 
-0.0147203 0.0200639 -0.07850119999999999 
-0.0180211 -0.0168107 -0.0174354 
-0.00243129 -0.0162997 -0.0322179 
-0.00666079 0.0338904 -0.124826 
 0.029 -0.011948 -0.100757 
0.0154235 0.0377215 -0.0322034 
-0.0318007 0.00794165 -0.0514397 
-0.018 0.00673033 -0.109241 
0.0127279 -0.008014500000000001 -0.0431368 
-0.00978789 0.0353254 -0.0903699 
-0.0241801 0.009993719999999999 -0.00590722 
0.00595961 -0.0105401 -0.0941297 
-0.0184079 -0.0240441 -0.0530749 
-0.00366259 0.0290703 -0.0102071 
0.0111949 0.0306353 -0.0220548 
0.000177121 0.0152856 -0.0682203 
0.0262601 0.0317473 -0.00488255 
0.0255767 -0.025098 -0.0710176 
-0.0243825 -0.0245998 0.00630775 
0.0319517 0.0390985 -0.139909 
-0.000170199 0.0375863 -0.158701 
-0.0225753 0.00509869 0.00661182 
-0.0106365 0.00794985 0.0128981 
0.0322808 0.0354264 -0.0667184 
0.0134776 -0.008099189999999999 -0.032256 
-0.0325943 0.00103592 -0.0881232 
-0.031 0.00564946 -0.0813195 
-0.0130143 -0.0175723 -0.119762 
-0.0138675 0.0315468 -0.150487 
0.0299913 -0.0270012 0.0046508 
0.0139314 0.0300374 -0.07400959999999999 
0.010281 0.009391480000000001 -0.145531 
-0.0125999 0.0259627 -0.0512995 
0.0125169 0.0389909 -0.0697624 
0.013237 0.0374464 -0.140717 
0.0107326 0.0365681 -0.00218444 
-0.0127784 0.0354705 0.0364732 
0.0271283 0.0244001 0.0118376 
-0.0273728 -0.00292057 -0.012038 
-0.000345392 0.0262987 -0.14323 
0.000283003 0.0242491 -0.0870345 
0.0107305 0.0166305 -0.0739486 
0.00874315 -0.0212246 -0.0161988 
0.00677681 0.0366288 -0.0298494 
0.0287549 -0.0266041 -0.024992 
-0.0137689 0.0249661 0.00445423 
 0.029 0.0199721 -0.102273 
0.00313911 0.00170072 -0.0228051 
-0.00731778 -0.0133538 -0.0973427 
-0.0192533 0.0261246 -0.00948477 
0.0188449 0.0158131 -0.150626 
-0.0191857 0.0307083 -0.153955 
0.00693506 -0.00303238 -0.0421235 
0.0338217 0.02694 -0.122424 
-0.0204331 -0.0224975 -0.0525222 
-0.018432 0.0350387 0.00158393 
 0.034 -0.00555459 -0.0880561 
0.0125419 -0.0249133 -0.06881329999999999 
0.0113502 0.0243105 -0.0947913 
0.009177650000000001 -0.0273968 -0.126133 
0.008810210000000001 0.0272338 -0.0904925 
0.030443 0.0380217 -0.0733023 
-0.0189982 0.0281462 -0.170246 
-0.0328419 0.0400277 -0.0887739 
-0.0079291 0.007930039999999999 0.0154431 
0.00650611 0.0341551 -0.11272 
-0.008974970000000001 0.0052713 -0.0155643 
-0.023277 -0.0205573 -0.0125303 
-0.008289080000000001 -0.0285556 -0.102292 
0.00270841 -0.0192726 -0.103653 
0.016542 -0.008922660000000001 -0.0963625 
-0.0219186 -0.0112185 -0.0601887 
-0.00517751 0.0195395 -0.093182 
-0.024553 -0.00746432 -0.0579906 
-0.00389224 0.0167444 -0.07358199999999999 
-0.0345857 -0.008662939999999999 -0.00332575 
0.0291838 -0.00684028 -0.00127529 
-0.0308123 -0.0216021 -0.0958518 
-0.011117 -0.0252545 -0.0247784 
0.0305358 0.0137972 -0.09033339999999999 
0.0184804 -0.00515655 -0.134256 
-0.00184187 -0.0237136 -0.0483954 
0.009123640000000001 -0.0231669 0.0149293 
0.00225924 0.0309616 -0.114855 
-0.0181551 0.0301439 -0.08778329999999999 
-0.0153186 0.00637995 -0.132304 
-0.00542922 0.0365861 -0.134373 
-0.00327921 0.0352593 -0.148855 
0.0243804 -0.0209818 0.0180365 
-0.0193504 0.019769 -0.0894228 
0.0018192 -0.0225393 0.0277422 
-0.0204278 0.034105 0.011827 
0.0305632 0.0372828 -0.0229178 
-0.00983933 -0.0135219 -0.0705973 
-0.018118 -0.00809756 -0.032465 
0.0220549 0.0190207 -0.165808 
0.000802574 -0.0160144 -0.0185072 
-0.0110636 -0.0159151 -0.126893 
0.0276875 0.0034346 -0.0588787 
0.0165534 0.0354285 -0.0491918 
0.00700055 0.0348691 0.0233714 
-0.0286035 -0.0268586 -0.0107512 
0.0339251 -0.0247028 -0.121795 
-0.0122256 0.028123 -0.183875 
0.0156189 0.0318314 -0.0680543 
0.00693127 0.0193369 -0.0367813 
-0.018628 0.0350593 -0.11931 
0.0126666 -0.0142667 -0.123792 
-0.01231 0.0359139 0.000655362 
-0.0154292 0.00687075 -0.00405494 
-0.0139711 0.0371905 -0.201497 
-0.0178011 -0.0124303 -0.0320919 
 0.029 0.0341979 -0.09230960000000001 
0.0246388 0.00976934 -0.0541405 
0.0184308 -0.00174262 -0.149472 
 0.034 -0.0198205 -0.103055 
-0.0177994 0.0287125 -0.148322 
-0.00343497 -0.021434 0.0107139 
0.0116789 -0.0249658 -0.0880079 
0.0142083 0.0217632 -0.00710239 
0.0179669 0.0268472 -0.148149 
0.0235836 0.0288572 0.0082866 
0.0012562 0.0343606 -0.190695 
-0.00431142 0.024243 -0.0862446 
-0.013012 -0.0155372 -0.0519659 
-0.024788 -0.009804210000000001 -0.0689391 
0.0183661 0.0350977 -0.124365 
-0.0209362 -0.0125522 -0.0533374 
-0.008808079999999999 -0.024492 -0.148881 
-0.0123874 0.0217273 -0.06813429999999999 
-0.0214453 0.0261079 -0.00734225 
0.0266414 0.0292816 -0.119583 
-0.0175878 -0.0295468 -0.000521926 
0.0112135 0.0394838 -0.119819 
0.0165206 0.0212021 -0.0805757 
0.0043829 -0.0290702 -0.0746107 
-0.0245323 0.0073202 -0.0474445 
0.0107067 0.0197029 0.01255 
0.000234728 -0.0283719 -0.210774 
-0.0347602 -0.0246785 -0.137562 
0.01075 0.00966492 -0.139628 
-0.0138681 -0.0247747 0.0287744 
0.0187199 0.0203074 0.0155393 
-0.031 0.0207718 -0.118539 
-0.0166425 -0.0195722 -0.138552 
-0.0084277 -0.0149195 0.00255509 
-0.0176385 -0.0167935 -0.0109431 
 0.034 -0.00159081 -0.0659014 
 0.029 0.010426 -0.139886 
-0.0181667 -0.0289284 -0.0928296 
0.0331573 0.0330862 -0.094456 
0.010169 -0.0259143 -0.0288389 
0.0148517 -0.0175525 -0.140655 
-0.031 0.00283191 -0.125218 
0.028961 0.0213709 -0.0484101 
-0.0132436 -0.0249331 -0.0922113 
-0.0292829 -0.0133663 -0.0656818 
-0.015649 0.0319737 -0.0902863 
-0.0009992810000000001 0.0210347 -0.0473377 
0.0041852 0.0252004 -0.173399 
0.020836 0.0377916 -0.0308964 
0.0301693 -0.0246981 0.0189313 
0.0100802 0.0208027 -0.09207990000000001 
0.0268112 -0.00997867 -0.009870159999999999 
0.033735 0.0247283 -0.103308 
0.0158547 -0.00352129 -0.148995 
-0.0338977 0.00236765 -0.0521961 
0.0257704 0.0350811 -0.00385956 
0.0055676 0.0138902 -0.0479266 
-0.0181377 0.0352217 -0.0783302 
0.0348002 0.0167769 -0.145948 
-0.00494264 0.0364335 0.0151125 
-0.0136748 0.0278597 -0.0795273 
0.0124883 -0.010138 -0.0475804 
-0.00376446 -0.0227235 0.0325853 
0.0336942 -0.0182489 -0.0127252 
-0.0128947 -0.0250582 -0.0761322 
0.0213065 -0.0246341 0.0107039 
0.0155044 -0.0249607 -0.08865960000000001 
-0.016965 0.0232198 -0.00251686 
-0.0216696 0.0214883 -0.156871 
-0.0112278 -0.0289998 -0.212132 
-0.0329262 -0.0227814 -0.00182062 
-0.00847064 0.0240585 -0.176144 
0.032639 -0.00656476 -0.140402 
0.016018 0.0370724 -0.221148 
0.00144917 0.0359896 -0.147587 
0.0183181 0.00260329 0.0200465 
0.0316418 0.008069440000000001 -0.108263 
-0.0254772 0.0374382 -0.139663 
-0.0190734 -0.020976 -0.0163235 
-0.00682419 -0.00192382 -0.0485647 
-0.00249213 0.0290765 -0.07254770000000001 
-0.0238227 0.00214583 0.0167027 
0.00407898 -0.01794 -0.0217149 
-0.0137554 0.0427897 -0.191926 
-0.0162864 -0.0250733 -0.07419679999999999 
0.0109766 0.00249458 -0.106984 
-0.00276752 0.029117 -0.0777429 
-0.0131462 0.0349422 -0.0963649 
-0.0348389 0.0222184 -0.101795 
-0.0155226 -0.0133177 0.0327842 
0.0141075 -0.0233659 -0.207642 
-0.0318708 -0.0143233 -0.0197241 
0.00970817 -0.0205487 0.0313609 
-0.009059090000000001 0.0062573 -0.106955 
-0.00868675 0.0373137 0.0305087 
-0.0316481 0.00727633 -0.121562 
-0.00999427 0.0132776 -0.121163 
0.0267437 -0.0279164 0.000748142 
0.0317138 -0.00112834 -0.0695079 
-0.0253137 0.0303183 -0.020146 
-0.00390202 -0.017268 0.0223081 
0.0204605 0.0245157 -0.106812 
0.00388524 0.0423021 -0.154675 
-0.0004418 0.0255708 -0.0803705 
-0.0136087 0.0196258 -0.118672 
0.0267612 -0.0165393 -0.00143429 
0.00256616 0.0255012 -0.0937157 
-0.0272867 -0.0124143 -0.158617 
0.00724753 0.00763866 0.016211 
0.0115686 -0.0175937 -0.10724 
-0.0192 0.0290487 -0.0967494 
0.0189253 0.019351 -0.0385998 
0.0142418 -0.00669072 -0.0204905 
-0.0258215 -0.0140685 0.00232044 
0.00311642 0.0358451 -0.10884 
0.030998 -0.0208243 -0.106173 
0.0186181 0.0209851 -0.0786343 
-0.0257579 -0.010337 -0.0532599 
0.0141292 -0.0209434 -0.185206 
0.00733923 -0.0162482 0.0198402 
0.0335133 -0.00616084 0.00106231 
-0.0154135 0.0283905 0.028818 
-0.0249523 0.0293307 -0.125891 
0.0183077 -0.0177943 -0.135706 
-0.007924809999999999 0.0289387 0.007989339999999999 
-0.018268 -0.00470013 -0.0796466 
-0.00581161 -0.0179399 -0.117001 
 0.034 -0.0129424 -0.127689 
0.0304499 -0.0245674 0.00214548 
-0.0306891 -0.028877 -0.0836185 
-0.0230326 0.0303101 -0.152142 
0.0329013 -0.0192933 -0.00190817 
0.0031393 0.0231748 -0.0731332 
-0.035 -0.0156412 -0.137205 
-0.0136549 0.0175801 -0.0412049 
-0.017865 -0.0224814 0.022744 
-0.00661984 0.0327405 -0.0860235 
0.0179557 -0.00844721 -0.105569 
0.0228567 -0.0186163 0.016362 
0.0291587 -0.0289345 -0.09204610000000001 
-0.00204433 -0.0249047 -0.0958566 
 0.029 -0.0083616 -0.08430989999999999 
-0.0233841 0.0350083 0.00549342 
-0.00496862 0.0298824 -0.00469108 
-0.00502969 0.0258266 -0.0891584 
0.00725703 0.0210964 -0.121511 
0.0137498 0.0353116 -0.0334779 
-0.020243 0.0207736 -0.0874456 
-0.00410122 -0.00460538 -0.09469619999999999 
-0.0218546 -0.0132243 -0.0162033 
0.000301305 0.0362314 0.0266973 
-0.00604566 0.0235466 -0.0145465 
-0.00489073 -0.0111981 -0.0864933 
-0.00774547 0.0300897 0.00223502 
-0.0144859 -0.00907609 -0.07664990000000001 
-0.0113148 -0.0236992 -0.237452 
0.0113405 0.0121397 -0.154846 
0.0155203 0.0305059 0.0198079 
0.0188274 -0.00730059 -0.0786046 
0.0140466 0.0297541 0.00601809 
0.0343005 -0.0247608 -0.114337 
0.0203646 0.0180921 -0.136492 
0.0166346 -0.0158681 -0.100518 
0.00691994 -0.0116342 -0.17128 
-0.00167634 -0.0176063 0.00979388 
0.00123115 -0.00598805 -0.091547 
0.0295924 0.00133007 -0.00339445 
-0.0242898 -0.0240755 -0.0143555 
0.008174519999999999 0.0280575 -0.0957991 
0.00525584 0.0370289 -0.0870822 
0.008359780000000001 -0.0102005 -0.039061 
-0.0209337 -0.0023058 -0.143283 
-0.035 0.0249821 -0.0649168 
-0.0062086 0.0144462 -0.0392896 
-0.00667518 -0.0211581 -0.0324673 
0.0133853 -0.0155159 -0.152976 
0.0298639 0.0412813 -0.119493 
0.0319831 0.0406477 -0.140537 
-0.0211381 -0.0170555 -0.105636 
0.0237672 0.00653363 -0.0514507 
0.0190185 0.0287446 -0.170207 
0.010104 0.0409984 -0.083149 
-0.00525941 -0.00463706 -0.120316 
-0.0179072 -0.0233693 -0.06969400000000001 
0.00113351 -0.00847962 -0.0761937 
-0.0307631 -0.0208483 -0.103086 
0.0253758 -0.0117768 -0.009064249999999999 
0.0129583 -0.0232556 -0.0259393 
0.0278594 -0.0164463 -0.0133873 
0.0244918 -0.0242158 -0.0154219 
-0.00580059 -0.012291 -0.0745666 
0.0342806 -0.00878724 -0.148072 
-0.01338 -0.0243732 -0.0228135 
-0.0154918 0.0225339 -0.0720486 
0.0210703 0.0129401 -0.107302 
-0.0219505 -0.0231886 0.0186107 
0.00352354 0.0358028 -0.129412 
0.0136667 0.0193405 -0.0372545 
0.0278962 -0.0259623 0.025523 
0.0176119 -0.0281427 0.0118058 
0.0339249 -0.009751070000000001 -0.09957589999999999 
-0.0265264 0.0219628 -0.00947918 
-0.00161013 0.0306853 -0.0528094 
0.0155878 0.008090780000000001 -0.00520771 
0.0154095 -0.0188872 -0.134088 
-0.0139676 0.0234284 -0.0826321 
-0.0102307 -0.0294387 -0.0144127 
0.0318824 0.00559555 -0.140308 
0.000259558 -0.0282243 0.0222862 
0.0310705 0.0232603 -0.152936 
-0.00580288 0.00880003 -0.147723 
-0.010188 -0.0286806 -0.0596511 
0.000937226 0.0364853 -0.131134 
0.0231443 0.026831 -0.0992942 
-0.0011587 0.0417758 -0.147048 
-0.00242494 0.0319972 -0.0933035 
-0.0208453 0.00255711 -0.00719612 
-0.018115 -0.01405 -0.00136284 
0.0166689 -0.0242687 -0.16302 
-0.000533504 -0.0170742 0.0287238 
0.0322271 -0.0271073 0.00725756 
0.0112732 0.0402587 -0.096955 
0.008773120000000001 0.0210971 -0.121606 
-0.0145405 -0.0290771 -0.0737184 
0.0106541 -0.0102426 -0.0203993 
-0.0125145 -0.00572076 -0.12109 
0.0121897 -0.0143453 -0.129138 
0.0163144 -0.0151237 -0.0476192 
0.0216913 -0.000223082 -0.166514 
-0.0241762 0.0210602 -0.08828320000000001 
0.0165703 0.0342729 -0.118447 
-0.031 0.0291114 -0.104663 
-0.0233294 0.0345509 -0.154157 
-0.0297649 0.0276039 -0.0541741 
0.00107245 0.0320426 -0.161859 
-0.0271946 -0.0272533 0.0260175 
0.00770241 0.0209215 -0.0704736 
0.0295277 -0.00487519 -0.0655399 
-0.00994977 0.00577666 -0.0123606 
-0.00295933 -0.01741 0.00446105 
-0.0189289 -0.014699 0.0321393 
0.0240333 -0.0169649 -0.065634 
0.0140892 -0.0212871 -0.0747202 
-0.00306231 0.035331 -0.09236809999999999 
-0.00344134 0.0228616 -0.0399486 
0.0259657 0.0372675 0.0170153 
0.0248777 -0.00670823 -0.0544036 
-0.0343815 -0.0228089 -0.00126185 
-0.0219743 -0.0268788 -0.022099 
-0.035 -0.00708493 -0.11161 
-0.0279311 0.0217614 -0.000732912 
-0.0128753 -0.0107044 -0.073023 
-0.0136964 -0.017679 -0.15052 
-0.00618721 0.0260827 -0.138409 
0.009333849999999999 0.0411786 -0.106297 
-0.00812644 -0.020095 -0.00628725 
-0.00189954 0.0394695 -0.0891723 
-0.0143739 -0.0169693 0.0171684 
0.0110488 -0.028816 -0.0601758 
0.0112887 -0.0177844 -0.0996414 
-0.0249959 -0.00688781 -0.0475551 
-0.0290661 -0.0246506 0.0128304 
0.00268966 -0.0286715 -0.205928 
0.0300123 0.0380227 -0.0734398 
-0.015436 0.0225433 -0.07326299999999999 
-0.0221402 0.0218673 -0.105333 
-0.0175855 -0.01217 -0.0321057 
-0.0179419 -0.0203763 -0.09524059999999999 
-0.031 0.00262384 -0.122193 
-0.0167658 -0.0191661 -0.162842 
0.016051 -0.0180794 -0.101201 
0.0194776 -0.0182506 -0.104895 
0.0219852 0.0102915 -0.0117427 
-0.0295606 0.0368065 0.0247906 
0.009651389999999999 0.0354778 -0.0112098 
0.0137944 0.0417126 -0.174911 
-0.0118849 -0.0207112 -0.08472780000000001 
0.00388872 -0.0288764 -0.0995089 
0.0183005 0.0232213 -0.0219151 
0.0122439 0.0430178 -0.214108 
0.0211274 -0.0146554 -0.0292913 
0.0177857 0.0211101 -0.16466 
-0.0289068 -0.0216407 -0.0657614 
0.0148934 0.0193172 -0.0342496 
-0.00173413 -0.0177721 0.027926 
0.00615488 -0.0250916 -0.115218 
-0.00569709 -0.0243019 -0.0319708 
-0.00263823 0.0193404 -0.0372409 
-0.0173694 -0.00334492 -0.146072 
-0.0020514 0.0371505 -0.132318 
0.0164868 -0.0275152 -0.129344 
0.00415502 0.0254063 -0.105305 
-0.0162092 0.0238902 -0.0848216 
0.00402515 -0.0111836 -0.149906 
0.020259 0.0349801 0.009120959999999999 
0.0253376 -0.0134744 0.015929 
0.0335514 0.00385033 -0.09703730000000001 
0.0170911 0.0349336 0.015097 
-0.00157914 0.0305368 -0.152365 
-0.0191161 -0.0132206 -0.0166832 
-0.0245214 0.0280232 -0.142391 
0.00182227 -0.0173283 -0.0102914 
-0.00402427 -0.0134631 -0.0781568 
-0.0163827 0.0246209 -0.0912462 
-0.0235547 0.0226486 -0.08678619999999999 
0.00671126 0.0143818 -0.00185465 
0.0123224 -0.0036893 -0.152921 
-0.0251417 0.022982 0.00882792 
-0.00322817 -0.0144504 0.0128481 
-0.000276373 0.0241897 -0.0794 
-0.008703819999999999 0.039357 -0.0543222 
-0.0296598 0.0344804 -0.145094 
0.0165572 0.025212 -0.0207116 
 0.035 -0.000817514 -0.142149 
-0.0190349 0.0310556 -0.08038729999999999 
0.0158261 0.0227299 -0.125375 
0.0213348 -0.018564 -0.00346488 
-0.0225538 0.0069578 0.015675 
0.026785 -0.0190892 0.00701647 
0.0153348 0.0251737 -0.16454 
0.0282928 0.0317206 0.0162102 
-0.0151974 0.00402092 0.00375172 
0.0197131 0.0211896 -0.133483 
-0.0206538 -0.0271898 -0.0939506 
-0.0257006 -0.00463759 -0.065189 
0.0186183 0.00614849 -0.137968 
0.008481580000000001 -0.0247041 -0.125162 
-0.009270499999999999 -0.0116277 -0.0955468 
0.0106405 0.0365392 -0.0194908 
0.0335109 -0.0247988 -0.109464 
0.00304585 -0.0159906 -0.115845 
0.0240128 -0.00503342 -0.0179904 
0.0156448 0.0186702 -0.131007 
-0.0248964 0.0281919 -0.0181173 
0.0228375 0.00346862 -0.106976 
0.00727143 0.0178775 -0.0775738 
6.65817e-05 -0.02904 -0.0659124 
-0.0248983 0.0335394 0.0023133 
-0.021418 -0.00831902 -0.0767919 
-0.0289479 -0.009946409999999999 -0.000499673 
0.00114595 -0.0121801 -0.08881840000000001 
0.00851238 0.0319266 -0.0842384 
0.0136767 0.0365152 0.00461933 
-0.0226748 0.034756 -0.164837 
0.00652962 0.0277815 -0.00437232 
0.0288687 -0.0113584 -0.06559039999999999 
0.00414576 0.0255416 0.00581918 
-0.00952359 -0.0204914 -0.148932 
0.0101406 0.0377922 -0.0309742 
0.0164391 0.0411199 -0.09875689999999999 
-0.034919 -0.018581 -0.008831240000000001 
-0.009399660000000001 0.0333122 -0.07808660000000001 
0.0144741 0.0071399 -0.0189644 
-9.86314e-05 0.0252906 -0.0239763 
0.0256033 0.0165192 -0.0563966 
-0.0103465 0.0307737 0.029028 
-0.00331447 0.0290669 -0.0713087 
-0.0142996 0.0227707 -0.0282704 
0.00711533 0.0186019 -0.0230524 
-4.23445e-05 -0.0227095 -0.146622 
-0.00376855 0.0302744 -0.00678285 
0.0178959 -0.0167077 0.0201977 
-0.018475 -0.0177737 -0.138355 
-0.00892422 0.0289359 0.00705964 
0.0130897 0.031957 -0.027511 
0.0103305 -0.0292601 -0.0111982 
0.0161525 -0.0284264 -0.128895 
 0.027 0.0205497 -0.105604 
0.008284659999999999 -0.0155387 -0.169626 
0.0130832 -0.0150509 -0.153017 
0.00184741 -0.01347 -0.0772723 
0.008378180000000001 -0.0162033 -0.147395 
0.00467282 -0.0251058 -0.0700229 
-0.0159357 -0.00901194 -0.0749174 
-0.0151559 -0.0105273 -0.095778 
-0.00303798 0.0333774 -0.0851724 
0.0267463 -0.0240874 0.008704450000000001 
-0.0224168 0.0342913 -0.120804 
-0.0136588 0.00933142 -0.14563 
0.0172901 -0.0164224 -0.02815 
-0.008289899999999999 0.0397769 -0.157484 
-0.00142523 -0.00416362 -0.0411859 
0.00276306 -0.0214846 0.0172066 
-0.021892 -0.0106649 -0.078096 
0.0112637 0.00595467 0.0137276 
0.0200554 -0.024539 -0.142843 
-0.00122952 -0.0206934 -0.00543929 
0.0331968 0.0136688 -0.0693927 
0.00766332 -0.0264411 -0.117288 
0.00209878 -0.00775457 -0.072573 
0.00734194 0.0180143 -0.078806 
-0.00431433 0.0366032 -0.118254 
0.0104937 -0.0157037 -0.147342 
-0.0349271 -0.0244335 -0.0803516 
0.0109502 -0.0124821 -0.0729384 
-0.0183096 0.020982 -0.0782422 
0.00259842 0.0358931 0.0150524 
-0.00707763 -0.0135548 0.0262575 
0.009833740000000001 -0.00113183 -0.119423 
-0.0308987 -0.0110814 -0.137012 
-0.0086985 -0.013071 -0.155978 
-0.00156565 -0.0248113 -0.145698 
-0.00368833 0.035141 -0.0267896 
0.0238633 -0.0270818 -0.0127631 
-0.0316656 0.037544 0.000917062 
-0.032007 0.0312663 -0.151536 
0.0109502 0.0237577 -0.0961161 
0.0336119 0.00647106 -0.0478981 
-0.0318592 0.0303982 -0.0703096 
-0.0158148 -0.008791729999999999 -0.0889446 
0.00296349 -0.0134593 -0.07864889999999999 
-0.031 -0.0077096 -0.111148 
-0.0189901 0.0197986 -0.0932197 
-0.0158141 0.0291028 -0.07592119999999999 
-0.0320319 -0.00575252 -0.00953585 
0.0188121 -0.00574998 -0.023404 
0.00394822 0.0317064 -0.140968 
-0.00213464 -0.0149642 -0.157943 
-0.0136655 -0.0181066 -0.127466 
0.0319028 0.00773187 -0.06544179999999999 
0.0247105 0.00892719 -0.047432 
0.0322408 0.0204666 -0.116782 
-0.0232083 -0.0168483 0.0158018 
0.00371204 0.0217745 -0.0153769 
-0.0243059 0.0370957 -0.09566239999999999 
-0.035 -0.0231689 -0.0652216 
0.012772 0.0208892 -0.168004 
0.009999289999999999 0.0205534 -0.0784657 
-0.00573681 0.014346 -0.0267504 
-0.035 -0.0126244 -0.135577 
-0.0176763 0.0169251 -0.165373 
-0.0249554 0.0293332 -0.00118954 
-0.00841474 0.0349094 0.00124725 
-0.0198091 -0.0214926 -0.0516688 
-0.00911697 -0.0212302 -0.0154721 
-0.00906335 0.0327179 -0.08311549999999999 
0.0147927 0.0234696 -0.005682 
0.00474957 -0.0248883 -0.09796299999999999 
0.0131371 -0.0188264 -0.055696 
0.009806779999999999 0.03109 -0.00161955 
-0.0193273 0.0409253 -0.0737505 
-0.00173655 0.0168651 -0.115978 
-0.0157613 -0.0159611 -0.177367 
-0.00283976 -0.0194954 -0.154842 
 0.034 0.0007439499999999999 -0.107023 
-0.00310158 -0.0242929 -0.0331207 
-0.0346598 -0.0251501 -0.136128 
-0.0213581 0.0182426 -0.0118272 
-0.00134781 0.0361199 -0.00672213 
-0.0125 -0.0250802 -0.0733109 
-0.00795613 0.0219238 0.0009054379999999999 
0.0266599 0.0284012 0.0187153 
-0.000101216 -0.00510855 -0.0900625 
0.0226996 0.0282159 -0.0211997 
 0.026 -0.0264471 -0.121844 
0.00818557 0.0404154 -0.0592592 
0.0177316 0.0411767 -0.106055 
0.0337653 0.0396064 -0.12724 
-0.0109175 -0.0104135 -0.157092 
-0.0256647 0.0215609 -0.0587072 
-0.031 0.0318367 -0.08561439999999999 
0.0334218 0.00435944 -0.0514676 
0.0191156 0.00956074 0.0160907 
-0.02302 -0.0233152 -0.0237978 
0.0197553 -0.0157932 -0.135839 
0.0170831 -0.0145619 0.0036705 
-0.000870419 -0.0077806 -0.041877 
0.000217174 -0.00949824 0.0284687 
-0.00878109 -0.0199702 -0.147482 
-0.00552607 0.0372811 0.0346936 
-0.0230701 0.0207491 -0.00723201 
-0.00500473 0.0221215 -0.07740660000000001 
0.0182765 -0.017254 -0.0116026 
-0.00223748 0.0198319 0.007831599999999999 
0.018786 -0.0237821 0.0125056 
0.0243787 0.0183779 -0.13949 
-0.00666071 0.0296354 0.024278 
-0.0267816 0.0301372 -0.0180989 
0.0126219 0.0377372 -0.0520764 
0.00206399 0.0322648 -0.119932 
0.0300161 0.000102199 -0.0694983 
-0.00317543 -0.0204682 -0.151917 
0.00726134 -0.00301391 -0.0431927 
-0.00179125 0.0225573 -0.0750666 
0.020389 0.040895 -0.134097 
-0.035 0.0269455 -0.106626 
0.008045510000000001 -0.0288001 -0.237784 
0.0164356 0.0292701 -0.118107 
0.00393132 -0.0116465 -0.0515922 
0.016476 -0.016345 -0.0264035 
0.0335929 -0.0126995 -0.14045 
0.0227819 -0.0186058 -0.148849 
-0.0111677 0.03716 -0.232402 
-0.0176669 0.0290561 -0.0699273 
0.022022 0.00186831 -0.152123 
0.0109314 0.0254833 -0.08627460000000001 
-0.0180393 0.0293751 -0.08022749999999999 
0.0227214 -0.00672244 -0.0164151 
-0.0148449 -0.00369293 -0.0201955 
-0.00158252 0.0193116 -0.0335305 
-0.00982236 0.0319652 0.00460116 
-0.0161316 0.0341806 0.0257101 
0.000365426 -0.0159302 -0.0875336 
0.0126606 0.0382301 -0.167482 
-0.00260102 -0.01593 -0.118267 
0.0123901 0.028266 -0.0276398 
-0.0190868 0.0225343 -0.0721106 
-0.0260615 -0.0114123 -0.14044 
-0.0122334 0.041605 -0.215937 
0.00171736 0.023438 -0.106821 
-0.00167216 -0.0113647 -0.126631 
0.017184 -0.0254772 -0.0253492 
-0.035 0.0234239 -0.11636 
0.0097778 -0.008998340000000001 -0.0866389 
-0.0219568 -0.0236455 -0.166317 
-0.011859 0.037073 -0.09274789999999999 
-0.0116221 -0.0172147 -0.0766838 
0.0326263 -0.0077423 -0.0107774 
-0.00751409 -0.0244091 -0.0181948 
0.00270045 -0.00445286 -0.0793999 
-0.00209127 0.0261916 -0.0180914 
-0.00602635 0.00541389 -0.106961 
-0.00549878 0.0373324 -0.126078 
-0.0107467 0.0342319 -0.127795 
-0.0236855 -0.0245643 -0.139581 
0.008864469999999999 0.0144101 -0.0462152 
0.0180281 -0.028166 0.0147909 
-0.0178855 -0.0178609 -0.127154 
-0.00677526 0.031642 -0.135415 
0.0110111 0.0308476 -0.153118 
0.000244274 -0.0111919 -0.0872913 
0.0132547 0.0430848 -0.222722 
-0.031 0.00344644 -0.0795679 
-0.0105445 -0.0286591 -0.127422 
0.0147791 -0.0147594 -3.72921e-05 
-0.00463769 -0.008036939999999999 -0.0402532 
0.000518312 -0.0158736 -0.153549 
0.00114819 0.0316891 -0.186989 
0.0135821 -0.0203262 -0.0847091 
0.0314238 -0.0286936 -0.0911182 
0.0267192 0.00547855 -0.10346 
-0.0137711 -0.0208545 -0.141658 
-0.0202801 0.023184 -0.0171277 
-0.0238315 -0.0236748 -0.0229634 
0.00135376 0.0253466 -0.0738601 
-0.0156661 -0.0288705 0.0104142 
0.00197495 0.0278486 -0.0689636 
-0.0218458 -0.0247834 0.0298955 
0.0294653 -0.0174755 -0.07790800000000001 
-0.00832652 0.0199144 -0.014623 
0.00667876 -0.0192054 -0.0186523 
-0.0149887 -0.0203785 -0.0684607 
-0.00905571 -0.0160318 -0.133883 
-0.0115645 -0.0172504 -0.0720898 
-0.00695217 0.030928 -0.00692281 
-0.0209224 -0.0032587 -0.107029 
-0.0059536 0.0285839 -0.0101616 
-0.011428 -0.00496212 -0.0310432 
0.0176144 0.0229485 -0.106825 
-0.011774 0.0412079 -0.12596 
-0.0348221 0.0318715 -0.14526 
0.0139799 -0.0199318 -0.0820757 
0.0343607 0.0384917 -0.09915930000000001 
0.0077272 -0.0237927 0.0268724 
0.0180871 0.0407302 -0.171678 
-0.0194731 -0.0266527 -0.009517360000000001 
0.0120763 0.0353109 -0.08980580000000001 
0.00838035 0.0386722 -0.0788097 
-0.0240529 0.0188736 0.00305464 
0.0222837 -0.00113436 -0.0140728 
-0.0129158 0.0371992 -0.167348 
-0.00757143 0.0347908 0.0334355 
0.0115429 -0.00432829 -0.108211 
-0.0216662 -0.00692059 0.009042 
-0.020263 0.0203933 -0.0704535 
0.0235113 0.0159013 -0.143717 
-0.00397801 -0.0167443 0.0249017 
0.0301069 -0.0250192 -0.0692392 
0.010873 -0.0198454 -0.0931693 
-0.0157926 -0.0275615 -0.0220069 
-0.00604329 -0.0296845 0.0171649 
-0.0184787 -0.00301114 -0.0435484 
-0.000903263 0.0293762 -0.118025 
0.0212338 0.00973949 -0.0114594 
-0.0278798 0.0067689 -0.0649425 
-0.0190482 0.0410914 -0.0950922 
-0.00709229 0.0182612 -0.00352427 
0.0266143 -0.00829911 -0.00156129 
-0.000712447 -0.02562 -0.0333624 
0.00839461 -0.0104957 -0.158343 
0.0301911 -0.0225529 -0.06639299999999999 
-0.00232242 0.0188014 -0.0353547 
-0.00170578 0.0289244 -0.0158682 
 0.029 -0.0151974 -0.136799 
0.00566574 0.0367392 -0.0241699 
-0.021611 -0.0126748 0.0157282 
-0.00640989 -0.028893 -0.0973705 
-0.004855 0.00529835 -0.0190396 
3 647 871 256 
3 871 647 178 
3 806 353 256 
3 574 353 806 
3 353 574 962 
3 132 647 256 
3 647 722 178 
3 353 166 256 
3 475 1 579 
3 574 887 962 
3 95 166 962 
3 675 806 256 
3 871 675 256 
3 637 464 600 
3 578 132 579 
3 132 578 647 
3 132 127 579 
3 127 475 579 
3 475 127 118 
3 127 132 256 
3 166 127 256 
3 127 166 118 
3 853 600 178 
3 722 853 178 
3 853 722 600 
3 89 353 962 
3 166 89 962 
3 89 166 353 
3 475 460 1 
3 964 460 715 
3 888 118 179 
3 888 475 118 
3 887 914 962 
3 722 451 600 
3 95 471 179 
3 471 888 179 
3 143 95 962 
3 118 557 179 
3 557 95 179 
3 610 637 600 
3 422 471 531 
3 326 675 871 
3 326 871 178 
3 600 494 178 
3 494 464 178 
3 464 494 600 
3 1 859 579 
3 859 578 579 
3 859 964 578 
3 460 859 1 
3 859 460 964 
3 267 722 647 
3 593 61 715 
3 593 888 61 
3 888 593 475 
3 460 593 715 
3 593 460 475 
3 61 562 715 
3 795 649 531 
3 914 535 962 
3 535 143 962 
3 143 827 795 
3 827 649 795 
3 848 795 531 
3 471 848 531 
3 848 471 95 
3 166 894 118 
3 894 557 118 
3 95 894 166 
3 557 894 95 
3 451 622 600 
3 541 941 888 
3 610 982 637 
3 982 422 637 
3 541 982 767 
3 982 610 600 
3 422 982 471 
3 675 642 637 
3 326 642 675 
3 382 267 647 
3 267 382 964 
3 578 382 647 
3 964 382 578 
3 116 675 637 
3 116 649 675 
3 649 116 531 
3 116 422 531 
3 422 116 637 
3 675 365 806 
3 649 365 675 
3 365 574 806 
3 429 143 795 
3 848 429 795 
3 143 429 95 
3 429 848 95 
3 104 622 465 
3 104 465 715 
3 562 104 715 
3 104 562 61 
3 622 104 941 
3 622 522 465 
3 522 267 964 
3 267 522 722 
3 465 522 715 
3 522 964 715 
3 522 451 722 
3 522 622 451 
3 499 622 941 
3 541 499 941 
3 499 541 767 
3 982 499 767 
3 622 928 600 
3 928 982 600 
3 499 928 622 
3 928 499 982 
3 280 541 888 
3 280 982 541 
3 471 280 888 
3 982 280 471 
3 949 464 637 
3 642 949 637 
3 949 642 464 
3 464 491 178 
3 642 491 464 
3 491 326 178 
3 491 642 326 
3 827 752 649 
3 752 365 649 
3 752 827 574 
3 365 752 574 
3 49 104 61 
3 104 49 941 
3 888 49 61 
3 941 49 888 
3 827 887 574 
3 827 535 914 
3 827 914 887 
3 535 827 143 
Vertices and facets:
- p647(v11): 0.026 0.037 0.017
  neighbors: f32 f33 f69 f123 f74 f225 f290 f292
- p871(v10): -0.0055 0.037 0.035
  neighbors: f117 f32 f33 f209 f211
- p256(v3): -0.017 0.048 -0.14
  neighbors: f80 f32 f50 f69 f117 f116 f127 f128
- p178(v4): 0.007 0.036 0.038
  neighbors: f33 f74 f131 f130 f215 f211 f214 f337 f339
- p353(v15): -0.033  0.04 -0.089
  neighbors: f50 f52 f53 f80 f143 f145
- p806(v6): -0.032 0.038 0.00092
  neighbors: f116 f50 f52 f299 f301
- p574(v14): -0.035 0.025 -0.065
  neighbors: f52 f53 f92 f301 f343 f344 f349
- p962(v8): -0.035 0.032 -0.15
  neighbors: f53 f101 f144 f92 f159 f143 f179 f245 f246
- p132(v19): 0.012 0.045 -0.13
  neighbors: f69 f123 f122 f124 f127
- p722(v20): 0.028 0.032 0.016
  neighbors: f131 f74 f132 f165 f225 f316 f319
- p166(v21): -0.016 0.042 -0.22
  neighbors: f145 f80 f129 f101 f128 f144 f257 f259
- p475(v22): 0.016 0.037 -0.22
  neighbors: f84 f147 f126 f151 f125 f229 f231
- p1(v12): 0.034 0.025 -0.15
  neighbors: f147 f84 f217 f220
- p579(v7): 0.032 0.041 -0.14
  neighbors: f122 f124 f125 f84 f217 f218
- p887(v23): -0.035 0.027 -0.11
  neighbors: f92 f159 f349 f352
- p95(v25): -0.014 -0.026 -0.23
  neighbors: f260 f174 f179 f101 f188 f255 f259 f306 f307
- p675(v28): -0.03 0.037 0.025
  neighbors: f117 f295 f116 f209 f287 f286 f294 f299 f300
- p464(v29): -0.0038 -0.023 0.033
  neighbors: f216 f120 f215 f336 f334 f337 f338
- p637(v18): -0.027 -0.027 0.026
  neighbors: f120 f277 f276 f286 f196 f298 f294 f334 f335
- p600(v9): 0.028 -0.026 0.026
  neighbors: f216 f120 f132 f130 f165 f214 f196 f264 f280 f326 f327
- p578(v30):  0.03 0.041 -0.12
  neighbors: f123 f122 f219 f218 f292 f293
- p127(v31): 0.013 0.043 -0.23
  neighbors: f124 f125 f126 f127 f128 f129
- p118(v13): 0.0078 0.039 -0.24
  neighbors: f151 f150 f129 f126 f187 f257 f258
- p853(v32): 0.027 0.028 0.019
  neighbors: f130 f131 f132
- p89(v35): -0.028 0.038 -0.16
  neighbors: f143 f144 f145
- p460(v36): 0.035 0.017 -0.15
  neighbors: f221 f147 f148 f220 f230 f231
- p964(v34): 0.034 0.038 -0.099
  neighbors: f148 f221 f219 f293 f291 f315 f318
- p715(v2): 0.035 -0.00082 -0.14
  neighbors: f310 f148 f230 f227 f235 f309 f317 f318
- p888(v37): 0.008 -0.029 -0.24
  neighbors: f150 f151 f229 f271 f228 f176 f332 f330 f347 f348
- p179(v5): 0.0042 -0.029 -0.24
  neighbors: f176 f150 f174 f187 f188
- p914(v38): -0.035 0.023 -0.12
  neighbors: f159 f245 f350 f352
- p451(v40):  0.03 -0.025 0.019
  neighbors: f165 f264 f319 f320
- p471(v42): -0.011 -0.029 -0.21
  neighbors: f174 f255 f176 f200 f254 f284 f332 f333
- p143(v43): -0.035 -0.023 -0.14
  neighbors: f179 f248 f246 f304 f306 f353
- p557(v44): -0.011 -0.024 -0.24
  neighbors: f187 f188 f258 f260
- p610(v46): 0.00026 -0.028 0.022
  neighbors: f196 f276 f280
- p422(v47): -0.018 -0.03 -0.00052
  neighbors: f284 f200 f277 f297 f298
- p531(v17): -0.031 -0.029 -0.084
  neighbors: f200 f238 f254 f252 f296 f297
- p326(v49): -0.013 0.035 0.036
  neighbors: f209 f211 f287 f339 f340
- p494(v50): 0.0097 -0.021 0.031
  neighbors: f214 f215 f216
- p859(v51): 0.034  0.04 -0.13
  neighbors: f217 f218 f219 f220 f221
- p267(v52):  0.03 0.033 0.0066
  neighbors: f291 f290 f225 f315 f316
- p593(v53): 0.034 -0.0088 -0.15
  neighbors: f227 f228 f229 f230 f231
- p61(v16): 0.034 -0.027 -0.14
  neighbors: f228 f227 f311 f235 f345 f347
- p562(v54): 0.034 -0.025 -0.11
  neighbors: f235 f310 f311
- p649(v55): -0.034 -0.023 -0.0013
  neighbors: f296 f238 f249 f295 f300 f341 f342
- p795(v41): -0.035 -0.024 -0.08
  neighbors: f238 f249 f248 f252 f304 f305
- p535(v56): -0.035 -0.016 -0.14
  neighbors: f245 f246 f350 f353
- p827(v57): -0.035 -0.023 -0.065
  neighbors: f248 f249 f341 f343 f349 f350 f352 f353
- p848(v58): -0.035 -0.025 -0.14
  neighbors: f252 f255 f254 f305 f307
- p894(v59): -0.011 0.037 -0.23
  neighbors: f257 f258 f259 f260
- p622(v60): 0.032 -0.027 0.0073
  neighbors: f313 f320 f314 f264 f321 f308 f326 f328
- p541(v61): 0.029 -0.029 -0.092
  neighbors: f271 f323 f279 f322 f330 f331
- p941(v45): 0.031 -0.029 -0.091
  neighbors: f322 f313 f271 f321 f346 f348
- p982(v62): -0.006 -0.03 0.017
  neighbors: f276 f277 f284 f279 f280 f324 f329 f327 f331 f333
- p767(v26):  0.01 -0.029 -0.011
  neighbors: f279 f323 f324
- p642(v63): -0.019 -0.015 0.032
  neighbors: f336 f286 f287 f335 f338 f340
- p382(v64): 0.031 0.037 -0.023
  neighbors: f290 f291 f292 f293
- p116(v65): -0.029 -0.027 0.023
  neighbors: f294 f295 f296 f297 f298
- p365(v66): -0.035 -0.0087 -0.0033
  neighbors: f299 f300 f301 f342 f344
- p429(v67): -0.035 -0.025 -0.14
  neighbors: f304 f305 f306 f307
- p104(v68): 0.034 -0.027 -0.074
  neighbors: f308 f309 f310 f311 f313 f345 f346
- p465(v24): 0.034 -0.018 -0.013
  neighbors: f309 f308 f314 f317
- p522(v69): 0.034 -0.0062 0.0011
  neighbors: f314 f315 f316 f317 f318 f319 f320
- p499(v70): 0.027 -0.028 0.00075
  neighbors: f321 f322 f323 f324 f328 f329
- p928(v71): 0.018 -0.028 0.015
  neighbors: f326 f327 f328 f329
- p280(v72):  0.01 -0.029 -0.18
  neighbors: f330 f331 f332 f333
- p949(v73): -0.022 -0.025  0.03
  neighbors: f334 f335 f336
- p491(v74): -0.016 -0.013 0.033
  neighbors: f337 f338 f339 f340
- p752(v75): -0.035 -0.019 -0.0088
  neighbors: f341 f342 f343 f344
- p49(v76): 0.033 -0.028 -0.11
  neighbors: f345 f346 f347 f348
- f32
    - flags: top simplicial
    - normal:   0.03203   0.9979  0.05629
    - offset: -0.03897871
    - vertices: p647(v11) p871(v10) p256(v3)
    - neighboring facets: f117 f69 f33
- f33
    - flags: bottom simplicial
    - normal:   0.05169   0.9945  0.09132
    - offset: -0.03995779
    - vertices: p647(v11) p871(v10) p178(v4)
    - neighboring facets: f211 f74 f32
- f50
    - flags: bottom simplicial
    - normal:   -0.3427   0.9389   0.0305
    - offset: -0.04613213
    - vertices: p353(v15) p806(v6) p256(v3)
    - neighboring facets: f116 f80 f52
- f52
    - flags: bottom simplicial
    - normal:   -0.9854   0.1693  0.01761
    - offset: -0.0375749
    - center: -0.03316916666666667 0.0341846 -0.05092454600000001 
    - vertices: p353(v15) p574(v14) p806(v6)
    - neighboring facets: f301 f50 f53
- f53
    - flags: top simplicial
    - normal:   -0.9871   0.1599  0.01152
    - offset: -0.03779308
    - vertices: p353(v15) p574(v14) p962(v8)
    - neighboring facets: f92 f143 f52
- f69
    - flags: top simplicial
    - normal:   0.06828   0.9966  0.04661
    - offset: -0.03970588
    - vertices: p132(v19) p647(v11) p256(v3)
    - neighboring facets: f32 f127 f123
- f74
    - flags: bottom simplicial
    - normal:    0.7223   0.2072   0.6598
    - offset: -0.03770465
    - vertices: p722(v20) p647(v11) p178(v4)
    - neighboring facets: f33 f131 f225
- f80
    - flags: bottom simplicial
    - normal:   -0.6092   0.7901 -0.06811
    - offset: -0.05767862
    - vertices: p166(v21) p353(v15) p256(v3)
    - neighboring facets: f50 f128 f145
- f84
    - flags: top simplicial
    - normal:    0.9566   0.2128  -0.1989
    - offset: -0.06719753
    - vertices: p475(v22) p1(v12) p579(v7)
    - neighboring facets: f217 f125 f147
- f92
    - flags: bottom simplicial
    - normal:   -0.9984  0.05716 0.002691
    - offset: -0.0361959
    - center: -0.03494070000000001 0.02793303333333333 -0.1056009333333333 
    - vertices: p887(v23) p574(v14) p962(v8)
    - neighboring facets: f53 f159 f349
    - ridges:
- f101
    - flags: top simplicial
    - normal:   -0.9682  0.02429   -0.249
    - offset: -0.07065193
    - center: -0.02179176666666665 0.01576976666666667 -0.197508 
    - vertices: p95(v25) p166(v21) p962(v8)
    - neighboring facets: f144 f179 f259
- f116
    - flags: top simplicial
    - normal:   -0.2008   0.9785  0.04793
    - offset: -0.04313859
    - center: -0.02596916666666667 0.04069083333333333 -0.039449446 
    - vertices: p675(v28) p806(v6) p256(v3)
    - neighboring facets: f50 f117 f299
- f117
    - flags: bottom simplicial
    - normal:  -0.04484   0.9971  0.06104
    - offset: -0.03953955
    - vertices: p675(v28) p871(v10) p256(v3)
    - neighboring facets: f32 f116 f209
- f120
    - flags: bottom simplicial
    - normal:   0.02474   -0.862   0.5063
    - offset: -0.03599175
    - vertices: p464(v29) p637(v18) p600(v9)
    - neighboring facets: f196 f216 f334
- f122
    - flags: top simplicial
    - normal:    0.2255   0.9742 -0.006623
    - offset: -0.04774293
    - vertices: p578(v30) p132(v19) p579(v7)
    - neighboring facets: f124 f218 f123
- f123
    - flags: bottom simplicial
    - normal:    0.1918   0.9808  0.03432
    - offset: -0.04211793
    - vertices: p578(v30) p132(v19) p647(v11)
    - neighboring facets: f69 f292 f122
- f124
    - flags: bottom simplicial
    - normal:    0.2217   0.9749 -0.02085
    - offset: -0.04964848
    - vertices: p127(v31) p132(v19) p579(v7)
    - neighboring facets: f122 f125 f127
- f125
    - flags: top simplicial
    - normal:     0.939   0.2809  -0.1984
    - offset: -0.06933785
    - vertices: p127(v31) p475(v22) p579(v7)
    - neighboring facets: f84 f124 f126
- f126
    - flags: bottom simplicial
    - normal:     0.913  0.07844  -0.4003
    - offset:  -0.106054
    - vertices: p127(v31) p475(v22) p118(v13)
    - neighboring facets: f151 f129 f125
- f127
    - flags: top simplicial
    - normal:   0.09041   0.9956 -0.02297
    - offset: -0.04931439
    - vertices: p127(v31) p132(v19) p256(v3)
    - neighboring facets: f69 f128 f124
- f128
    - flags: bottom simplicial
    - normal:  -0.07663   0.9936 -0.08277
    - offset: -0.06061988
    - vertices: p127(v31) p166(v21) p256(v3)
    - neighboring facets: f80 f127 f129
- f129
    - flags: top simplicial
    - normal:   -0.1307   0.9635  -0.2337
    - offset: -0.09284665
    - vertices: p127(v31) p166(v21) p118(v13)
    - neighboring facets: f257 f126 f128
- f130
    - flags: top simplicial
    - normal:    0.7186   0.1025   0.6879
    - offset: -0.03494114
    - vertices: p853(v32) p600(v9) p178(v4)
    - neighboring facets: f214 f131 f132
- f131
    - flags: bottom simplicial
    - normal:    0.7239   0.1518    0.673
    - offset: -0.0362066
    - vertices: p853(v32) p722(v20) p178(v4)
    - neighboring facets: f74 f130 f132
- f132
    - flags: top simplicial
    - normal:    0.7706  0.09642     0.63
    - offset: -0.03507273
    - vertices: p853(v32) p722(v20) p600(v9)
    - neighboring facets: f165 f130 f131
- f143
    - flags: top simplicial
    - normal:   -0.7283   0.6814 -0.07286
    - offset: -0.05766067
    - vertices: p89(v35) p353(v15) p962(v8)
    - neighboring facets: f53 f144 f145
- f144
    - flags: bottom simplicial
    - normal:   -0.7565   0.6452  -0.1071
    - offset: -0.06246072
    - vertices: p89(v35) p166(v21) p962(v8)
    - neighboring facets: f101 f143 f145
- f145
    - flags: top simplicial
    - normal:   -0.6102   0.7893 -0.06825
    - offset: -0.05769286
    - vertices: p89(v35) p166(v21) p353(v15)
    - neighboring facets: f80 f143 f144
- f147
    - flags: bottom simplicial
    - normal:     0.972  0.04599  -0.2304
    - offset: -0.06821884
    - vertices: p460(v36) p475(v22) p1(v12)
    - neighboring facets: f84 f220 f231
- f148
    - flags: bottom simplicial
    - normal:    0.9999  0.01216 0.003747
    - offset: -0.03445457
    - vertices: p460(v36) p964(v34) p715(v2)
    - neighboring facets: f318 f230 f221
- f150
    - flags: top simplicial
    - normal:    0.6314 -0.01592  -0.7753
    - offset: -0.1898839
    - vertices: p888(v37) p118(v13) p179(v5)
    - neighboring facets: f187 f176 f151
- f151
    - flags: top simplicial
    - normal:    0.9118 -0.006683  -0.4105
    - offset: -0.1051428
    - vertices: p888(v37) p475(v22) p118(v13)
    - neighboring facets: f126 f150 f229
- f159
    - flags: bottom simplicial tested
    - normal:   -0.9999 0.009411 -0.003405
    - offset: -0.03561484
    - center: -0.03494070000000001 0.02741363333333334 -0.1227486666666667 
    - vertices: p914(v38) p887(v23) p962(v8)
    - neighboring facets: f92 f245 f352
    - ridges:
- f165
    - flags: bottom simplicial
    - normal:    0.9415  0.04741   0.3338
    - offset: -0.03355083
    - vertices: p451(v40) p722(v20) p600(v9)
    - neighboring facets: f132 f264 f319
- f174
    - flags: bottom simplicial
    - normal:   -0.1804  -0.9775  -0.1096
    - offset: -0.05362407
    - center: -0.007051570000000001 -0.02798126666666667 -0.228088 
    - vertices: p471(v42) p95(v25) p179(v5)
    - neighboring facets: f188 f176 f255
- f176
    - flags: top simplicial
    - normal:  -0.02359  -0.9994  -0.0255
    - offset: -0.03465754
    - vertices: p471(v42) p888(v37) p179(v5)
    - neighboring facets: f150 f174 f332
- f179
    - flags: top simplicial tested
    - normal:   -0.9754 -0.02234  -0.2191
    - offset: -0.06508632
    - center: -0.02799796666666666 -0.005836166666666667 -0.171792 
    - vertices: p143(v43) p95(v25) p962(v8)
    - neighboring facets: f101 f246 f306
- f187
    - flags: bottom simplicial
    - normal:   -0.2053  0.03287  -0.9782
    - offset: -0.2338081
    - vertices: p557(v44) p118(v13) p179(v5)
    - neighboring facets: f150 f188 f258
- f188
    - flags: top simplicial
    - normal:   -0.3599  -0.7889  -0.4981
    - offset: -0.1410525
    - vertices: p557(v44) p95(v25) p179(v5)
    - neighboring facets: f174 f187 f260
- f196
    - flags: top simplicial
    - normal:   0.02503  -0.9071   0.4202
    - offset: -0.03497308
    - vertices: p610(v46) p637(v18) p600(v9)
    - neighboring facets: f120 f280 f276
- f200
    - flags: top simplicial
    - normal:  -0.02916  -0.9996 -0.00346
    - offset: -0.03004866
    - vertices: p422(v47) p471(v42) p531(v17)
    - neighboring facets: f254 f297 f284
- f209
    - flags: top simplicial
    - normal:   -0.1528   0.9329   0.3262
    - offset: -0.0469406
    - vertices: p326(v49) p675(v28) p871(v10)
    - neighboring facets: f117 f211 f287
- f211
    - flags: top simplicial
    - normal:  -0.07981   0.8428   0.5322
    - offset: -0.05032773
    - vertices: p326(v49) p871(v10) p178(v4)
    - neighboring facets: f33 f339 f209
- f214
    - flags: bottom simplicial
    - normal:     0.277 -0.09985   0.9557
    - offset: -0.03471161
    - vertices: p494(v50) p600(v9) p178(v4)
    - neighboring facets: f130 f215 f216
- f215
    - flags: top simplicial
    - normal:    0.1078  -0.1118   0.9879
    - offset: -0.03432402
    - vertices: p494(v50) p464(v29) p178(v4)
    - neighboring facets: f337 f214 f216
- f216
    - flags: bottom simplicial
    - normal:    0.1518  -0.4429   0.8836
    - offset: -0.03828601
    - vertices: p494(v50) p464(v29) p600(v9)
    - neighboring facets: f120 f214 f215
- f217
    - flags: bottom simplicial
    - normal:    0.9783   0.1704  -0.1178
    - offset: -0.05476882
    - vertices: p859(v51) p1(v12) p579(v7)
    - neighboring facets: f84 f218 f220
- f218
    - flags: top simplicial
    - normal:    0.4193   0.9077  0.01489
    - offset: -0.04821429
    - vertices: p859(v51) p578(v30) p579(v7)
    - neighboring facets: f122 f217 f219
- f219
    - flags: top simplicial
    - normal:    0.4381   0.8985  0.02638
    - offset: -0.04702442
    - vertices: p859(v51) p964(v34) p578(v30)
    - neighboring facets: f293 f218 f221
- f220
    - flags: bottom simplicial
    - normal:    0.9914    0.107 -0.07576
    - offset: -0.04735208
    - vertices: p859(v51) p460(v36) p1(v12)
    - neighboring facets: f147 f217 f221
- f221
    - flags: top simplicial
    - normal:     0.998  0.06061 -0.01875
    - offset: -0.0384841
    - vertices: p859(v51) p460(v36) p964(v34)
    - neighboring facets: f148 f219 f220
- f225
    - flags: top simplicial
    - normal:    0.9181   0.3617   0.1619
    - offset: -0.04007424
    - vertices: p267(v52) p722(v20) p647(v11)
    - neighboring facets: f74 f290 f316
- f227
    - flags: top simplicial
    - normal:    0.9974 -0.05563 -0.04628
    - offset: -0.04153302
    - vertices: p593(v53) p61(v16) p715(v2)
    - neighboring facets: f235 f230 f228
- f228
    - flags: top simplicial
    - normal:    0.9585  -0.1383  -0.2495
    - offset: -0.07100829
    - vertices: p593(v53) p888(v37) p61(v16)
    - neighboring facets: f347 f227 f229
- f229
    - flags: bottom simplicial
    - normal:    0.9615 -0.04807  -0.2705
    - offset: -0.07343229
    - vertices: p593(v53) p888(v37) p475(v22)
    - neighboring facets: f151 f231 f228
- f230
    - flags: bottom simplicial
    - normal:    0.9944 -0.01146  -0.1054
    - offset: -0.04978886
    - vertices: p593(v53) p460(v36) p715(v2)
    - neighboring facets: f148 f227 f231
- f231
    - flags: top simplicial
    - normal:    0.9702 0.0004045  -0.2422
    - offset: -0.06912175
    - vertices: p593(v53) p460(v36) p475(v22)
    - neighboring facets: f147 f229 f230
- f235
    - flags: bottom simplicial
    - normal:    0.9983 -0.05416 -0.02152
    - offset: -0.03804374
    - vertices: p562(v54) p61(v16) p715(v2)
    - neighboring facets: f227 f310 f311
- f238
    - flags: bottom simplicial tested
    - normal:   -0.7164  -0.6974  0.01927
    - offset:  -0.040514
    - center: -0.03333256666666667 -0.02537313333333334 -0.05507731666666666 
    - vertices: p649(v55) p795(v41) p531(v17)
    - neighboring facets: f252 f296 f249
- f245
    - flags: bottom simplicial tested
    - normal:        -1 0.002841 -0.005325
    - offset: -0.03568554
    - center: -0.03494070000000001 0.01321806666666667 -0.1329416666666667 
    - vertices: p535(v56) p914(v38) p962(v8)
    - neighboring facets: f159 f246 f350
    - ridges:
- f246
    - flags: top simplicial tested
    - normal:        -1  0.00213 -0.009519
    - offset: -0.03627103
    - center: -0.0349407 -0.002279000000000001 -0.140444 
    - vertices: p535(v56) p143(v43) p962(v8)
    - neighboring facets: f179 f245 f353
    - ridges:
- f248
    - flags: bottom simplicial tested
    - normal:   -0.9984 -0.05662 -7.811e-05
    - offset: -0.03626076
    - center: -0.03497570000000001 -0.02355656666666667 -0.09481340000000001 
    - vertices: p827(v57) p143(v43) p795(v41)
    - neighboring facets: f304 f249 f353
    - ridges:
- f249
    - flags: top simplicial tested
    - normal:   -0.9831  -0.1827  0.01054
    - offset: -0.03795508
    - center: -0.03476953333333333 -0.02347043333333333 -0.04894501666666667 
    - vertices: p827(v57) p649(v55) p795(v41)
    - neighboring facets: f238 f248 f341
- f252
    - flags: top simplicial
    - normal:   -0.7216  -0.6923 0.005436
    - offset: -0.04168198
    - vertices: p848(v58) p795(v41) p531(v17)
    - neighboring facets: f238 f254 f305
- f254
    - flags: bottom simplicial
    - normal:   -0.3017  -0.9523 -0.04478
    - offset: -0.04050445
    - vertices: p848(v58) p471(v42) p531(v17)
    - neighboring facets: f200 f252 f255
- f255
    - flags: top simplicial
    - normal:   -0.3812  -0.9218 -0.07085
    - offset: -0.04604093
    - vertices: p848(v58) p471(v42) p95(v25)
    - neighboring facets: f174 f307 f254
- f257
    - flags: bottom simplicial
    - normal:   -0.2272   0.9166  -0.3291
    - offset: -0.1130693
    - vertices: p894(v59) p166(v21) p118(v13)
    - neighboring facets: f129 f258 f259
- f258
    - flags: top simplicial
    - normal:   -0.3504  0.07829  -0.9333
    - offset:  -0.223728
    - vertices: p894(v59) p557(v44) p118(v13)
    - neighboring facets: f187 f257 f260
- f259
    - flags: bottom simplicial
    - normal:    -0.949  0.03923  -0.3129
    - offset: -0.08477759
    - vertices: p894(v59) p95(v25) p166(v21)
    - neighboring facets: f101 f257 f260
- f260
    - flags: bottom simplicial
    - normal:   -0.9134  0.03586  -0.4056
    - offset: -0.1057879
    - vertices: p894(v59) p557(v44) p95(v25)
    - neighboring facets: f188 f259 f258
- f264
    - flags: bottom simplicial
    - normal:    0.8949  -0.3789   0.2359
    - offset: -0.04082132
    - vertices: p622(v60) p451(v40) p600(v9)
    - neighboring facets: f165 f326 f320
- f271
    - flags: top simplicial
    - normal:    0.1127  -0.9935 -0.01725
    - offset: -0.03362013
    - vertices: p541(v61) p941(v45) p888(v37)
    - neighboring facets: f348 f330 f322
- f276
    - flags: bottom simplicial
    - normal:   0.00279  -0.9626    0.271
    - offset: -0.03320855
    - vertices: p982(v62) p610(v46) p637(v18)
    - neighboring facets: f196 f277 f280
- f277
    - flags: top simplicial
    - normal:  -0.09231  -0.9943  0.05251
    - offset: -0.03097588
    - vertices: p982(v62) p422(v47) p637(v18)
    - neighboring facets: f298 f276 f284
- f279
    - flags: bottom simplicial
    - normal:   0.03174  -0.9995 0.003366
    - offset: -0.02953536
    - vertices: p982(v62) p541(v61) p767(v26)
    - neighboring facets: f323 f324 f331
- f280
    - flags: top simplicial
    - normal:   0.05526  -0.9761   0.2103
    - offset:   -0.03225
    - vertices: p982(v62) p610(v46) p600(v9)
    - neighboring facets: f196 f327 f276
- f284
    - flags: bottom simplicial
    - normal:  -0.007616       -1 -0.002814
    - offset: -0.02968125
    - vertices: p982(v62) p422(v47) p471(v42)
    - neighboring facets: f200 f333 f277
- f286
    - flags: bottom simplicial
    - normal:    -0.589 -0.006276   0.8081
    - offset: -0.0372135
    - vertices: p642(v63) p675(v28) p637(v18)
    - neighboring facets: f294 f335 f287
- f287
    - flags: bottom simplicial
    - normal:   -0.5714 -0.0008481   0.8207
    - offset: -0.03720433
    - vertices: p642(v63) p326(v49) p675(v28)
    - neighboring facets: f209 f286 f340
- f290
    - flags: top simplicial
    - normal:    0.8778   0.4682   0.1012
    - offset: -0.04196307
    - vertices: p382(v64) p267(v52) p647(v11)
    - neighboring facets: f225 f292 f291
- f291
    - flags: bottom simplicial
    - normal:    0.9909   0.1247  0.05133
    - offset: -0.03375552
    - vertices: p382(v64) p267(v52) p964(v34)
    - neighboring facets: f315 f293 f290
- f292
    - flags: bottom simplicial
    - normal:    0.3176   0.9475  0.03693
    - offset: -0.04418638
    - vertices: p382(v64) p578(v30) p647(v11)
    - neighboring facets: f123 f290 f293
- f293
    - flags: bottom simplicial
    - normal:    0.4084   0.9121  0.03481
    - offset: -0.04569204
    - vertices: p382(v64) p964(v34) p578(v30)
    - neighboring facets: f219 f292 f291
- f294
    - flags: top simplicial
    - normal:   -0.8952 -0.02454   0.4449
    - offset: -0.03659027
    - vertices: p116(v65) p675(v28) p637(v18)
    - neighboring facets: f286 f298 f295
- f295
    - flags: top simplicial
    - normal:   -0.9734 -0.02104   0.2283
    - offset: -0.03365785
    - center: -0.0308168 -0.004411733333333334 0.01563471666666667 
    - vertices: p116(v65) p649(v55) p675(v28)
    - neighboring facets: f300 f294 f296
- f296
    - flags: bottom simplicial
    - normal:   -0.6663  -0.7452  0.02503
    - offset: -0.03987604
    - vertices: p116(v65) p649(v55) p531(v17)
    - neighboring facets: f238 f297 f295
- f297
    - flags: top simplicial
    - normal:   -0.1682  -0.9856  0.01857
    - offset: -0.03206917
    - vertices: p116(v65) p422(v47) p531(v17)
    - neighboring facets: f200 f296 f298
- f298
    - flags: bottom simplicial
    - normal:   -0.1088   -0.993  0.04641
    - offset: -0.03122928
    - vertices: p116(v65) p422(v47) p637(v18)
    - neighboring facets: f277 f294 f297
- f299
    - flags: bottom simplicial tested
    - normal:   -0.9945  0.05464  0.08938
    - offset: -0.03362481
    - center: -0.0319373 0.02189585333333334 0.007460637333333333 
    - vertices: p365(v66) p675(v28) p806(v6)
    - neighboring facets: f116 f301 f300
- f300
    - flags: bottom simplicial tested
    - normal:   -0.9869 0.009295   0.1613
    - offset: -0.03351394
    - center: -0.03284259999999999 0.001778219999999999 0.006734333333333331 
    - vertices: p365(v66) p649(v55) p675(v28)
    - neighboring facets: f295 f299 f342
- f301
    - flags: top simplicial tested
    - normal:   -0.9975  0.05944  0.03918
    - offset: -0.03385274
    - center: -0.03375043333333334 0.01795438666666667 -0.02244182933333333 
    - vertices: p365(v66) p574(v14) p806(v6)
    - neighboring facets: f52 f299 f344
- f304
    - flags: top simplicial
    - normal:   -0.9888   -0.149 -0.002247
    - offset: -0.03835808
    - vertices: p429(v67) p143(v43) p795(v41)
    - neighboring facets: f248 f305 f306
- f305
    - flags: bottom simplicial
    - normal:   -0.9769  -0.2138 -0.001934
    - offset: -0.03949952
    - vertices: p429(v67) p848(v58) p795(v41)
    - neighboring facets: f252 f304 f307
- f306
    - flags: bottom simplicial
    - normal:   -0.9326  -0.3006  -0.1997
    - offset: -0.06730758
    - vertices: p429(v67) p143(v43) p95(v25)
    - neighboring facets: f179 f307 f304
- f307
    - flags: top simplicial
    - normal:   -0.7576  -0.6339  -0.1554
    - offset:  -0.063361
    - vertices: p429(v67) p848(v58) p95(v25)
    - neighboring facets: f255 f306 f305
- f308
    - flags: top simplicial
    - normal:     0.993  -0.1162  0.02138
    - offset: -0.03530711
    - vertices: p104(v68) p622(v60) p465(v24)
    - neighboring facets: f314 f309 f313
- f309
    - flags: top simplicial
    - normal:    0.9998 -0.01946 0.007466
    - offset:  -0.033947
    - vertices: p104(v68) p465(v24) p715(v2)
    - neighboring facets: f317 f310 f308
- f310
    - flags: bottom simplicial
    - normal:    0.9997 -0.02141 0.006717
    - offset: -0.03405391
    - vertices: p104(v68) p562(v54) p715(v2)
    - neighboring facets: f235 f309 f311
- f311
    - flags: top simplicial
    - normal:    0.9724  -0.2334 -0.005628
    - offset: -0.03977512
    - vertices: p104(v68) p562(v54) p61(v16)
    - neighboring facets: f235 f345 f310
- f313
    - flags: bottom simplicial
    - normal:    0.4866  -0.8736  0.01011
    - offset: -0.03943448
    - vertices: p104(v68) p622(v60) p941(v45)
    - neighboring facets: f321 f346 f308
- f314
    - flags: bottom simplicial
    - normal:    0.9976 -0.04557  0.05304
    - offset: -0.03376834
    - vertices: p522(v69) p622(v60) p465(v24)
    - neighboring facets: f308 f317 f320
- f315
    - flags: top simplicial
    - normal:    0.9944  0.09277  0.04974
    - offset: -0.03280843
    - vertices: p522(v69) p267(v52) p964(v34)
    - neighboring facets: f291 f318 f316
- f316
    - flags: bottom simplicial
    - normal:    0.9866  0.07879    0.143
    - offset: -0.03273019
    - vertices: p522(v69) p267(v52) p722(v20)
    - neighboring facets: f225 f319 f315
- f317
    - flags: bottom simplicial
    - normal:    0.9999 0.002997  0.01049
    - offset: -0.03350399
    - vertices: p522(v69) p465(v24) p715(v2)
    - neighboring facets: f309 f318 f314
- f318
    - flags: top simplicial
    - normal:    0.9999 0.004717  0.01056
    - offset: -0.03349321
    - vertices: p522(v69) p964(v34) p715(v2)
    - neighboring facets: f148 f317 f315
- f319
    - flags: top simplicial
    - normal:    0.9729  0.04331    0.227
    - offset: -0.03258045
    - vertices: p522(v69) p451(v40) p722(v20)
    - neighboring facets: f165 f316 f320
- f320
    - flags: top simplicial
    - normal:    0.9845 -0.008599   0.1753
    - offset: -0.03323222
    - vertices: p522(v69) p622(v60) p451(v40)
    - neighboring facets: f264 f319 f314
- f321
    - flags: top simplicial
    - normal:    0.1286  -0.9916  0.01494
    - offset: -0.03113137
    - vertices: p499(v70) p622(v60) p941(v45)
    - neighboring facets: f313 f322 f328
- f322
    - flags: bottom simplicial
    - normal:    0.1003  -0.9949  0.01352
    - offset: -0.03046477
    - vertices: p499(v70) p541(v61) p941(v45)
    - neighboring facets: f271 f321 f323
- f323
    - flags: top simplicial
    - normal:   0.07231  -0.9973  0.01282
    - offset: -0.0297845
    - vertices: p499(v70) p541(v61) p767(v26)
    - neighboring facets: f279 f324 f322
- f324
    - flags: bottom simplicial
    - normal:   0.06516  -0.9976  0.02269
    - offset: -0.02960943
    - vertices: p499(v70) p982(v62) p767(v26)
    - neighboring facets: f279 f323 f329
- f326
    - flags: bottom simplicial
    - normal:    0.1219  -0.9884  0.09086
    - offset: -0.03138015
    - vertices: p928(v71) p622(v60) p600(v9)
    - neighboring facets: f264 f327 f328
- f327
    - flags: top simplicial
    - normal:    0.0755  -0.9882   0.1335
    - offset: -0.03116833
    - vertices: p928(v71) p982(v62) p600(v9)
    - neighboring facets: f280 f326 f329
- f328
    - flags: bottom simplicial
    - normal:   0.09657  -0.9944  0.04226
    - offset: -0.03037504
    - vertices: p928(v71) p499(v70) p622(v60)
    - neighboring facets: f321 f326 f329
- f329
    - flags: top simplicial
    - normal:   0.06517  -0.9976  0.02272
    - offset: -0.0296098
    - vertices: p928(v71) p499(v70) p982(v62)
    - neighboring facets: f324 f327 f328
- f330
    - flags: top simplicial
    - normal:   0.06214   -0.998 -0.009922
    - offset: -0.03160225
    - vertices: p280(v72) p541(v61) p888(v37)
    - neighboring facets: f271 f332 f331
- f331
    - flags: top simplicial
    - normal:     0.019  -0.9998 -0.000742
    - offset: -0.02955158
    - vertices: p280(v72) p982(v62) p541(v61)
    - neighboring facets: f279 f330 f333
- f332
    - flags: bottom simplicial
    - normal:  1.356e-06       -1 -0.007784
    - offset: -0.03065008
    - vertices: p280(v72) p471(v42) p888(v37)
    - neighboring facets: f176 f330 f333
- f333
    - flags: bottom simplicial
    - normal:  -0.006979       -1 -0.002828
    - offset: -0.02967729
    - vertices: p280(v72) p982(v62) p471(v42)
    - neighboring facets: f284 f332 f331
- f334
    - flags: top simplicial
    - normal:   0.02065  -0.8559   0.5167
    - offset: -0.03620781
    - vertices: p949(v73) p464(v29) p637(v18)
    - neighboring facets: f120 f335 f336
- f335
    - flags: bottom simplicial
    - normal:   -0.5833 -0.01199   0.8122
    - offset: -0.03731997
    - vertices: p949(v73) p642(v63) p637(v18)
    - neighboring facets: f286 f334 f336
- f336
    - flags: top simplicial
    - normal:   -0.1245  -0.1811   0.9756
    - offset: -0.03637179
    - vertices: p949(v73) p642(v63) p464(v29)
    - neighboring facets: f338 f334 f335
- f337
    - flags: bottom simplicial
    - normal:  -0.05013 -0.08372   0.9952
    - offset: -0.03452084
    - vertices: p491(v74) p464(v29) p178(v4)
    - neighboring facets: f215 f339 f338
- f338
    - flags: bottom simplicial
    - normal:   -0.1174  -0.1675   0.9789
    - offset: -0.03614403
    - vertices: p491(v74) p642(v63) p464(v29)
    - neighboring facets: f336 f337 f340
- f339
    - flags: top simplicial
    - normal:  -0.07848 -0.07077   0.9944
    - offset: -0.0347614
    - vertices: p491(v74) p326(v49) p178(v4)
    - neighboring facets: f211 f337 f340
- f340
    - flags: top simplicial
    - normal:   -0.1599 -0.06548    0.985
    - offset: -0.03564545
    - vertices: p491(v74) p642(v63) p326(v49)
    - neighboring facets: f287 f339 f338
- f341
    - flags: bottom simplicial tested
    - normal:   -0.9941  -0.1081  0.01022
    - offset: -0.03663059
    - center: -0.03476683333333334 -0.0215196 -0.02510489666666667 
    - vertices: p752(v75) p827(v57) p649(v55)
    - neighboring facets: f249 f342 f343
- f342
    - flags: top simplicial tested
    - normal:   -0.9977 -0.004426  0.06837
    - offset: -0.03431539
    - center: -0.03462873333333332 -0.01668428 -0.004472946666666668 
    - vertices: p752(v75) p365(v66) p649(v55)
    - neighboring facets: f300 f341 f344
- f343
    - flags: top simplicial tested
    - normal:        -1 -9.097e-06 0.001437
    - offset: -0.03490644
    - center: -0.034973 -0.005589266666666666 -0.04632321333333334 
    - vertices: p752(v75) p827(v57) p574(v14)
    - neighboring facets: f349 f344 f341
    - ridges:
- f344
    - flags: bottom simplicial tested
    - normal:   -0.9996  0.02291  0.01924
    - offset: -0.03430776
    - center: -0.0348349 -0.0007539466666666671 -0.02569126333333334 
    - vertices: p752(v75) p365(v66) p574(v14)
    - neighboring facets: f301 f343 f342
- f345
    - flags: top simplicial
    - normal:    0.6562  -0.7546 -0.00457
    - offset: -0.04306286
    - vertices: p49(v76) p104(v68) p61(v16)
    - neighboring facets: f311 f347 f346
- f346
    - flags: bottom simplicial
    - normal:    0.5245  -0.8514 0.002371
    - offset: -0.04069562
    - vertices: p49(v76) p104(v68) p941(v45)
    - neighboring facets: f313 f348 f345
- f347
    - flags: bottom simplicial
    - normal:    0.1813   -0.983 -0.02933
    - offset: -0.03674398
    - vertices: p49(v76) p888(v37) p61(v16)
    - neighboring facets: f228 f345 f348
- f348
    - flags: bottom simplicial
    - normal:     0.151  -0.9883 -0.02336
    - offset: -0.03523035
    - vertices: p49(v76) p941(v45) p888(v37)
    - neighboring facets: f271 f347 f346
- f349
    - flags: top simplicial tricoplanar keepcentrum
    - owner of normal & centrum is facet f349
    - normal:        -1       -0        0
    - offset:     -0.035
    - center: -0.035 0.002245683333333333 -0.1048660666666667 
    - vertices: p827(v57) p887(v23) p574(v14)
    - neighboring facets: f92 f343 f352
- f350
    - flags: top simplicial tricoplanar
    - owner of normal & centrum is facet f349
    - normal:        -1       -0        0
    - offset:     -0.035
    - center: -0.035 0.002245683333333333 -0.1048660666666667 
    - vertices: p827(v57) p535(v56) p914(v38)
    - neighboring facets: f245 f352 f353
- f352
    - flags: top simplicial tricoplanar
    - owner of normal & centrum is facet f349
    - normal:        -1       -0        0
    - offset:     -0.035
    - center: -0.035 0.002245683333333333 -0.1048660666666667 
    - vertices: p827(v57) p914(v38) p887(v23)
    - neighboring facets: f159 f349 f350
- f353
    - flags: bottom simplicial tricoplanar
    - owner of normal & centrum is facet f349
    - normal:        -1       -0        0
    - offset:     -0.035
    - center: -0.035 0.002245683333333333 -0.1048660666666667 
    - vertices: p827(v57) p535(v56) p143(v43)
    - neighboring facets: f246 f248 f350
