3
1000 192 288
-0.0163562 0.0119143 -0.08144650000000001 
-0.00223394 -0.00631748 -0.0368762 
-0.0185 -0.0031075 -0.07931630000000001 
-0.0384146 -0.0301218 -0.0998926 
0.0362699 0.0205658 -0.136856 
0.0105923 0.0285782 -0.00364106 
0.0043269 -0.0367333 -0.06262239999999999 
-0.0290396 -0.0131871 -0.017979 
0.00461748 -0.0367205 -0.100299 
0.003132 0.00409921 -0.141212 
0.030346 -0.0337027 -0.173232 
-0.037219 0.0249943 -0.063411 
0.00666471 0.0292261 -0.0129713 
-0.00511502 0.0276703 -0.021845 
-0.0385 0.00220313 -0.137283 
0.0335 -0.0243265 -0.116261 
0.0283777 0.00351861 -0.06661789999999999 
-0.0046 -0.0155906 -0.123138 
0.0335 -0.0151151 -0.125994 
-0.000757925 0.0169893 -0.122035 
0.000962301 0.0362258 -0.131237 
0.0335 0.0259645 -0.140686 
0.00938892 0.007916029999999999 -0.117661 
-0.0253759 0.0254572 -0.0463657 
0.0167278 0.0261987 -0.119128 
0.0351258 0.0127387 0.0149238 
0.00554455 -0.008818060000000001 -0.135348 
-0.00955109 0.020449 -0.08599859999999999 
0.0382327 -0.0122822 -0.0522316 
0.0195695 0.0037255 -0.0931984 
0.0014135 0.0328981 -0.00191321 
0.0154 -0.0238528 -0.135028 
0.00644133 0.0276023 -0.00566111 
0.000463093 0.0075281 -0.06782199999999999 
-0.0208865 0.007837719999999999 -0.107601 
-0.0140264 0.0207503 -0.124707 
-0.0225044 -0.0269404 -0.189956 
-0.00097114 -0.0226344 -0.0530729 
0.00101359 0.00362358 -0.08010349999999999 
-0.0151624 -0.0244905 -0.0424677 
-0.000334761 0.0120731 -0.06976599999999999 
0.0275095 -0.0337655 -0.165162 
-0.00657133 -0.0143186 -0.0258992 
0.0385 0.00627306 -0.0528924 
0.020607 0.0208176 -0.0461181 
-0.0162401 -0.0124814 -0.06667720000000001 
0.00278314 -0.0328563 0.00840725 
-0.030952 -0.0238622 -0.0588216 
0.0331791 -0.0284155 -0.0860914 
-0.00702622 0.0243489 -0.111172 
0.0304296 0.0038234 0.0173545 
-0.0101749 0.0219804 -0.07736800000000001 
0.009561419999999999 -0.0347573 0.00685564 
0.0299972 -0.035156 -0.106777 
-0.0147933 -0.0339607 0.0145603 
-0.0335 0.00358878 -0.126689 
0.0279542 0.0053834 -0.0453837 
0.032296 -0.0297189 -0.117294 
0.0224075 0.0255814 -0.07351870000000001 
0.00739409 0.012838 -0.0973436 
0.0175 -0.00349066 -0.135937 
-0.00686622 0.0241985 -0.114694 
-0.0385 -0.00262167 -0.0718154 
-0.00549015 5.18262e-05 -0.135139 
0.0103124 -0.0252485 -0.122345 
0.0112529 -0.0233389 -0.0177642 
-0.037178 -0.0323023 -0.0905855 
-0.0175769 0.0208086 -0.132198 
-0.00926483 0.0154331 -0.0762685 
0.0327151 0.0304966 -0.13401 
-0.0283895 -0.0355384 -0.0621839 
0.0108556 0.0154574 -0.079392 
0.019891 0.0239812 -0.128844 
-0.0217285 0.0301998 -0.00173458 
0.0217201 -0.0197317 -0.0125297 
-0.0174014 0.0384291 -0.119224 
-0.019068 0.0283695 -0.080937 
0.00737974 -0.0138861 -0.0236779 
0.0238477 0.010197 -0.0158212 
-0.0203098 0.0328033 -0.213376 
0.00558111 -0.0372633 0.0145346 
-0.0235933 0.0236829 -0.0905263 
 -0.03 0.0368102 -0.09037050000000001 
0.00884717 0.0166867 -0.0831518 
-0.00371606 0.0238145 -0.107431 
-0.0366435 0.0205668 -0.0534383 
-0.00462257 0.0209802 -0.0949498 
-0.00247988 0.0169881 -0.121869 
-0.00919029 0.0118813 -0.0772125 
-0.0069505 0.00106334 -0.0500203 
0.00209441 0.00775325 -0.0404432 
-0.0362371 -0.0118989 -0.0772716 
-0.0235 -0.00423426 -0.07188360000000001 
-0.0370924 0.00141618 -0.135171 
0.0383248 0.0279174 -0.145276 
0.0166084 0.0283843 -0.000343696 
0.0320238 -0.0298305 -0.171352 
0.00606932 -0.0242166 -0.0483484 
-0.00484913 -0.0222153 -0.0245494 
-0.0160587 0.0295703 -0.15362 
-0.0385 0.031109 -0.143525 
-0.033582 -0.0102329 -0.112562 
0.0158678 -0.013671 -0.106568 
-0.0177372 -0.0278406 0.0114256 
-0.00224845 0.0242328 -0.116207 
0.014575 -0.0299266 -0.0444869 
0.0385 -0.00307845 -0.0882812 
0.0385 0.00732018 -0.0634139 
-0.0385 0.0126178 -0.0872489 
0.00391732 -0.0348483 -0.083871 
-0.0268868 -0.0130499 -0.0158963 
-0.0126739 0.00365199 -0.0837538 
0.0273894 -0.00674713 -0.0124287 
-0.0226919 -0.034731 -0.06254800000000001 
-0.0108556 -0.0314894 -0.178236 
-0.0256038 -0.0111326 -0.0452417 
-0.0198523 0.0167691 -0.0937369 
0.0195 0.0372991 -0.110937 
-0.0108779 0.0222201 -0.0526044 
-0.0163852 -0.0287028 0.0114746 
-0.0117086 -0.0139513 -0.054386 
0.0264783 0.0346426 -0.169514 
-0.00358818 0.0281848 -0.08150110000000001 
-0.0154961 0.0165636 -0.07783420000000001 
0.00770463 0.0290825 -0.0172199 
0.0045941 -0.0368408 -0.0848405 
0.0385 -0.0127586 -0.113702 
-0.008876220000000001 0.0268564 -0.111387 
-0.0353572 -0.0361237 -0.122217 
-0.0331858 -0.0281236 -0.119349 
-0.0209945 -0.0285269 -0.146731 
0.00115317 0.00755308 -0.07103130000000001 
-0.00731423 -0.0139225 -0.0237135 
0.0179233 0.0257959 -0.08554109999999999 
-0.0145828 0.0207093 -0.119451 
-0.035308 0.008461929999999999 -0.123556 
0.00360445 -0.00175902 -0.0952083 
-0.0035724 -0.0138996 -0.0771903 
0.0349276 0.0363177 -0.162738 
-0.009852440000000001 -0.0137924 -0.09097040000000001 
-0.0285017 -0.0368323 -0.0858984 
0.0188899 0.0352593 -0.13737 
0.0183828 0.0354265 -0.217493 
0.00342275 0.0223538 -0.125337 
-0.0243214 0.0219269 -0.0704873 
-0.00493678 0.0204822 -0.0902722 
-0.0128909 -0.00150165 -0.128275 
-0.0335 0.00142564 -0.105011 
0.000847967 0.022881 -0.0241984 
-0.0194715 -0.0267025 -0.173231 
0.0335 0.00619075 -0.0981035 
-0.022959 -0.00422571 -0.0244094 
-0.0230768 0.0150643 -0.015259 
0.0154 -0.0227963 -0.131224 
0.0021197 0.00758434 -0.0750463 
0.00257514 0.029917 -0.0166004 
-0.0119799 0.0273936 -0.0357308 
-0.0385 0.0329191 -0.125894 
-0.0106131 0.019106 -0.07619960000000001 
0.0350891 0.00624935 -0.147594 
0.0136685 -0.0235039 -0.00929986 
0.00341568 -0.0266475 -0.135326 
0.00051273 -0.0298473 -0.0152258 
0.008734489999999999 0.0292287 -0.0362948 
0.00372685 0.0301347 -0.126451 
-0.0110805 0.0156942 -0.109821 
0.0111521 -0.0198195 -0.0529316 
-0.0174502 0.0207031 -0.118654 
-0.00325485 0.00770472 -0.09051289999999999 
0.00511749 -0.000346544 -0.0839579 
0.0354822 -0.0341364 -0.08787059999999999 
0.0385 -0.000126634 -0.0762051 
-0.0349413 0.0132447 -0.110611 
0.0368431 0.0203899 -0.114255 
-0.00677905 0.0259966 -0.0492299 
0.0200721 0.025844 -0.0397415 
-0.0227223 -0.0168802 -0.0277277 
-0.0166076 0.00999245 -0.0951501 
0.0126495 0.019829 -0.126907 
0.0115485 0.0198363 -0.00786476 
-0.00544513 -0.034716 -0.100859 
-0.0189078 -0.015971 -0.0339368 
0.000890919 -0.0316684 -0.203371 
0.00158267 0.038256 -0.131284 
0.0327445 0.0306556 -0.0874019 
-0.00638403 -0.00259149 -0.035077 
0.0173155 -0.0346554 -0.108647 
-0.0385 -0.014159 -0.135134 
0.0254449 0.0246457 -0.122743 
-0.0335 -0.0028379 -0.06277000000000001 
-0.0385 -0.00690741 -0.0619508 
0.0335 0.0168918 -0.120597 
0.0170272 -0.0367176 -0.100667 
-0.029622 0.00766923 -0.0859533 
0.0246118 0.0346613 -0.0620079 
-0.0335 -0.00588374 -0.0933075 
0.0174851 -0.0370071 -0.0634714 
-0.0304278 0.00121571 -0.00283735 
0.0234598 0.0296678 0.0145343 
-0.0235 -0.00315662 -0.106669 
-0.00886584 0.0193725 -0.0217256 
-0.0385 -0.0210228 -0.0987634 
0.0158538 -0.0138165 -0.08787150000000001 
-0.00655647 0.016499 -0.105951 
0.0258829 -0.0126918 -0.0723767 
-0.0335 0.00302234 -0.0664834 
0.0374576 0.0327553 -0.0872267 
0.0106883 0.0039827 -0.126242 
-0.012029 0.020511 -0.0939692 
-0.00723725 -0.012332 -0.0858747 
0.0260495 0.0267017 0.0150325 
0.0303126 0.0022467 -0.00530411 
-0.0183508 0.010869 -0.0949189 
0.00882907 0.030212 -0.0520365 
-0.0309674 0.0182136 -0.0074837 
-0.0118469 -0.0251458 -0.135541 
-0.0133409 0.0374692 -0.108188 
-0.0285055 -0.036581 -0.118211 
0.0244349 -0.0344882 -0.135788 
0.0106257 0.0228925 -0.012198 
-0.0335 -0.0139443 -0.138015 
0.00790654 -0.0328292 -0.0141587 
-0.00275062 0.0112475 -0.08935360000000001 
-0.0124753 0.0236782 -0.0899215 
0.017531 0.0236275 -0.0218276 
0.0118406 0.0128143 -0.0942947 
-0.0365989 -0.00675659 -0.0955401 
-0.0315486 0.0322189 -0.109499 
0.00703397 -0.0014613 -0.133459 
-0.023958 0.0271844 -0.120238 
-0.0182589 0.0370726 -0.0524138 
0.0335 0.0245759 -0.124902 
0.00565407 0.00566165 -0.0511162 
0.0166238 -0.00529781 -0.0272011 
0.00509878 0.0277927 -0.09401130000000001 
-0.0331394 0.0184243 0.0138228 
-0.0121127 0.0220565 -0.08713750000000001 
0.00718082 0.0270915 -0.129574 
0.0156272 -0.0334843 -0.201299 
-0.033475 -0.0266776 -0.121654 
-0.0039526 0.0362712 -0.0989442 
-0.0244374 0.00783506 -0.107259 
0.0328466 -0.00744859 -0.042335 
-0.00915378 -0.000344968 -0.0841604 
0.0311912 0.00769999 -0.0422171 
-0.0335 0.0236194 -0.102239 
0.0117493 -0.0356947 -0.0625555 
0.0119342 -0.0350416 -0.107213 
-0.0185 -0.0039501 -0.0730476 
-0.015977 -0.0206504 -0.0231552 
0.009642700000000001 0.0158088 -0.124543 
0.0225444 -0.00204328 -0.0715353 
-4.85574e-05 0.0203169 -0.06902949999999999 
-0.00820631 0.0204443 -0.0853984 
-0.0234004 -0.0214341 -0.0413997 
-0.0338671 -0.0187887 -0.127625 
0.0127897 -0.020133 -0.0182388 
0.0270134 -0.0349678 -0.0685119 
0.0385 -0.00214914 -0.142535 
-2.38745e-06 0.00393902 -0.120631 
-0.00297342 0.0302562 -0.00245539 
-0.0141111 0.00370561 -0.0906433 
0.0219197 0.0361944 -0.0890813 
-0.009574610000000001 -0.0144491 -0.135079 
-0.0335 0.0255642 -0.0933438 
-0.0155024 0.0228483 -0.095569 
0.0376652 0.0252021 -0.090112 
-0.013888 -0.000419889 -0.0745348 
0.00779573 0.00962877 -0.0922499 
-0.0108325 0.0214737 -0.0891739 
-0.0188049 0.00608062 -0.09658650000000001 
-0.00388102 0.0156904 -0.109325 
-0.0016 -0.0249198 -0.127734 
-0.03594 0.00133164 0.000165067 
0.0335 -0.0136305 -0.07288509999999999 
-0.0385 -0.0166716 -0.134032 
0.0337425 0.0255463 -0.134328 
0.00331906 0.0168674 -0.106371 
-0.00363977 -0.00628188 -0.0318256 
0.00408534 -0.000170178 -0.106617 
-0.0200137 0.0244574 -0.112945 
0.015156 -0.0137119 -0.101304 
-0.0235 -0.0101334 -0.107961 
0.0298649 0.000830553 -0.0145607 
-0.0363073 0.0277395 -0.158127 
-0.0385 -0.00371117 -0.0975442 
-0.00945228 0.0207348 -0.122725 
-0.0264619 0.00162844 -0.0519624 
-0.0263786 -0.026676 -0.17663 
0.0146552 -0.0368114 -0.088612 
0.0219567 0.0261697 -0.0398275 
0.0112432 0.0237422 -0.0981495 
0.00222742 0.0118467 -0.0727657 
-0.0361837 0.0208912 -0.141205 
-0.0248284 -0.0136286 -0.0263712 
-0.0124535 0.0111645 -0.115537 
0.0311747 -0.0106381 -0.00219416 
0.00228762 -0.0295635 -0.0527918 
-0.0131007 -0.0164821 -0.130841 
-0.0231808 -0.00252038 -0.0243961 
0.0275 -0.00108357 -0.0624595 
0.0335 -0.000202692 -0.0880951 
0.00208216 0.0303339 -0.00423431 
-0.0185 -0.0100638 -0.111642 
0.0312854 0.00752876 -0.0679056 
-0.0385 0.0124401 -0.0849728 
0.00500748 -0.00151623 -0.126401 
0.009280210000000001 0.0201527 -0.118388 
0.0235 -0.0101287 -0.0927477 
-0.0172107 -0.0291179 0.0170981 
0.00630862 0.0361462 -0.0828889 
0.0019479 -0.0353338 -0.06258850000000001 
-0.0195 -0.0361929 -0.0726598 
-0.0296751 -0.00646632 -0.0383273 
-0.0153728 -0.0165553 -0.121434 
0.0171196 -0.028441 -0.0157114 
0.0109513 0.0222264 -0.108973 
0.0148813 0.0382769 -0.09966700000000001 
0.0218581 -0.0334459 -0.202704 
-0.00065844 0.0155157 -0.0868858 
0.0120369 0.0220962 -0.0323578 
-0.037911 -0.0119334 -0.0728461 
-0.0357699 -0.0111279 -0.155971 
0.00791219 -0.0363427 0.00292494 
-0.0341116 0.00829764 -0.102449 
0.0104965 0.0254675 -0.08064830000000001 
0.0129317 0.0166646 -0.12966 
0.0335 0.00267349 -0.089751 
0.0150038 -0.0348974 -0.07756390000000001 
0.0384039 -0.0192695 -0.145064 
0.0381113 -0.0270121 -0.07499160000000001 
-0.0385 -0.0236764 -0.104557 
-0.0042399 0.0241727 -0.0763664 
-0.0155216 0.0121253 -0.124876 
-0.0101976 0.0167908 -0.09653109999999999 
-0.0185 -0.0113093 -0.111048 
-0.012806 -0.0196274 -0.00642248 
0.0281807 -0.0343586 -0.129815 
0.0335 -0.00899637 -0.0869637 
-0.0213076 0.00770408 -0.09043039999999999 
0.0362983 0.0250248 -0.0673338 
-1.90131e-05 0.0301039 -0.122498 
-0.0021624 -0.0280839 -0.149134 
0.0146656 -0.0241479 -0.0292579 
0.0053354 0.0300036 -0.00456012 
-0.0003531 0.0211816 -0.0807776 
-0.0202657 -0.0297141 -0.00232164 
-0.0274008 0.0230177 -0.008551339999999999 
0.0191496 0.0219438 -0.0358135 
-0.0258811 -0.00280529 -0.0102319 
0.016599 -0.0229278 -0.0360506 
0.025087 -0.0268248 0.00580174 
0.0108109 -0.00633099 -0.0543267 
-0.0275281 0.018135 0.00451886 
-0.0195 -0.0362101 -0.0814204 
-0.0130355 0.0189627 -0.0108857 
-0.0210464 -0.0351461 -0.1383 
-0.0268005 0.00732105 -0.06922789999999999 
0.0228988 -0.011533 -0.00621998 
0.0277315 0.00942602 -0.0219447 
-0.00268652 0.0379173 -0.0534714 
-0.00459511 0.0368138 0.0169466 
-0.0385 -0.0155704 -0.08849990000000001 
-0.0173445 0.0177331 -0.0122381 
-0.0385 0.00443412 -0.0648789 
-0.00499226 -0.0100428 -0.135869 
0.0112008 -0.0137681 -0.09408610000000001 
0.0222212 0.0229421 -0.0176977 
0.0224714 -0.00181727 -0.100573 
-0.0101662 -0.0274369 -0.0155898 
0.0174886 0.0359585 -0.0587648 
-0.0186276 0.0331716 -0.157255 
0.0235 -0.00227433 -0.089596 
  0.03 0.0366548 -0.0909011 
0.0257674 -0.00214387 -0.0173288 
0.0342744 0.0135463 -0.140348 
0.0223467 -0.0276174 -0.203133 
-0.0368926 -0.0235314 -0.0957968 
-0.0145602 0.0109263 -0.08663800000000001 
-0.0385 0.0297831 -0.132614 
0.0290836 0.000457957 -0.0699239 
-0.0312285 -0.0021154 -0.113662 
0.0124963 0.0241448 -0.118589 
0.0335 0.0079535 -0.0737912 
-0.0104328 -0.0252209 -0.125898 
-0.00364358 -0.0357501 -0.008121389999999999 
-0.0208853 0.0237774 -0.0949537 
-0.0215323 0.0359776 -0.0612262 
0.00124014 -0.0248421 -0.00606931 
-0.0212692 0.0298477 -0.163487 
-0.0110529 0.0208247 -0.0721284 
0.001603 0.016713 -0.0983487 
0.009547470000000001 0.0169828 -0.1212 
-0.024268 0.0258078 -0.10995 
0.0245698 0.00991976 -0.022511 
0.0169313 0.0035207 -0.06688669999999999 
0.0379052 -0.0149421 -0.0528312 
 -0.03 0.0335489 -0.114843 
-0.0178829 0.019316 -0.09461899999999999 
-0.0134934 -0.0360948 -0.0835091 
-0.0116169 0.0198446 -0.0116914 
-0.0160984 -0.0100428 -0.135865 
-0.0275734 -0.0169208 -0.0178377 
0.00271037 -0.0285061 -0.172776 
0.0347663 0.0217245 -0.0806012 
-0.00510133 0.0376396 -0.000206752 
0.0344654 0.0266048 -0.0550504 
-0.0046077 0.0237131 -0.09440519999999999 
0.0385 0.0263611 -0.101139 
0.013736 0.00790006 -0.115609 
0.0318386 -0.00589305 -0.042834 
-0.0247286 0.00749133 -0.0630978 
-0.009231700000000001 0.0292599 -0.11196 
0.0379762 -0.030125 -0.087546 
-0.0358256 0.0239922 -0.155471 
0.0268775 -0.009566979999999999 -0.0423515 
-0.0380208 -0.00837651 -0.05063 
0.0141268 0.0330091 0.0160725 
-0.0157291 0.0195371 -0.128166 
-0.0182407 -0.0334503 -0.205656 
0.00947164 0.00766877 -0.085894 
0.0335591 0.0107041 0.014908 
0.0235 -0.00116669 -0.0877143 
-0.00386195 0.036024 -0.0671795 
-0.0373739 -0.0309904 -0.0837624 
0.0136238 0.0170514 -0.130005 
-0.0159338 -0.0267222 -0.170697 
0.00149568 0.00780089 -0.102869 
0.00591848 -0.0300135 0.0147478 
-0.0322521 -0.00646653 0.000329453 
-0.0340476 -0.0189993 -0.0644 
-5.65849e-05 0.015489 -0.08345329999999999 
-0.0249666 0.007845390000000001 -0.108586 
-0.0196674 0.0238259 -0.108896 
0.0122239 0.0381015 -0.07713689999999999 
-0.019945 0.0241876 -0.0838238 
0.00980839 0.0239758 -0.09552529999999999 
-0.0327907 -0.0148621 0.00241859 
0.0227192 -0.00664624 -0.00611973 
-0.00460703 0.0158785 -0.133493 
0.0247284 -0.00184111 -0.0153906 
 -0.02 0.0157608 -0.07434780000000001 
0.008035199999999999 0.0362208 -0.0912548 
-0.000714852 0.022352 -0.125107 
0.0181385 0.0320558 -0.219413 
0.0128724 0.0111539 -0.107403 
-0.0279089 0.0184014 0.0149679 
-0.0242615 -0.009001179999999999 -0.0411666 
0.0232563 0.029305 -0.161126 
-0.000964165 0.0121681 -0.114062 
0.013404 0.00979647 -0.135827 
-0.00931862 0.0154647 -0.0803353 
-0.0266003 0.0112327 -0.0365687 
0.0005999999999999999 -0.016081 -0.135652 
0.0034183 -0.0280528 -0.0278266 
0.0213954 0.0351184 -0.143562 
-0.0240809 0.0188384 -0.00252922 
-0.009653739999999999 -0.00174132 -0.097483 
-0.00859219 0.0304257 -0.0524 
-0.0035626 0.0224242 -0.024202 
0.00599162 0.00386272 -0.0391864 
0.0102172 0.0202944 -0.0740891 
-0.0113575 -0.02326 -0.0424014 
-0.0190987 -0.0268073 -0.159762 
0.0173248 -0.0134697 -0.132426 
0.00681746 -0.0144236 -0.138357 
0.0385 0.0316203 -0.115618 
0.0235 -0.00858778 -0.077948 
-0.0190437 0.0120016 -0.134403 
-0.0140017 0.00782126 -0.105486 
0.00420435 0.0357611 -0.00229359 
-0.019068 0.025843 -0.112842 
-0.0155562 -0.0123291 -0.08624900000000001 
0.00223848 0.012192 -0.117133 
-0.0286789 -0.0045075 -0.0353933 
-0.0127688 0.0187952 -0.0529925 
-0.0380077 0.0132297 -0.0937022 
0.00513521 0.00362267 -0.07998710000000001 
0.00366682 -0.0274548 -0.0424907 
-0.0291221 0.0363784 -0.145721 
-0.0335 -0.00170634 -0.110891 
0.0315968 -0.00805023 -0.0537038 
-0.00929021 -0.0267759 -0.0358439 
-0.00501879 -0.0348492 -0.0837567 
-0.00434929 0.0275815 -0.072922 
0.0200098 0.0112695 -0.0106759 
0.0385 0.0215787 -0.119448 
-0.0318561 -0.0285989 -0.138941 
-0.00907257 0.0274088 -0.0353553 
-0.0210292 -0.0132061 -0.0357 
-0.0249307 -0.0256969 -0.00883778 
-0.00279201 -0.0264345 -0.118985 
0.00385483 -0.0107119 -0.0543608 
0.00571075 -0.0100388 -0.136378 
0.00340102 0.00765978 -0.08473940000000001 
-0.0332197 -0.0282405 -0.0828676 
0.0029436 0.009684460000000001 -0.12272 
0.00414622 -0.0327707 -0.0162058 
-0.0351318 0.0081888 -0.0593686 
-0.00152816 2.06786e-05 -0.131138 
-0.0161127 0.023602 -0.0420933 
-0.00187683 -1.29612e-05 -0.126816 
0.0104528 0.0274931 -0.09251429999999999 
-0.0328917 -0.0288862 -0.112253 
0.0226776 0.00435062 -0.0207307 
0.0257908 -0.0308235 -0.14252 
-0.030518 -0.000327387 -0.0445949 
-0.00408672 0.00775041 -0.0963835 
0.0343507 -0.0363367 -0.115855 
-0.00119144 -0.00725957 -0.0494945 
-0.0173683 -0.0347086 -0.145069 
-0.00047537 0.0328234 -0.0570958 
0.0178526 0.0244057 -0.0413665 
0.00405816 0.00350472 -0.06483319999999999 
0.0182763 -0.0138897 -0.0784648 
0.0142887 0.0220178 -0.08216660000000001 
-0.0381576 0.0211663 -0.0557611 
0.0167643 0.0220798 -0.0421052 
-0.0180133 -0.0337882 -0.162248 
0.0359647 0.00138652 0.00643169 
-0.00423683 0.0284888 -0.120562 
-0.0231974 0.0265328 -0.0966809 
0.0115154 -0.00198193 -0.06657 
-0.0193392 6.38648e-05 -0.136686 
0.0349906 -0.0141779 0.0147143 
-0.0270202 0.0383646 -0.110936 
-0.0235 -0.00751425 -0.13732 
-0.00163104 0.0367698 -0.220819 
0.0207656 0.038394 -0.114711 
-0.00685193 -0.0353127 -0.000475708 
-0.0146747 0.0127416 -0.08495800000000001 
-0.0300863 0.0133817 0.00781013 
0.00343708 0.0327495 0.0051119 
-0.0117881 0.00768286 -0.0877048 
-0.0332548 0.0288861 -0.0652254 
-0.0151778 0.0201466 -0.120411 
-0.00267909 -0.028202 -0.148493 
-0.00376795 0.0116071 -0.0835721 
0.0200431 0.0167765 -0.0377372 
0.0182929 0.0309322 -0.0551935 
0.0146878 0.0036432 -0.0716282 
-0.0183967 0.0147152 -0.127513 
0.0385 0.0289543 -0.113893 
0.0302384 0.0224267 0.000554699 
0.0114202 0.0172369 -0.06972730000000001 
0.000591893 0.019209 -0.0808721 
-0.015831 -0.0317817 -0.142527 
-0.0143948 -0.023664 -0.044389 
-0.00442873 0.00798009 -0.125892 
-0.0385 -0.0319808 -0.136646 
0.0263289 -0.0267206 -0.170904 
0.0276077 -0.0139682 -0.0683839 
-0.00659341 0.0191437 -0.072481 
0.0178872 0.00782385 -0.105818 
-0.0335 -0.00343987 -0.0672283 
-0.0188656 0.0203284 -0.07050480000000001 
0.031184 0.038149 -0.09392590000000001 
-0.0007609579999999999 0.0285729 -0.131766 
-0.0384416 0.00812242 -0.07993690000000001 
0.0151951 -0.00162155 -0.112871 
-0.015995 -0.0264982 -0.199479 
0.0233353 0.0253487 -0.0895247 
-0.00508716 0.020766 -0.126735 
0.0343569 -0.0214395 -0.07468950000000001 
-0.000926843 0.0300297 -0.0157071 
0.00463764 0.0123317 -0.135076 
-0.0229131 0.0242863 -0.06931610000000001 
0.0261762 -0.0266036 -0.185938 
0.0266 -0.0348188 -0.08766019999999999 
-0.01865 0.009355540000000001 -0.0791772 
0.0206347 0.0159656 -0.0171058 
-0.009504820000000001 0.0217051 -0.118904 
-0.00666623 -0.0252071 -0.127666 
-0.0200223 -0.0292671 -0.178571 
-0.000171897 0.0194632 -0.113522 
0.0217844 -0.0280813 -0.149148 
-0.0173134 0.0126787 -0.0768721 
0.0340232 -0.0235948 -0.116398 
-0.0150632 0.0130306 -0.122088 
0.0119781 -0.0338035 -0.00370273 
0.0321846 0.0316926 -0.115312 
0.0367252 -0.0302888 -0.152234 
0.0247673 0.0251911 -0.12928 
0.0101187 0.0130917 -0.129934 
0.0207075 0.0210453 -0.0421547 
-0.0335 -0.0166466 -0.09024939999999999 
-0.0282272 0.0365068 -0.0608186 
0.00284742 -0.0296282 -0.0206531 
0.0005999999999999999 -0.0168252 -0.133532 
0.0144615 0.0128157 -0.0944685 
0.00216345 0.0120259 -0.0957915 
0.0127581 0.012681 -0.07717300000000001 
-0.0335 0.00137336 -0.07960689999999999 
0.000222726 -0.00668635 -0.0378346 
0.0230375 -0.00178226 -0.105071 
-0.023454 -0.0335609 -0.19145 
-0.00522261 -0.0314409 -0.0561349 
0.0141076 0.008906249999999999 -0.0965543 
-0.0362579 0.0113614 -0.0878714 
0.0131222 0.00351069 -0.0656004 
-0.00401667 0.0166419 -0.07740130000000001 
0.0185 -0.008338089999999999 -0.09065769999999999 
-0.00875692 0.0266196 -0.015169 
0.000205 0.00388937 -0.114252 
0.0167927 -0.0283984 -0.186609 
-0.0215968 -0.0355362 -0.0931083 
0.0174731 0.035989 -0.0626872 
-0.0237003 -0.0310414 -0.142522 
0.008283520000000001 -0.000320115 -0.140283 
-0.000185453 -0.0341784 -0.0387165 
0.0185 -0.00495494 -0.10097 
-0.00491834 0.01844 -0.0526338 
-0.0374692 -0.0240066 -0.0634869 
-0.009830409999999999 -0.0314146 0.0010915 
0.0305866 -0.0269329 -0.152793 
0.008876739999999999 0.0272589 -0.0256362 
-0.000789938 -0.0167805 -0.022007 
-0.0184256 0.017083 -0.0358604 
-0.0291648 -0.0344318 -0.128887 
-0.000538063 0.0298268 -0.08688559999999999 
-0.0231196 0.0276476 0.0131801 
0.0123712 0.0100326 -0.0912876 
-0.0187214 0.0129373 -0.0850286 
-0.0152515 0.0296604 -0.0154236 
-0.00839286 -0.0290296 -0.043289 
0.0136967 0.0168673 -0.106355 
-0.011994 -0.0122515 -0.096218 
-0.007814450000000001 -0.026901 -0.210255 
-0.008876739999999999 0.0381726 -0.13212 
0.0146553 0.0297435 -0.217468 
0.0153831 -0.00108534 -0.0527858 
-0.0148467 -0.0334985 -0.199464 
0.0341072 0.0161953 0.0174508 
-0.008597499999999999 0.0223005 -0.118485 
0.0350807 -0.0105142 0.0172429 
0.0163143 -0.0285834 -0.00289833 
  0.03 0.0345462 -0.0718403 
-0.0176251 0.0138852 -0.0926652 
0.0157702 -0.033833 -0.156488 
0.0132294 0.023806 -0.106335 
-0.008525400000000001 -0.0358959 -0.06936440000000001 
0.00519378 0.0284681 -0.0727105 
-0.00137944 -0.00620973 -0.135328 
0.00603824 0.0240259 -0.134592 
0.0385 -0.000925426 -0.123125 
-0.0124101 -0.0184436 -0.0245201 
0.00346013 -0.0370074 -0.06343 
-0.00162818 0.0119669 -0.11932 
-0.00136197 -0.0245628 -0.00606713 
0.0122132 -0.0251129 -0.139766 
-0.0188992 0.0142905 -0.09260740000000001 
-0.00685333 0.0195774 -0.105927 
0.0001772 0.00404607 -0.134384 
0.0335 -0.0259676 -0.119757 
0.016774 0.0381783 -0.0869984 
0.0108817 0.008133309999999999 -0.145577 
0.00118312 0.0130513 -0.124742 
-0.0242849 0.0258896 -0.06998509999999999 
-0.019951 0.0295601 -0.0091184 
-0.0221683 0.0249064 -0.0806888 
-0.00403175 -0.0326958 0.00362269 
-0.0176429 0.0225484 -0.0274106 
0.0290154 0.0293822 -0.17105 
-0.0173383 0.0155078 -0.0858681 
0.0174882 -0.0146826 -0.008844640000000001 
0.0250364 -0.0273236 0.00804031 
-0.0310327 -0.0344088 -0.0643876 
0.0306596 0.0328937 -0.122675 
-0.0103539 -0.0194536 -0.119931 
-0.0335 0.0190757 -0.11984 
0.00424327 0.0224015 -0.131461 
-0.0147588 -0.0244335 -0.0112892 
0.008183879999999999 -0.0286406 -0.0193015 
0.00769529 0.0282726 -0.0221101 
0.0275 0.00389516 -0.130163 
0.0126276 0.0225878 -0.130537 
-0.0153416 0.0219183 -0.0955584 
-0.019378 0.0289722 -0.117931 
0.0385 -0.0156234 -0.100604 
0.0032671 0.017006 -0.124169 
0.0295255 0.00788853 -0.114128 
-0.00615406 0.0263018 -0.126492 
-0.0164 -0.0205406 -0.136487 
-0.00992241 0.0345423 0.00586977 
-0.0335554 0.0137759 -0.00737244 
0.0146343 0.00350569 -0.0649579 
-0.007876849999999999 0.00942985 -0.0900087 
-0.019634 -0.0143207 -0.008933440000000001 
0.00513847 0.0127445 -0.085326 
-0.0132351 0.00351495 -0.0661475 
-0.00292248 -0.031351 -0.203193 
-0.0215766 -0.0279923 -0.204518 
-0.0217763 -0.0155669 -0.0111357 
-0.0276704 -0.0247848 -0.0565074 
0.0220536 -0.0235463 -0.0424037 
-0.0146632 0.036256 -0.0969883 
-0.00546992 0.0214165 -0.0818282 
0.0216624 -0.0134921 -0.129546 
-0.0294997 0.00137225 -0.0153656 
0.0131545 0.0036673 -0.08572150000000001 
-0.0361979 -0.0184109 -0.139994 
0.0277397 -0.0139859 -0.066108 
-0.00312036 0.0301317 -0.126058 
-0.0191268 0.0286782 -0.06892139999999999 
0.0335 0.0259055 -0.0822238 
0.00631471 -0.037066 -0.0559065 
0.0281428 -0.0338726 -0.151406 
-0.0174151 0.0191226 -0.069774 
0.0195029 -0.0306538 -0.144125 
0.0262624 -0.0367703 -0.0938976 
-0.0119376 0.0221153 -0.0946984 
0.0264155 -0.0128982 -0.0375392 
0.00755985 -0.0307615 -0.00291528 
0.0316113 -0.008879700000000001 0.0172556 
0.0276848 -0.00226978 -0.0938286 
-0.0100279 0.00274751 -0.052756 
0.0116555 -0.0234565 -0.0225062 
0.0116741 0.0357528 -0.0480584 
-0.0237763 0.0282617 -0.0882472 
0.00765963 -0.0347284 -0.0992664 
0.019281 0.008043079999999999 -0.14198 
0.0264809 0.0222095 0.00720668 
0.00217243 2.38218e-05 -0.131541 
-0.00915667 -0.0359978 -0.127245 
-0.0199589 -0.0201234 -0.0430709 
-0.0184242 0.0235736 -0.00716284 
-0.0236757 0.0104645 -0.0122947 
0.0371119 0.00854506 -0.119793 
-0.0259488 -0.0063019 -0.009325099999999999 
0.0335 0.0268949 -0.130038 
-0.015853 0.0218916 -0.0695704 
0.008411119999999999 0.016904 -0.111065 
0.0163629 0.0383386 -0.107598 
0.008992119999999999 -0.012197 -0.103223 
0.00353541 -0.0276313 -0.0458645 
0.00486032 -0.000292015 -0.09096360000000001 
-0.0333088 0.0294355 -0.127242 
-0.0385 0.0192838 -0.122717 
-0.00150376 0.0300296 -0.0138545 
-0.0333532 0.008036400000000001 -0.133126 
-0.0136985 0.0367689 -0.220708 
0.00133918 -0.0119381 -0.13648 
0.0335 0.0194092 -0.07704999999999999 
0.0039962 0.0248838 -0.0287453 
-0.0177184 0.0167009 -0.084978 
-0.00645969 0.00297557 -0.0428688 
-0.008951600000000001 0.0189638 -0.0840654 
0.0204393 0.024025 -0.134483 
-0.0124612 0.0203352 -0.0713849 
  0.03 0.0376373 -0.100132 
-0.0060116 0.00960458 -0.112457 
-0.0109487 0.0121756 -0.115024 
-0.0005999999999999999 -0.0169466 -0.134396 
0.018595 -0.0163032 -0.0349873 
-0.0247325 -0.0347683 -0.105 
-0.009520819999999999 0.00770654 -0.0907471 
0.0256307 0.0119228 -0.00578315 
0.0105224 -0.000377245 -0.0800135 
-0.00933027 -0.02707 -0.0381183 
-0.0280448 -0.0365798 -0.118373 
-0.0287344 -0.00251247 -0.0626485 
0.030381 -0.036581 -0.115192 
-0.0081648 0.0203756 -0.07657170000000001 
0.00472718 0.00762758 -0.0806018 
-0.0218702 0.0382092 -0.09097040000000001 
-0.0185 -0.00729078 -0.102337 
0.0116572 -0.000482358 -0.0665089 
0.0133919 2.90985e-05 -0.132219 
-0.0238376 -0.00495005 -0.009126540000000001 
-0.0305444 0.022055 -0.0562829 
0.029652 -0.00189907 -0.0112511 
0.0256269 0.0326594 -0.142026 
0.0335 0.0257637 -0.0953908 
-0.0155 0.00728894 -0.143347 
-0.000111754 0.0134749 -0.107999 
-0.0335 -0.0202096 -0.124036 
0.0335 -8.85003e-05 -0.0687074 
0.00959604 -0.0227269 -0.031263 
-0.0335 0.00305561 -0.103878 
-0.0378198 0.0303362 -0.183285 
-0.0372989 -0.00701344 -0.0625409 
0.000339788 -0.0137343 -0.0984285 
-0.0257025 0.036086 -0.07515579999999999 
0.027094 -0.0273165 -0.153296 
0.00316171 0.0237128 -0.09436509999999999 
0.0335 0.0220852 -0.097082 
0.0127887 -0.0345431 -0.141471 
-0.0166808 0.019861 -0.11628 
-0.009801219999999999 0.0268837 -0.0752 
-0.0325369 0.0117565 -0.0409855 
-0.0191883 -0.0163617 -0.009403399999999999 
-0.0382221 0.0255324 -0.0669466 
-0.0385 0.0173342 -0.122502 
-0.0283 0.032191 -0.0541611 
-0.0107284 0.0363277 -0.080415 
-0.031345 -0.0102936 0.00181287 
-0.0335 -0.00273398 -0.116606 
0.00855793 -0.0338834 -0.15002 
-0.017018 0.0228127 -0.0941905 
0.0219021 -0.0137302 -0.0989575 
0.00685403 -0.0321907 -0.168529 
-0.0195771 0.0223769 -0.128305 
-0.0258362 0.0352228 -0.142006 
-0.0236875 0.00885173 -0.009207150000000001 
0.00531049 -0.00141358 -0.13959 
0.0225179 -0.0123285 -0.0734742 
0.0130664 0.009697610000000001 -0.123021 
-0.00464707 0.00641285 -0.0362252 
0.0163642 0.0236499 -0.0352355 
-0.0261209 -0.0314587 -0.195282 
-0.00296442 0.0332983 -0.0153671 
-0.0335 -0.0147043 -0.112853 
0.0335 -0.0158238 -0.06613869999999999 
-0.0157682 0.0232655 -0.107301 
-0.0385 0.0319174 -0.135397 
0.0315367 0.009835419999999999 -0.0387487 
-0.018 -0.00358859 -0.135547 
-0.00214375 -0.012386 -0.0789376 
-0.0356897 -0.00664983 -0.109256 
-0.0153976 0.0321302 -0.14203 
-0.0267465 0.0359974 -0.0637668 
-0.00130246 0.0238479 -0.111722 
-0.0266269 0.0293205 -0.163122 
0.0100597 -0.0263936 -0.027917 
0.00459335 0.00939659 -0.0857361 
0.0152944 0.00788525 -0.113707 
-0.009132380000000001 0.0214267 -0.132103 
-0.00999188 0.0195288 -0.121951 
0.0164936 0.0247576 -0.00836723 
-0.0385 -0.0181866 -0.126128 
0.0273997 -0.0363559 -0.0673504 
0.00262885 0.0207954 -0.130502 
0.000221466 0.0359927 -0.00615777 
0.0179481 -0.00149806 -0.128736 
-0.00542367 0.0190443 -0.07778110000000001 
-0.0196111 0.0351356 -0.221103 
0.00293414 0.0235807 -0.07316019999999999 
0.0212155 0.0153048 -0.0403405 
0.00595675 0.0079328 -0.119816 
0.009280210000000001 0.0198358 -0.110697 
-0.0275907 0.00564686 -0.005832 
-0.0235 -0.00310804 -0.138433 
-0.00782392 0.013123 -0.133961 
0.00115617 0.0348169 -0.0433159 
0.0205477 -0.0136301 -0.0543835 
0.00612354 0.0363937 -0.128689 
-0.03597 0.0012388 0.00733942 
0.00998108 0.0167582 -0.0923432 
-0.0316311 -0.009219730000000001 0.0144521 
0.00514834 0.00764784 -0.0832053 
-0.0100513 0.0169157 -0.09812800000000001 
0.00135442 0.0235046 -0.10684 
-0.0184077 0.0205027 -0.0928991 
-0.00139844 -0.00016821 -0.10687 
0.024216 -0.0265937 -0.187207 
-0.00184389 -0.000229265 -0.0990255 
-0.008646879999999999 -0.0239575 -0.0112105 
-0.0238438 -0.0226941 0.00768919 
-0.00469633 0.0129125 -0.106911 
-0.0134925 0.0239248 -0.121605 
-0.0170252 -0.0267354 -0.203125 
0.0336667 0.0127143 0.00123309 
-0.0212804 0.0223107 -0.119793 
0.0210544 0.0298087 -0.163607 
-0.0275 0.00198887 -0.126461 
-0.00750979 0.0128139 -0.0942446 
0.0152223 0.0367196 -0.141368 
0.00926565 0.0298131 -0.0851271 
0.0275847 -0.0290645 -0.143815 
0.0208868 -0.0124388 -0.0721581 
 -0.03 0.0373624 -0.114828 
0.0038843 0.009680309999999999 -0.122188 
0.0144559 0.00761817 -0.07939400000000001 
0.00670365 -0.0361129 -0.06255869999999999 
-0.021063 0.0242659 -0.09031019999999999 
0.00374673 0.01951 -0.068326 
0.00935268 0.0267246 -0.0864383 
-0.0287351 0.0145059 -0.0422656 
0.0111072 0.00752675 -0.067648 
0.0107055 -0.000186586 -0.104509 
-0.0228705 -0.0212644 -0.00284136 
-0.0357535 -0.0326384 -0.153761 
-0.0149271 0.0244889 -0.0420864 
-0.0245 0.0377481 -0.128474 
-0.0382325 0.035184 -0.183269 
-0.031339 -0.0338846 -0.149869 
-0.0154254 -0.0038162 -0.0254553 
-0.00836398 0.0170913 -0.135128 
0.0102262 0.0241968 -0.12392 
0.0347381 0.0133507 0.0149286 
-0.037657 0.0166677 -0.148079 
0.0106235 -0.0120943 -0.116409 
-0.0254988 0.0279241 0.0154691 
0.0102888 0.028604 -0.135363 
0.021749 0.008711770000000001 -0.0542058 
-0.032912 0.008212179999999999 -0.0407613 
0.0232104 -0.0275549 0.008922859999999999 
-0.0207272 0.0213291 -0.0372718 
-0.00386917 -0.0273168 -0.0208021 
0.0175322 -0.0138647 -0.0816828 
-0.0173928 -0.0369451 -0.071435 
-0.0245596 0.00349614 -0.0637308 
-0.0235 -0.00505413 -0.108336 
-0.00186546 -0.000330474 -0.0860226 
-0.0335 -0.00750709 -0.142426 
0.0378743 0.000630038 0.0161637 
0.00557607 0.0315532 -0.142225 
0.0149796 -0.000423067 -0.0741265 
-0.01866 -0.0335589 -0.191711 
-0.0221985 0.0306615 0.016429 
0.0210219 0.0253037 0.00285616 
-0.0312416 -0.030919 -0.0828989 
-0.00662255 0.0364563 -0.122728 
 -0.02 0.016064 -0.0880252 
-0.0075469 0.0178578 -0.133582 
-0.00107119 0.0293097 -0.0420489 
-0.00146424 -0.00731226 -0.037366 
-0.0195219 0.0141478 -0.0283445 
-0.0335 0.00646836 -0.0774421 
0.007969499999999999 -0.00171281 -0.101146 
0.00950726 0.0219621 -0.075016 
0.0320355 0.0362651 -0.155971 
-0.0213909 0.00767178 -0.086281 
0.0334421 -0.0269606 -0.106161 
-0.0350334 0.011564 -0.112505 
-0.0364934 0.0237573 -0.142422 
-0.014809 0.0169188 -0.112974 
-0.0221481 -0.0282649 -0.148152 
0.0185 -0.00868128 -0.109497 
0.0276345 0.0314656 -0.214678 
-0.0335772 -0.011793 -0.09088259999999999 
0.0360083 0.0367753 -0.140837 
-0.0335 -0.00311779 -0.0750647 
0.00190703 0.0282063 -0.110518 
0.0123887 0.0223263 -0.121797 
0.00594346 0.017097 -0.13587 
-0.0243917 0.0276118 -0.0882522 
0.0382345 0.0304307 -0.146052 
0.000682988 0.0383244 -0.105769 
0.00685253 0.0292515 -0.110878 
0.0385 -0.0194403 -0.0752902 
-0.00102622 0.0253989 -0.114305 
-0.0163429 -0.0230754 -0.0299841 
0.008500000000000001 0.0369252 -0.117224 
0.0170424 -0.0366886 -0.104394 
-0.0059943 0.0128175 -0.0947103 
-0.0313895 -0.036372 -0.0870047 
0.0197121 -0.0121719 -0.0935983 
-0.0379242 -0.0307416 -0.0904787 
-0.0137518 0.0154484 -0.07824109999999999 
0.0291826 0.00689176 -0.0153226 
-0.021404 0.00789143 -0.114501 
-0.0246956 0.0291279 -0.0937176 
-0.0209093 -0.0307857 -0.0579513 
-0.00361921 0.0380815 -0.0745572 
-0.0335 -0.0160008 -0.076751 
-0.0235 -0.0029175 -0.126029 
-0.0331733 0.0299909 -0.112592 
-0.0185 -0.00746559 -0.127982 
-0.00868997 -0.00196926 -0.0681982 
-0.0326818 -0.0294143 -0.08387319999999999 
0.009531009999999999 -0.020505 -0.0211695 
0.00691943 0.00130857 -0.0453696 
0.0385 -0.0174029 -0.0693608 
0.00522329 0.0238701 -0.114571 
-0.0335 0.00337964 -0.122918 
0.0265035 0.0259988 -0.111271 
0.0218197 -0.000254768 -0.095749 
-0.0223152 0.00513439 -0.0243365 
0.0375942 0.00530183 0.0131018 
-0.0149816 0.00779324 -0.101886 
-0.0241722 0.00390303 -0.116007 
-0.0113294 0.0349024 0.0175964 
0.0132035 0.00787999 -0.113031 
-0.033405 -0.00341369 -0.0574427 
-0.0231309 -0.0138 -0.0899943 
-0.0385 0.0283179 -0.0874883 
-0.0383612 0.0334974 -0.145076 
0.0132756 0.0225009 -0.0737083 
0.0182285 -0.0239119 -0.0180624 
0.0385 -0.0168317 -0.07510849999999999 
0.0209437 -0.0015118 -0.139819 
0.0235 -0.00119672 -0.131897 
-0.0167591 0.0364489 -0.217343 
-0.0329929 -0.0332939 -0.16577 
0.00212873 -0.0369236 -0.0677584 
-0.0211002 -0.0110933 -0.0124625 
-0.0138336 0.0122893 -0.129629 
-0.0179221 0.0204362 -0.0843624 
0.010213 -0.0132924 -0.0643812 
-0.0192233 0.0104859 -0.0959165 
  0.03 -0.0329447 -0.0715795 
-0.027087 -0.00508823 -0.0423167 
0.0128846 -0.0270573 -0.154702 
-0.00157726 0.027662 -0.0928295 
0.0333186 -0.0175776 0.0113657 
0.0107085 0.0175965 -0.0685949 
-0.0147468 -0.0119238 -0.138315 
-0.0101548 0.0156847 -0.108594 
-0.00296587 -0.034593 -0.117537 
3 632 309 972 
3 309 634 80 
3 634 309 632 
3 54 309 80 
3 140 54 80 
3 54 437 309 
3 309 909 972 
3 235 848 846 
3 848 437 846 
3 437 848 309 
3 848 909 309 
3 909 848 235 
3 634 524 80 
3 524 665 80 
3 905 634 632 
3 905 408 43 
3 524 905 330 
3 905 524 634 
3 900 140 80 
3 705 900 80 
3 419 761 318 
3 761 508 318 
3 830 508 80 
3 508 830 170 
3 665 830 80 
3 830 665 170 
3 437 612 846 
3 779 809 835 
3 666 437 54 
3 70 666 54 
3 527 740 835 
3 929 444 318 
3 444 527 835 
3 909 586 972 
3 884 549 779 
3 884 779 835 
3 417 198 632 
3 142 444 929 
3 444 142 527 
3 665 995 170 
3 524 995 665 
3 140 946 54 
3 946 70 54 
3 946 140 128 
3 946 666 70 
3 759 761 419 
3 900 759 140 
3 759 705 8 
3 759 900 705 
3 705 709 8 
3 508 709 80 
3 761 709 508 
3 416 190 846 
3 612 416 846 
3 3 612 948 
3 3 331 190 
3 416 3 190 
3 3 416 612 
3 331 3 549 
3 549 3 948 
3 612 424 948 
3 424 612 437 
3 666 424 437 
3 549 881 779 
3 881 549 128 
3 691 419 835 
3 809 691 835 
3 691 809 419 
3 627 419 318 
3 444 627 318 
3 419 627 835 
3 627 444 835 
3 892 909 235 
3 892 586 909 
3 190 516 846 
3 516 235 846 
3 884 100 549 
3 740 983 835 
3 983 884 835 
3 884 983 740 
3 525 740 75 
3 525 884 740 
3 581 329 929 
3 929 329 937 
3 329 94 937 
3 94 329 258 
3 508 10 318 
3 581 10 508 
3 963 905 43 
3 905 963 330 
3 963 940 330 
3 361 632 972 
3 361 417 632 
3 586 361 972 
3 142 138 527 
3 138 528 527 
3 528 138 931 
3 138 142 929 
3 138 929 937 
3 931 138 937 
3 198 210 632 
3 210 206 632 
3 206 210 198 
3 417 556 198 
3 556 206 198 
3 206 556 931 
3 361 556 417 
3 556 528 931 
3 905 466 408 
3 94 466 937 
3 466 931 937 
3 466 206 931 
3 466 94 258 
3 969 905 632 
3 206 969 632 
3 969 466 905 
3 466 969 206 
3 183 528 75 
3 528 183 527 
3 740 183 75 
3 183 740 527 
3 217 419 128 
3 217 759 419 
3 140 217 128 
3 759 217 140 
3 944 759 8 
3 709 944 8 
3 759 944 761 
3 944 709 761 
3 196 705 80 
3 709 196 80 
3 196 709 705 
3 946 66 666 
3 66 424 666 
3 66 946 128 
3 424 66 948 
3 549 66 128 
3 66 549 948 
3 984 809 779 
3 881 984 779 
3 984 881 128 
3 82 525 586 
3 413 329 581 
3 940 413 330 
3 329 413 940 
3 413 524 330 
3 413 508 170 
3 413 581 508 
3 995 413 170 
3 413 995 524 
3 329 126 258 
3 96 581 929 
3 96 10 581 
3 96 929 318 
3 10 96 318 
3 525 405 586 
3 405 361 586 
3 405 556 361 
3 528 405 75 
3 405 525 75 
3 556 405 528 
3 809 595 419 
3 984 595 809 
3 419 595 128 
3 595 984 128 
3 364 516 190 
3 364 976 516 
3 976 157 586 
3 82 157 884 
3 157 100 884 
3 157 82 586 
3 516 791 235 
3 976 791 516 
3 791 892 235 
3 892 791 586 
3 791 976 586 
3 525 870 884 
3 870 82 884 
3 82 870 525 
3 678 329 940 
3 678 126 329 
3 100 157 549 
3 331 157 190 
3 157 331 549 
3 157 364 190 
3 364 157 976 
3 678 963 43 
3 408 678 43 
3 678 466 258 
3 466 678 408 
3 963 678 940 
3 126 678 258 
Vertices and facets:
- p309(v13): -0.017 -0.029 0.017
  neighbors: f42 f129 f178 f89 f90 f96 f184 f185
- p632(v8): 0.034 0.016 0.017
  neighbors: f42 f282 f90 f412 f195 f398 f397 f411 f429 f430
- p972(v4): -0.011 0.035 0.018
  neighbors: f42 f250 f178 f397 f400
- p634(v23): 0.035 -0.011 0.017
  neighbors: f89 f90 f193 f195 f200
- p80(v3): 0.0056 -0.037 0.015
  neighbors: f89 f208 f96 f101 f194 f219 f217 f193 f207 f323 f445 f446
- p54(v24): -0.015 -0.034 0.015
  neighbors: f96 f101 f235 f129 f234 f306 f307
- p140(v25): -0.029 -0.037 -0.086
  neighbors: f207 f101 f308 f306 f316 f439 f440
- p437(v30): -0.033 -0.015 0.0024
  neighbors: f234 f184 f129 f183 f223 f335 f336
- p909(v39): -0.022 0.031 0.016
  neighbors: f178 f186 f185 f250 f356 f358
- p848(v40): -0.032 -0.0092 0.014
  neighbors: f182 f183 f184 f185 f186
- p235(v22): -0.033 0.018 0.014
  neighbors: f356 f186 f182 f364 f511 f513
- p846(v7): -0.036 0.0012 0.0073
  neighbors: f223 f183 f325 f182 f326 f363 f364
- p524(v42): 0.035 -0.014 0.015
  neighbors: f305 f194 f200 f193 f199 f476 f480
- p665(v41): 0.025 -0.027 0.008
  neighbors: f194 f220 f219 f303 f305
- p905(v43): 0.038 0.00063 0.016
  neighbors: f195 f196 f395 f200 f199 f422 f394 f429 f431
- p408(v34): 0.038 0.026  -0.1
  neighbors: f196 f422 f530 f532
- p43(v2): 0.038 0.0063 -0.053
  neighbors: f196 f394 f529 f530
- p330(v16): 0.038 -0.027 -0.075
  neighbors: f199 f396 f395 f474 f476
- p900(v45): -0.017 -0.037 -0.071
  neighbors: f208 f207 f316 f318
- p705(v26): 0.0063 -0.037 -0.056
  neighbors: f208 f318 f317 f319 f445 f447
- p761(v46):  0.03 -0.037 -0.12
  neighbors: f209 f210 f313 f324 f443 f444
- p419(v19): -0.018 -0.033 -0.21
  neighbors: f347 f313 f438 f209 f345 f350 f437 f348 f498 f500
- p318(v5): 0.022 -0.033  -0.2
  neighbors: f210 f349 f209 f242 f348 f389 f486 f487
- p508(v27): 0.034 -0.036 -0.12
  neighbors: f218 f217 f210 f324 f390 f323 f389 f477 f478
- p830(v47): 0.027 -0.036 -0.067
  neighbors: f217 f218 f219 f220
- p170(v10): 0.035 -0.034 -0.088
  neighbors: f303 f218 f220 f477 f479
- p612(v48): -0.037 -0.024 -0.063
  neighbors: f331 f326 f223 f328 f334 f335
- p809(v50): -0.026 -0.031  -0.2
  neighbors: f347 f229 f346 f454 f498 f499
- p779(v18): -0.038  0.03 -0.18
  neighbors: f229 f263 f260 f340 f454 f455
- p835(v11): -0.02 0.035 -0.22
  neighbors: f246 f351 f346 f229 f238 f263 f345 f350 f372 f373
- p666(v51): -0.031 -0.034 -0.064
  neighbors: f309 f234 f235 f336 f448 f449
- p70(v44): -0.028 -0.036 -0.062
  neighbors: f235 f307 f309
- p740(v52): -0.014 0.037 -0.22
  neighbors: f238 f376 f374 f372 f375 f435 f436
- p527(v32): -0.0016 0.037 -0.22
  neighbors: f289 f406 f238 f246 f405 f434 f436
- p444(v53): 0.018 0.032 -0.22
  neighbors: f242 f246 f289 f288 f349 f351
- p929(v21): 0.028 0.031 -0.21
  neighbors: f288 f409 f386 f408 f242 f385 f484 f486
- p586(v54): -0.028 0.037 -0.061
  neighbors: f358 f510 f493 f250 f400 f492 f466 f506 f514 f515
- p884(v56): -0.038 0.035 -0.18
  neighbors: f376 f260 f374 f509 f263 f371 f373 f507 f516 f517
- p549(v29): -0.038 -0.032 -0.14
  neighbors: f371 f333 f260 f332 f342 f340 f452 f453 f522 f524
- p417(v60): 0.014 0.033 0.016
  neighbors: f398 f282 f414 f417
- p198(v37): 0.023  0.03 0.015
  neighbors: f282 f413 f411 f414 f415
- p142(v61): 0.018 0.035 -0.22
  neighbors: f289 f288 f405 f408
- p995(v64): 0.033 -0.018 0.011
  neighbors: f303 f305 f479 f480
- p946(v65): -0.031 -0.036 -0.087
  neighbors: f306 f307 f308 f309 f448 f450
- p128(v9): -0.035 -0.036 -0.12
  neighbors: f439 f452 f437 f342 f308 f450 f458 f500 f501
- p759(v66): -0.028 -0.037 -0.12
  neighbors: f440 f313 f438 f318 f316 f317 f441 f443
- p8(v14): 0.0046 -0.037  -0.1
  neighbors: f317 f319 f441 f442
- p709(v67): 0.026 -0.037 -0.094
  neighbors: f319 f324 f323 f444 f442 f446 f447
- p416(v68): -0.038 -0.0084 -0.051
  neighbors: f325 f326 f330 f331
- p190(v28): -0.038 -0.0069 -0.062
  neighbors: f325 f330 f329 f363 f503 f523 f526
- p3(v69): -0.038 -0.03  -0.1
  neighbors: f328 f329 f330 f331 f332 f333
- p948(v15): -0.038 -0.031 -0.09
  neighbors: f333 f328 f334 f451 f453
- p331(v49): -0.038 -0.024  -0.1
  neighbors: f329 f332 f523 f524
- p424(v70): -0.037 -0.031 -0.084
  neighbors: f334 f335 f336 f449 f451
- p881(v71): -0.036 -0.033 -0.15
  neighbors: f340 f342 f455 f458
- p691(v72): -0.022 -0.028  -0.2
  neighbors: f345 f346 f347
- p627(v73): -0.0078 -0.027 -0.21
  neighbors: f348 f349 f350 f351
- p892(v75): -0.025 0.028 0.015
  neighbors: f356 f358 f513 f514
- p516(v77): -0.038 0.021 -0.056
  neighbors: f364 f363 f504 f503 f511 f512
- p100(v78): -0.038 0.031 -0.14
  neighbors: f371 f509 f522
- p983(v79): -0.017 0.036 -0.22
  neighbors: f372 f373 f374
- p525(v80): -0.027 0.038 -0.11
  neighbors: f375 f376 f466 f496 f492 f516 f518
- p75(v17): -0.017 0.038 -0.12
  neighbors: f435 f375 f433 f495 f496
- p329(v81): 0.038 -0.019 -0.15
  neighbors: f388 f475 f387 f385 f386 f473 f482 f520 f521
- p581(v58): 0.037 -0.03 -0.15
  neighbors: f385 f478 f390 f473 f484 f485
- p937(v12): 0.038  0.03 -0.15
  neighbors: f410 f409 f387 f386 f424 f425
- p94(v57): 0.038 0.028 -0.15
  neighbors: f388 f387 f424 f428
- p258(v36): 0.038 -0.0021 -0.14
  neighbors: f388 f428 f482 f531 f534
- p10(v82):  0.03 -0.034 -0.17
  neighbors: f389 f390 f485 f487
- p963(v83): 0.038 -0.017 -0.069
  neighbors: f394 f395 f396 f529 f533
- p940(v59): 0.038 -0.019 -0.075
  neighbors: f396 f475 f474 f520 f533
- p361(v84): -0.0046 0.037 0.017
  neighbors: f397 f398 f417 f400 f493 f494
- p138(v85): 0.035 0.036 -0.16
  neighbors: f405 f406 f407 f408 f409 f410
- p528(v63): 0.021 0.038 -0.11
  neighbors: f434 f433 f407 f418 f406 f495 f497
- p931(v38): 0.036 0.037 -0.14
  neighbors: f410 f407 f418 f416 f425 f426
- p210(v86): 0.026 0.027 0.015
  neighbors: f411 f412 f413
- p206(v62): 0.037 0.033 -0.087
  neighbors: f416 f413 f412 f415 f426 f430 f432
- p556(v87): 0.031 0.038 -0.094
  neighbors: f414 f415 f416 f417 f418 f494 f497
- p466(v88): 0.038 0.032 -0.12
  neighbors: f422 f428 f424 f425 f426 f431 f432 f531 f532
- p969(v89): 0.038 0.0053 0.013
  neighbors: f429 f430 f431 f432
- p183(v90): 0.0016 0.038 -0.13
  neighbors: f433 f434 f435 f436
- p217(v91): -0.029 -0.037 -0.12
  neighbors: f437 f438 f439 f440
- p944(v92): 0.017 -0.037  -0.1
  neighbors: f441 f442 f443 f444
- p196(v93): 0.017 -0.037 -0.063
  neighbors: f445 f446 f447
- p66(v94): -0.037 -0.032 -0.091
  neighbors: f448 f449 f450 f451 f452 f453
- p984(v95): -0.033 -0.033 -0.17
  neighbors: f454 f455 f458 f499 f501
- p82(v97): -0.03 0.037 -0.09
  neighbors: f466 f510 f507 f517 f518
- p413(v99): 0.038 -0.03 -0.088
  neighbors: f473 f474 f475 f476 f477 f478 f479 f480
- p126(v100): 0.038 -0.013 -0.11
  neighbors: f482 f521 f534
- p96(v101): 0.032 -0.03 -0.17
  neighbors: f484 f485 f486 f487
- p405(v103): -0.0051 0.038 -0.00021
  neighbors: f492 f493 f494 f495 f496 f497
- p595(v104): -0.023 -0.034 -0.19
  neighbors: f498 f499 f500 f501
- p364(v105): -0.038 0.0044 -0.065
  neighbors: f503 f504 f526 f527
- p976(v96): -0.038 0.028 -0.087
  neighbors: f506 f504 f512 f515 f527
- p157(v106): -0.038 0.033 -0.13
  neighbors: f506 f507 f510 f509 f522 f523 f524 f526 f527
- p791(v107): -0.038 0.026 -0.067
  neighbors: f511 f512 f513 f514 f515
- p870(v108): -0.03 0.037 -0.11
  neighbors: f516 f517 f518
- p678(v109): 0.038 -0.016  -0.1
  neighbors: f520 f521 f529 f530 f531 f532 f533 f534
- f42
    - flags: bottom simplicial
    - normal:  -1.299e-07 -0.007783        1
    - offset: -0.01732422
    - vertices: p309(v13) p632(v8) p972(v4)
    - neighboring facets: f397 f178 f90
- f89
    - flags: bottom simplicial
    - normal:   0.05394  -0.1593   0.9858
    - offset: -0.02056452
    - vertices: p634(v23) p309(v13) p80(v3)
    - neighboring facets: f96 f193 f90
- f90
    - flags: top simplicial
    - normal:  1.227e-07 -0.007784        1
    - offset: -0.01732422
    - center: 0.01732573333333333 -0.007812266666666665 0.01726393333333333 
    - vertices: p634(v23) p309(v13) p632(v8)
    - neighboring facets: f42 f195 f89
- f96
    - flags: top simplicial
    - normal:  -0.07887  -0.4933   0.8663
    - offset: -0.03053345
    - vertices: p54(v24) p309(v13) p80(v3)
    - neighboring facets: f89 f101 f129
- f101
    - flags: top simplicial
    - normal:   -0.1597  -0.9859  0.04998
    - offset: -0.03657248
    - vertices: p140(v25) p54(v24) p80(v3)
    - neighboring facets: f96 f207 f306
- f129
    - flags: bottom simplicial
    - normal:    -0.782   -0.547   0.2988
    - offset: -0.03449444
    - vertices: p437(v30) p54(v24) p309(v13)
    - neighboring facets: f96 f184 f234
- f178
    - flags: bottom simplicial
    - normal:   -0.1076 0.002148   0.9942
    - offset: -0.01878841
    - vertices: p909(v39) p309(v13) p972(v4)
    - neighboring facets: f42 f250 f185
- f182
    - flags: bottom simplicial
    - normal:   -0.8763 -0.03688   0.4803
    - offset: -0.03500047
    - center: -0.03358016666666666 0.003481123333333334 0.01187144 
    - vertices: p848(v40) p235(v22) p846(v7)
    - neighboring facets: f364 f183 f186
- f183
    - flags: top simplicial
    - normal:   -0.9454  -0.2504   0.2085
    - offset: -0.03522686
    - vertices: p848(v40) p437(v30) p846(v7)
    - neighboring facets: f223 f182 f184
- f184
    - flags: bottom simplicial
    - normal:   -0.7863  -0.5269   0.3228
    - offset:  -0.034393
    - vertices: p848(v40) p437(v30) p309(v13)
    - neighboring facets: f129 f185 f183
- f185
    - flags: top simplicial
    - normal:   -0.1866 -0.004571   0.9824
    - offset: -0.02014185
    - vertices: p848(v40) p909(v39) p309(v13)
    - neighboring facets: f178 f184 f186
- f186
    - flags: bottom simplicial
    - normal:   -0.2412 0.008934   0.9704
    - offset: -0.02157072
    - vertices: p848(v40) p909(v39) p235(v22)
    - neighboring facets: f356 f182 f185
- f193
    - flags: bottom simplicial
    - normal:    0.4079  -0.5254   0.7467
    - offset: -0.03270796
    - center: 0.02521747 -0.0206518 0.01549726666666667 
    - vertices: p524(v42) p634(v23) p80(v3)
    - neighboring facets: f89 f194 f200
- f194
    - flags: top simplicial
    - normal:     0.519  -0.6654   0.5365
    - offset: -0.03548984
    - vertices: p524(v42) p665(v41) p80(v3)
    - neighboring facets: f219 f193 f305
- f195
    - flags: top simplicial tested
    - normal:    0.3424 0.005165   0.9396
    - offset: -0.0281565
    - center: 0.0356874 0.002103712666666667 0.01695246666666667 
    - vertices: p905(v43) p634(v23) p632(v8)
    - neighboring facets: f90 f429 f200
- f196
    - flags: top simplicial tested
    - normal:    0.9996  0.02706  0.01127
    - offset: -0.03805721
    - center: 0.03829143333333333 0.011088066 -0.0459559 
    - vertices: p905(v43) p408(v34) p43(v2)
    - neighboring facets: f530 f394 f422
    - ridges:
- f199
    - flags: bottom simplicial tested
    - normal:    0.9785  -0.1966  0.06217
    - offset: -0.03794117
    - center: 0.03699206666666667 -0.01351998733333334 -0.01470453333333333 
    - vertices: p905(v43) p524(v42) p330(v16)
    - neighboring facets: f476 f395 f200
- f200
    - flags: top simplicial tested
    - normal:    0.9398  -0.2094     0.27
    - offset: -0.03982657
    - center: 0.03598186666666667 -0.008020687333333333 0.0160403 
    - vertices: p905(v43) p524(v42) p634(v23)
    - neighboring facets: f193 f195 f199
- f207
    - flags: top simplicial
    - normal:  -0.008181       -1 -0.001515
    - offset: -0.03719433
    - vertices: p900(v45) p140(v25) p80(v3)
    - neighboring facets: f101 f208 f316
- f208
    - flags: bottom simplicial
    - normal:  -0.003243       -1 -0.002835
    - offset: -0.03720365
    - vertices: p900(v45) p705(v26) p80(v3)
    - neighboring facets: f445 f207 f318
- f209
    - flags: bottom simplicial
    - normal:  0.002765  -0.9993 -0.03607
    - offset: -0.04079611
    - vertices: p761(v46) p419(v19) p318(v5)
    - neighboring facets: f348 f210 f313
- f210
    - flags: top simplicial
    - normal:   0.05454  -0.9977 -0.04105
    - offset: -0.04288166
    - vertices: p761(v46) p508(v27) p318(v5)
    - neighboring facets: f389 f209 f324
- f217
    - flags: top simplicial
    - normal:   0.08644  -0.9962  0.01199
    - offset: -0.03777788
    - vertices: p830(v47) p508(v27) p80(v3)
    - neighboring facets: f323 f219 f218
- f218
    - flags: bottom simplicial
    - normal:    0.3945  -0.9172  0.05617
    - offset: -0.04037078
    - vertices: p830(v47) p508(v27) p170(v10)
    - neighboring facets: f477 f220 f217
- f219
    - flags: bottom simplicial
    - normal:     0.483  -0.8675   0.1191
    - offset: -0.0367524
    - vertices: p830(v47) p665(v41) p80(v3)
    - neighboring facets: f194 f217 f220
- f220
    - flags: top simplicial
    - normal:    0.5286  -0.8407   0.1173
    - offset: -0.03714942
    - vertices: p830(v47) p665(v41) p170(v10)
    - neighboring facets: f303 f218 f219
- f223
    - flags: bottom simplicial
    - normal:   -0.9699   -0.222  0.09965
    - offset: -0.03534532
    - vertices: p612(v48) p437(v30) p846(v7)
    - neighboring facets: f183 f326 f335
- f229
    - flags: bottom simplicial
    - normal:   -0.8937 -0.08359  -0.4409
    - offset: -0.1120707
    - center: -0.0278506 0.0113377 -0.19989 
    - vertices: p809(v50) p779(v18) p835(v11)
    - neighboring facets: f263 f346 f454
- f234
    - flags: top simplicial
    - normal:   -0.7674  -0.6205   0.1614
    - offset: -0.03477602
    - vertices: p666(v51) p437(v30) p54(v24)
    - neighboring facets: f129 f235 f336
- f235
    - flags: bottom simplicial
    - normal:   -0.4601  -0.8822  0.09965
    - offset: -0.03821938
    - vertices: p666(v51) p70(v44) p54(v24)
    - neighboring facets: f307 f234 f309
- f238
    - flags: bottom simplicial
    - normal:  -0.008888   0.2653  -0.9641
    - offset: -0.2226657
    - center: -0.01164688 0.03622476666666665 -0.2208766666666666 
    - vertices: p740(v52) p527(v32) p835(v11)
    - neighboring facets: f246 f372 f436
- f242
    - flags: bottom simplicial
    - normal:    0.4271  -0.2006  -0.8816
    - offset: -0.1947594
    - vertices: p444(v53) p929(v21) p318(v5)
    - neighboring facets: f486 f349 f288
- f246
    - flags: top simplicial
    - normal:   0.03062  -0.1656  -0.9857
    - offset:  -0.211527
    - vertices: p444(v53) p527(v32) p835(v11)
    - neighboring facets: f238 f351 f289
- f250
    - flags: bottom simplicial
    - normal:   -0.3709   0.9234  0.09882
    - offset: -0.03816982
    - vertices: p586(v54) p909(v39) p972(v4)
    - neighboring facets: f178 f400 f358
- f260
    - flags: top simplicial tested
    - normal:   -0.9885 -0.08373  -0.1263
    - offset: -0.05799085
    - center: -0.0381841 0.0111798 -0.1677333333333333 
    - vertices: p884(v56) p549(v29) p779(v18)
    - neighboring facets: f340 f263 f371
- f263
    - flags: top simplicial tested
    - normal:   -0.8947 -0.07472  -0.4403
    - offset: -0.1122701
    - center: -0.0318878 0.03355193333333333 -0.1958856666666667 
    - vertices: p884(v56) p779(v18) p835(v11)
    - neighboring facets: f229 f373 f260
- f282
    - flags: top simplicial
    - normal:    0.2911   0.4165   0.8613
    - offset: -0.03170236
    - center: 0.02389793333333333 0.02629073333333333 0.0160192 
    - vertices: p417(v60) p198(v37) p632(v8)
    - neighboring facets: f411 f398 f414
- f288
    - flags: top simplicial
    - normal:     0.425   0.4246  -0.7994
    - offset: -0.1967266
    - vertices: p142(v61) p444(v53) p929(v21)
    - neighboring facets: f242 f408 f289
- f289
    - flags: bottom simplicial
    - normal:    0.1751   0.4777  -0.8609
    - offset: -0.2073814
    - vertices: p142(v61) p444(v53) p527(v32)
    - neighboring facets: f246 f405 f288
- f303
    - flags: bottom simplicial
    - normal:     0.734  -0.6672   0.1273
    - offset: -0.03762847
    - vertices: p995(v64) p665(v41) p170(v10)
    - neighboring facets: f220 f479 f305
- f305
    - flags: bottom simplicial
    - normal:    0.6469  -0.6724   0.3597
    - offset: -0.03746076
    - vertices: p995(v64) p524(v42) p665(v41)
    - neighboring facets: f194 f303 f480
- f306
    - flags: bottom simplicial
    - normal:   -0.1767  -0.9829   0.0522
    - offset: -0.03675304
    - vertices: p946(v65) p140(v25) p54(v24)
    - neighboring facets: f101 f307 f308
- f307
    - flags: top simplicial
    - normal:    -0.225  -0.9725  0.05986
    - offset: -0.03722774
    - vertices: p946(v65) p70(v44) p54(v24)
    - neighboring facets: f235 f306 f309
- f308
    - flags: top simplicial
    - normal:   -0.1616  -0.9868  0.01125
    - offset: -0.03998529
    - vertices: p946(v65) p140(v25) p128(v9)
    - neighboring facets: f439 f450 f306
- f309
    - flags: top simplicial
    - normal:   -0.4502   -0.889  0.08426
    - offset: -0.03913224
    - vertices: p946(v65) p666(v51) p70(v44)
    - neighboring facets: f235 f307 f448
- f313
    - flags: top simplicial
    - normal:  0.001919  -0.9994 -0.03562
    - offset: -0.04071873
    - vertices: p759(v66) p761(v46) p419(v19)
    - neighboring facets: f209 f438 f443
- f316
    - flags: bottom simplicial
    - normal:  -3.029e-05       -1 -0.007775
    - offset: -0.03749995
    - vertices: p759(v66) p900(v45) p140(v25)
    - neighboring facets: f207 f440 f318
- f317
    - flags: top simplicial
    - normal:  -1.027e-06       -1 -0.007783
    - offset: -0.03749997
    - vertices: p759(v66) p705(v26) p8(v14)
    - neighboring facets: f319 f441 f318
- f318
    - flags: top simplicial
    - normal:  -2.368e-06       -1 -0.007782
    - offset: -0.03749992
    - vertices: p759(v66) p900(v45) p705(v26)
    - neighboring facets: f208 f317 f316
- f319
    - flags: bottom simplicial
    - normal:  9.865e-07       -1 -0.007783
    - offset: -0.03749998
    - vertices: p709(v67) p705(v26) p8(v14)
    - neighboring facets: f317 f442 f447
- f323
    - flags: bottom simplicial
    - normal:   0.08526  -0.9963  0.01173
    - offset: -0.03777138
    - vertices: p709(v67) p508(v27) p80(v3)
    - neighboring facets: f217 f446 f324
- f324
    - flags: bottom simplicial
    - normal:   0.06194  -0.9981 0.003108
    - offset: -0.03803444
    - vertices: p709(v67) p761(v46) p508(v27)
    - neighboring facets: f210 f323 f444
- f325
    - flags: top simplicial
    - normal:    -0.999 -0.02349  0.03924
    - offset: -0.03619124
    - center: -0.03749693333333333 -0.004681706666666666 -0.03508046 
    - vertices: p416(v68) p190(v28) p846(v7)
    - neighboring facets: f363 f326 f330
- f326
    - flags: bottom simplicial
    - normal:   -0.9961 -0.07427  0.04756
    - offset: -0.03608688
    - center: -0.03715333333333334 -0.01038143666666667 -0.03559249333333333 
    - vertices: p416(v68) p612(v48) p846(v7)
    - neighboring facets: f223 f325 f331
- f328
    - flags: top simplicial tested
    - normal:   -0.9928  -0.1109  0.04442
    - offset:  -0.037044
    - center: -0.037936 -0.02829 -0.08461940000000001 
    - vertices: p3(v69) p612(v48) p948(v15)
    - neighboring facets: f334 f333 f331
- f329
    - flags: top simplicial tested
    - normal:   -0.9999 -0.01031 0.004059
    - offset: -0.03831743
    - center: -0.03847153333333333 -0.02023520333333334 -0.08880013333333332 
    - vertices: p3(v69) p331(v49) p190(v28)
    - neighboring facets: f523 f330 f332
    - ridges:
- f330
    - flags: bottom simplicial tested
    - normal:   -0.9976 -0.05997  0.03445
    - offset: -0.03668811
    - center: -0.0383118 -0.01513524 -0.07082446666666667 
    - vertices: p3(v69) p416(v68) p190(v28)
    - neighboring facets: f325 f329 f331
- f331
    - flags: top simplicial tested
    - normal:   -0.9972 -0.06555  0.03691
    - offset: -0.03659363
    - center: -0.0379682 -0.02083497 -0.07133650000000001 
    - vertices: p3(v69) p416(v68) p612(v48)
    - neighboring facets: f326 f328 f330
- f332
    - flags: bottom simplicial tested
    - normal:   -0.9999 -0.01116 0.002888
    - offset: -0.0384597
    - center: -0.03847153333333334 -0.028593 -0.1136985333333333 
    - vertices: p3(v69) p331(v49) p549(v29)
    - neighboring facets: f524 f333 f329
    - ridges:
- f333
    - flags: bottom simplicial tested
    - normal:   -0.9193   -0.393  0.02201
    - offset: -0.04495235
    - center: -0.0382796 -0.03094806666666667 -0.1090057666666667 
    - vertices: p3(v69) p549(v29) p948(v15)
    - neighboring facets: f453 f328 f332
- f334
    - flags: bottom simplicial
    - normal:   -0.9727  -0.2209  0.07151
    - offset: -0.03720798
    - vertices: p424(v70) p612(v48) p948(v15)
    - neighboring facets: f328 f451 f335
- f335
    - flags: top simplicial
    - normal:   -0.9324  -0.3431   0.1138
    - offset: -0.03594778
    - vertices: p424(v70) p612(v48) p437(v30)
    - neighboring facets: f223 f336 f334
- f336
    - flags: bottom simplicial
    - normal:   -0.7891  -0.5949   0.1533
    - offset: -0.03508576
    - vertices: p424(v70) p666(v51) p437(v30)
    - neighboring facets: f234 f335 f449
- f340
    - flags: bottom simplicial
    - normal:   -0.9826  -0.1043  -0.1537
    - offset: -0.0621644
    - vertices: p881(v71) p549(v29) p779(v18)
    - neighboring facets: f260 f455 f342
- f342
    - flags: top simplicial
    - normal:   -0.6504  -0.7558 -0.07534
    - offset: -0.05950806
    - vertices: p881(v71) p549(v29) p128(v9)
    - neighboring facets: f452 f458 f340
- f345
    - flags: top simplicial
    - normal:   -0.5807  -0.1899  -0.7916
    - offset:  -0.179748
    - vertices: p691(v72) p419(v19) p835(v11)
    - neighboring facets: f350 f346 f347
- f346
    - flags: bottom simplicial
    - normal:   -0.8785 -0.09563  -0.4681
    - offset: -0.1173705
    - vertices: p691(v72) p809(v50) p835(v11)
    - neighboring facets: f229 f345 f347
- f347
    - flags: top simplicial
    - normal:   -0.7738   -0.365  -0.5177
    - offset: -0.1327938
    - vertices: p691(v72) p809(v50) p419(v19)
    - neighboring facets: f498 f345 f346
- f348
    - flags: top simplicial
    - normal:   0.05692  -0.6328  -0.7722
    - offset: -0.1789348
    - vertices: p627(v73) p419(v19) p318(v5)
    - neighboring facets: f209 f349 f350
- f349
    - flags: bottom simplicial
    - normal:    0.1914  -0.2324  -0.9536
    - offset: -0.2052553
    - vertices: p627(v73) p444(v53) p318(v5)
    - neighboring facets: f242 f348 f351
- f350
    - flags: bottom simplicial
    - normal:    -0.277  -0.2164  -0.9362
    - offset: -0.2048225
    - vertices: p627(v73) p419(v19) p835(v11)
    - neighboring facets: f345 f351 f348
- f351
    - flags: top simplicial
    - normal:   0.03054  -0.1665  -0.9856
    - offset: -0.2114608
    - vertices: p627(v73) p444(v53) p835(v11)
    - neighboring facets: f246 f350 f349
- f356
    - flags: top simplicial
    - normal:   -0.3987   0.1643   0.9022
    - offset: -0.02871226
    - center: -0.02694556666666667 0.02566996666666667 0.0152403 
    - vertices: p892(v75) p909(v39) p235(v22)
    - neighboring facets: f186 f513 f358
- f358
    - flags: top simplicial
    - normal:   -0.6531   0.7496   0.1077
    - offset: -0.03925032
    - center: -0.02530816666666667 0.03169746666666667 -0.009640166666666665 
    - vertices: p892(v75) p586(v54) p909(v39)
    - neighboring facets: f250 f356 f514
- f363
    - flags: bottom simplicial tested
    - normal:   -0.9993 0.004254  0.03599
    - offset: -0.03621578
    - center: -0.03754253333333334 0.005165896666666667 -0.03679082666666667 
    - vertices: p516(v77) p190(v28) p846(v7)
    - neighboring facets: f325 f364 f503
- f364
    - flags: top simplicial tested
    - normal:    -0.988   0.1339  0.07653
    - offset: -0.03626731
    - center: -0.03575566666666666 0.0136098 -0.01153296 
    - vertices: p516(v77) p235(v22) p846(v7)
    - neighboring facets: f182 f363 f511
- f371
    - flags: bottom simplicial tested
    - normal:        -1 -0.0007421 -0.006807
    - offset: -0.03945291
    - center: -0.03841083333333334 0.0114374 -0.15448 
    - vertices: p100(v78) p884(v56) p549(v29)
    - neighboring facets: f260 f522 f509
    - ridges:
- f372
    - flags: bottom simplicial
    - normal:   -0.2549   0.9567  -0.1408
    - offset: -0.06974938
    - vertices: p983(v79) p740(v52) p835(v11)
    - neighboring facets: f238 f373 f374
- f373
    - flags: top simplicial
    - normal:   -0.2657    0.955   -0.132
    - offset: -0.06795105
    - vertices: p983(v79) p884(v56) p835(v11)
    - neighboring facets: f263 f372 f374
- f374
    - flags: bottom simplicial
    - normal:   -0.2024    0.975 -0.09133
    - offset: -0.05878098
    - vertices: p983(v79) p884(v56) p740(v52)
    - neighboring facets: f376 f372 f373
- f375
    - flags: top simplicial
    - normal:  -0.02147   0.9996 -0.01714
    - offset: -0.04083125
    - vertices: p525(v80) p740(v52) p75(v17)
    - neighboring facets: f435 f496 f376
- f376
    - flags: top simplicial
    - normal:   -0.1059    0.994  -0.0273
    - offset: -0.04402348
    - vertices: p525(v80) p884(v56) p740(v52)
    - neighboring facets: f374 f375 f516
- f385
    - flags: bottom simplicial tested
    - normal:    0.9836 -0.03448  -0.1773
    - offset: -0.06415471
    - center: 0.03425453333333332 -0.006030899999999998 -0.1706586666666667 
    - vertices: p329(v81) p581(v58) p929(v21)
    - neighboring facets: f484 f386 f473
- f386
    - flags: bottom simplicial tested
    - normal:    0.9883 0.000334  -0.1526
    - offset: -0.06009074
    - center: 0.03475763333333334 0.01420893333333333 -0.168598 
    - vertices: p329(v81) p929(v21) p937(v12)
    - neighboring facets: f409 f387 f385
- f387
    - flags: top simplicial tested
    - normal:    0.9937 0.001163  -0.1119
    - offset: -0.05436844
    - center: 0.03832106666666666 0.0130262 -0.145464 
    - vertices: p329(v81) p94(v57) p937(v12)
    - neighboring facets: f424 f386 f388
- f388
    - flags: bottom simplicial tested
    - normal:    0.9989 0.001459 -0.04784
    - offset: -0.04527102
    - center: 0.03840956666666667 0.002166253333333334 -0.1442916666666667 
    - vertices: p329(v81) p94(v57) p258(v36)
    - neighboring facets: f428 f482 f387
- f389
    - flags: bottom simplicial
    - normal:    0.1678  -0.9842 -0.05689
    - offset: -0.04811564
    - vertices: p10(v82) p508(v27) p318(v5)
    - neighboring facets: f210 f487 f390
- f390
    - flags: bottom simplicial
    - normal:    0.6631  -0.7442 -0.08044
    - offset: -0.05913944
    - vertices: p10(v82) p581(v58) p508(v27)
    - neighboring facets: f478 f389 f485
- f394
    - flags: top simplicial tested
    - normal:    0.9999 -0.005963 0.008573
    - offset: -0.03800705
    - center: 0.03829143333333334 -0.003499934 -0.03536316666666667 
    - vertices: p963(v83) p905(v43) p43(v2)
    - neighboring facets: f196 f529 f395
    - ridges:
- f395
    - flags: bottom simplicial tested
    - normal:    0.9985 -0.05097  0.01805
    - offset: -0.03807857
    - center: 0.03816186666666668 -0.01459498733333333 -0.04272956666666666 
    - vertices: p963(v83) p905(v43) p330(v16)
    - neighboring facets: f199 f396 f394
- f396
    - flags: top simplicial tested
    - normal:    0.9986 -0.05058  0.01738
    - offset: -0.03811969
    - center: 0.03837043333333334 -0.0212851 -0.07321420000000001 
    - vertices: p963(v83) p940(v59) p330(v16)
    - neighboring facets: f474 f395 f533
    - ridges:
- f397
    - flags: top simplicial
    - normal:   0.05781   0.1327   0.9895
    - offset: -0.02138793
    - vertices: p361(v84) p632(v8) p972(v4)
    - neighboring facets: f42 f400 f398
- f398
    - flags: top simplicial
    - normal:    0.0819   0.1777   0.9807
    - offset: -0.02278504
    - vertices: p361(v84) p417(v60) p632(v8)
    - neighboring facets: f282 f397 f417
- f400
    - flags: bottom simplicial
    - normal:   -0.2654   0.9611  0.07685
    - offset: -0.03790271
    - vertices: p361(v84) p586(v54) p972(v4)
    - neighboring facets: f250 f397 f493
- f405
    - flags: bottom simplicial
    - normal:   0.07326   0.9966 -0.03836
    - offset: -0.04499445
    - vertices: p138(v85) p142(v61) p527(v32)
    - neighboring facets: f289 f406 f408
- f406
    - flags: top simplicial
    - normal:   0.05509   0.9981 -0.02691
    - offset: -0.04255217
    - vertices: p138(v85) p528(v63) p527(v32)
    - neighboring facets: f434 f405 f407
- f407
    - flags: bottom simplicial
    - normal:   0.06474   0.9976 -0.02404
    - offset: -0.04240419
    - vertices: p138(v85) p528(v63) p931(v38)
    - neighboring facets: f418 f410 f406
- f408
    - flags: top simplicial
    - normal:     0.426   0.8933  -0.1433
    - offset: -0.0706381
    - vertices: p138(v85) p142(v61) p929(v21)
    - neighboring facets: f288 f409 f405
- f409
    - flags: top simplicial
    - normal:    0.9806   0.1269  -0.1495
    - offset: -0.06319613
    - vertices: p138(v85) p929(v21) p937(v12)
    - neighboring facets: f386 f410 f408
- f410
    - flags: bottom simplicial
    - normal:    0.9277   0.3695  -0.0535
    - offset: -0.05452697
    - center: 0.03639013333333333 0.0345079 -0.1498756666666667 
    - vertices: p138(v85) p931(v38) p937(v12)
    - neighboring facets: f425 f409 f407
- f411
    - flags: bottom simplicial
    - normal:    0.4361   0.5058   0.7443
    - offset: -0.0360549
    - vertices: p210(v86) p198(v37) p632(v8)
    - neighboring facets: f282 f412 f413
- f412
    - flags: top simplicial
    - normal:    0.7736   0.6216   0.1231
    - offset: -0.03860035
    - vertices: p210(v86) p206(v62) p632(v8)
    - neighboring facets: f430 f411 f413
- f413
    - flags: bottom simplicial
    - normal:    0.7375   0.6643   0.1216
    - offset: -0.03877772
    - vertices: p210(v86) p206(v62) p198(v37)
    - neighboring facets: f415 f411 f412
- f414
    - flags: bottom simplicial
    - normal:    0.3497   0.9318  0.09776
    - offset: -0.03726755
    - vertices: p556(v87) p417(v60) p198(v37)
    - neighboring facets: f282 f415 f417
- f415
    - flags: top simplicial
    - normal:    0.5818   0.8066   0.1045
    - offset: -0.03909767
    - vertices: p556(v87) p206(v62) p198(v37)
    - neighboring facets: f413 f414 f416
- f416
    - flags: bottom simplicial
    - normal:    0.6255   0.7791  0.04151
    - offset: -0.04532915
    - center: 0.03488330000000001 0.03589320000000001 -0.1073298666666667 
    - vertices: p556(v87) p206(v62) p931(v38)
    - neighboring facets: f426 f418 f415
- f417
    - flags: bottom simplicial
    - normal:     0.202   0.9764  0.07695
    - offset: -0.03631912
    - vertices: p556(v87) p361(v84) p417(v60)
    - neighboring facets: f398 f414 f494
- f418
    - flags: top simplicial
    - normal:   0.06781   0.9975 -0.02223
    - offset: -0.04225484
    - vertices: p556(v87) p528(v63) p931(v38)
    - neighboring facets: f407 f416 f497
- f422
    - flags: bottom simplicial tested
    - normal:    0.9992  0.03705  0.01346
    - offset: -0.03808571
    - center: 0.03829143333333333 0.019537146 -0.06686443333333333 
    - vertices: p466(v88) p905(v43) p408(v34)
    - neighboring facets: f196 f532 f431
    - ridges:
- f424
    - flags: bottom simplicial tested
    - normal:    0.9994  0.03282    -0.01
    - offset: -0.04067146
    - center: 0.0383531 0.02998946666666667 -0.1356486666666666 
    - vertices: p466(v88) p94(v57) p937(v12)
    - neighboring facets: f387 f425 f428
- f425
    - flags: top simplicial tested
    - normal:    0.9377   0.3469 -0.02174
    - offset: -0.04958155
    - center: 0.03758093333333333 0.0329421 -0.134169 
    - vertices: p466(v88) p931(v38) p937(v12)
    - neighboring facets: f410 f424 f426
- f426
    - flags: top simplicial tested
    - normal:    0.8745   0.4849  0.01272
    - offset: -0.0475294
    - center: 0.03732196666666666 0.03371696666666667 -0.1145605666666667 
    - vertices: p466(v88) p206(v62) p931(v38)
    - neighboring facets: f416 f425 f432
- f428
    - flags: top simplicial tested
    - normal:         1 0.005229 -0.00656
    - offset: -0.03942243
    - center: 0.0384416 0.01912952 -0.1344763333333333 
    - vertices: p466(v88) p94(v57) p258(v36)
    - neighboring facets: f388 f531 f424
    - ridges:
- f429
    - flags: top simplicial
    - normal:    0.9492   0.2104   0.2341
    - offset: -0.03986628
    - vertices: p969(v89) p905(v43) p632(v8)
    - neighboring facets: f195 f430 f431
- f430
    - flags: bottom simplicial
    - normal:     0.958   0.2769  0.07447
    - offset: -0.03845922
    - vertices: p969(v89) p206(v62) p632(v8)
    - neighboring facets: f412 f429 f432
- f431
    - flags: top simplicial
    - normal:     0.997  0.07433  0.02221
    - offset: -0.03816604
    - vertices: p969(v89) p466(v88) p905(v43)
    - neighboring facets: f422 f429 f432
- f432
    - flags: bottom simplicial
    - normal:    0.9922   0.1205  0.03161
    - offset: -0.03835438
    - vertices: p969(v89) p466(v88) p206(v62)
    - neighboring facets: f426 f430 f431
- f433
    - flags: top simplicial
    - normal:  0.002206   0.9999 -0.01088
    - offset: -0.03968547
    - vertices: p183(v90) p528(v63) p75(v17)
    - neighboring facets: f495 f435 f434
- f434
    - flags: bottom simplicial
    - normal:  0.007374   0.9998 -0.01686
    - offset: -0.04047477
    - vertices: p183(v90) p528(v63) p527(v32)
    - neighboring facets: f406 f436 f433
- f435
    - flags: bottom simplicial
    - normal:  -0.001304   0.9999  -0.0164
    - offset: -0.04040242
    - vertices: p183(v90) p740(v52) p75(v17)
    - neighboring facets: f375 f433 f436
- f436
    - flags: top simplicial
    - normal:  -0.0002272   0.9999 -0.01659
    - offset: -0.0404282
    - vertices: p183(v90) p740(v52) p527(v32)
    - neighboring facets: f238 f434 f435
- f437
    - flags: top simplicial
    - normal:  -0.04279  -0.9983 -0.04076
    - offset: -0.04255549
    - vertices: p217(v91) p419(v19) p128(v9)
    - neighboring facets: f500 f439 f438
- f438
    - flags: top simplicial
    - normal:  -0.01041  -0.9993   -0.037
    - offset: -0.04122409
    - vertices: p217(v91) p759(v66) p419(v19)
    - neighboring facets: f313 f437 f440
- f439
    - flags: bottom simplicial
    - normal:  -0.06208   -0.998 -0.007755
    - offset: -0.03919559
    - vertices: p217(v91) p140(v25) p128(v9)
    - neighboring facets: f308 f437 f440
- f440
    - flags: bottom simplicial
    - normal:  -0.00013       -1 -0.007777
    - offset: -0.03750291
    - vertices: p217(v91) p759(v66) p140(v25)
    - neighboring facets: f316 f439 f438
- f441
    - flags: top simplicial
    - normal:   1.1e-06       -1 -0.007786
    - offset: -0.03750036
    - vertices: p944(v92) p759(v66) p8(v14)
    - neighboring facets: f317 f442 f443
- f442
    - flags: bottom simplicial
    - normal:  1.627e-06       -1 -0.007785
    - offset: -0.0375002
    - vertices: p944(v92) p709(v67) p8(v14)
    - neighboring facets: f319 f441 f444
- f443
    - flags: bottom simplicial
    - normal:  0.0004891       -1 -0.00936
    - offset: -0.03767247
    - vertices: p944(v92) p759(v66) p761(v46)
    - neighboring facets: f313 f444 f441
- f444
    - flags: top simplicial
    - normal:  0.001032       -1 -0.00869
    - offset: -0.03761194
    - vertices: p944(v92) p709(v67) p761(v46)
    - neighboring facets: f324 f443 f442
- f445
    - flags: top simplicial
    - normal:    0.0034       -1 -0.002765
    - offset: -0.03724172
    - vertices: p196(v93) p705(v26) p80(v3)
    - neighboring facets: f208 f446 f447
- f446
    - flags: bottom simplicial
    - normal:   0.03309  -0.9995 0.001767
    - offset: -0.03745319
    - vertices: p196(v93) p709(v67) p80(v3)
    - neighboring facets: f323 f445 f447
- f447
    - flags: top simplicial
    - normal:  2.687e-06       -1 -0.007782
    - offset: -0.03749995
    - vertices: p196(v93) p709(v67) p705(v26)
    - neighboring facets: f319 f445 f446
- f448
    - flags: bottom simplicial
    - normal:   -0.6053  -0.7921  0.07831
    - offset: -0.04099885
    - vertices: p66(v94) p946(v65) p666(v51)
    - neighboring facets: f309 f449 f450
- f449
    - flags: top simplicial
    - normal:   -0.7149  -0.6902   0.1122
    - offset: -0.03870997
    - vertices: p66(v94) p424(v70) p666(v51)
    - neighboring facets: f336 f448 f451
- f450
    - flags: top simplicial
    - normal:   -0.5994  -0.7981  0.06191
    - offset:  -0.042455
    - vertices: p66(v94) p946(v65) p128(v9)
    - neighboring facets: f308 f452 f448
- f451
    - flags: bottom simplicial
    - normal:   -0.8991  -0.4338   0.0576
    - offset: -0.04222477
    - vertices: p66(v94) p424(v70) p948(v15)
    - neighboring facets: f334 f453 f449
- f452
    - flags: bottom simplicial
    - normal:   -0.8287  -0.5594  0.01988
    - offset: -0.04707695
    - vertices: p66(v94) p549(v29) p128(v9)
    - neighboring facets: f342 f450 f453
- f453
    - flags: top simplicial
    - normal:   -0.9013  -0.4325  0.02285
    - offset: -0.04541113
    - vertices: p66(v94) p549(v29) p948(v15)
    - neighboring facets: f333 f451 f452
- f454
    - flags: top simplicial
    - normal:   -0.9628  -0.1371  -0.2327
    - offset: -0.07490996
    - vertices: p984(v95) p809(v50) p779(v18)
    - neighboring facets: f229 f455 f499
- f455
    - flags: bottom simplicial
    - normal:   -0.9675  -0.1326  -0.2152
    - offset: -0.07200653
    - vertices: p984(v95) p881(v71) p779(v18)
    - neighboring facets: f340 f454 f458
- f458
    - flags: top simplicial
    - normal:   -0.5608  -0.8237 -0.08396
    - offset: -0.05984454
    - vertices: p984(v95) p881(v71) p128(v9)
    - neighboring facets: f342 f501 f455
- f466
    - flags: top simplicial
    - normal:   -0.3036   0.9524  0.02799
    - offset: -0.04163631
    - center: -0.0284158 0.0372272 -0.08737503333333334 
    - vertices: p82(v97) p525(v80) p586(v54)
    - neighboring facets: f492 f510 f518
- f473
    - flags: top simplicial
    - normal:    0.9902  -0.1386  -0.0188
    - offset: -0.04342421
    - vertices: p413(v99) p329(v81) p581(v58)
    - neighboring facets: f385 f478 f475
- f474
    - flags: bottom simplicial
    - normal:    0.9987 -0.05119 0.001946
    - offset: -0.03929811
    - vertices: p413(v99) p940(v59) p330(v16)
    - neighboring facets: f396 f476 f475
- f475
    - flags: bottom simplicial
    - normal:    0.9989 -0.04726 -0.001491
    - offset: -0.03948794
    - center: 0.03829336666666666 -0.02294493333333333 -0.1026334 
    - vertices: p413(v99) p329(v81) p940(v59)
    - neighboring facets: f520 f474 f473
- f476
    - flags: top simplicial
    - normal:    0.9136  -0.3968  0.08855
    - offset: -0.03889702
    - vertices: p413(v99) p524(v42) p330(v16)
    - neighboring facets: f199 f474 f480
- f477
    - flags: top simplicial
    - normal:     0.849  -0.5284  0.00722
    - offset: -0.04752645
    - vertices: p413(v99) p508(v27) p170(v10)
    - neighboring facets: f218 f479 f478
- f478
    - flags: top simplicial
    - normal:    0.8938  -0.4481 -0.01615
    - offset: -0.04885744
    - vertices: p413(v99) p581(v58) p508(v27)
    - neighboring facets: f390 f477 f473
- f479
    - flags: bottom simplicial
    - normal:    0.8405  -0.5312    0.107
    - offset: -0.03855612
    - vertices: p413(v99) p995(v64) p170(v10)
    - neighboring facets: f303 f477 f480
- f480
    - flags: top simplicial
    - normal:     0.847  -0.5209    0.106
    - offset: -0.03858181
    - vertices: p413(v99) p995(v64) p524(v42)
    - neighboring facets: f305 f476 f479
- f482
    - flags: bottom simplicial tested
    - normal:         1 -0.005324 -0.001959
    - offset: -0.03879004
    - center: 0.03846796666666667 -0.01139241333333333 -0.133767 
    - vertices: p126(v100) p329(v81) p258(v36)
    - neighboring facets: f388 f534 f521
    - ridges:
- f484
    - flags: top simplicial
    - normal:    0.9656  -0.1004  -0.2399
    - offset: -0.07501805
    - vertices: p96(v101) p581(v58) p929(v21)
    - neighboring facets: f385 f486 f485
- f485
    - flags: top simplicial
    - normal:    0.9283   -0.288  -0.2352
    - offset: -0.07861912
    - vertices: p96(v101) p10(v82) p581(v58)
    - neighboring facets: f390 f484 f487
- f486
    - flags: top simplicial
    - normal:    0.9467  -0.1379  -0.2911
    - offset: -0.0843054
    - vertices: p96(v101) p929(v21) p318(v5)
    - neighboring facets: f242 f487 f484
- f487
    - flags: bottom simplicial
    - normal:    0.9246  -0.2702  -0.2686
    - offset: -0.08369854
    - vertices: p96(v101) p10(v82) p318(v5)
    - neighboring facets: f389 f486 f485
- f492
    - flags: bottom simplicial
    - normal:   -0.1361   0.9901  0.03343
    - offset: -0.03795552
    - vertices: p405(v103) p525(v80) p586(v54)
    - neighboring facets: f466 f493 f496
- f493
    - flags: top simplicial
    - normal:   -0.1863   0.9811  0.05273
    - offset: -0.03786691
    - vertices: p405(v103) p361(v84) p586(v54)
    - neighboring facets: f400 f492 f494
- f494
    - flags: top simplicial
    - normal:    0.1019   0.9938  0.04484
    - offset: -0.03687692
    - vertices: p405(v103) p556(v87) p361(v84)
    - neighboring facets: f417 f493 f497
- f495
    - flags: bottom simplicial
    - normal:  0.0001369        1 0.006619
    - offset: -0.03763671
    - vertices: p405(v103) p528(v63) p75(v17)
    - neighboring facets: f433 f496 f497
- f496
    - flags: top simplicial
    - normal:  -0.0009089        1 0.006727
    - offset: -0.03764198
    - vertices: p405(v103) p525(v80) p75(v17)
    - neighboring facets: f375 f495 f492
- f497
    - flags: bottom simplicial
    - normal:  0.007149   0.9999 0.008203
    - offset: -0.0375992
    - vertices: p405(v103) p556(v87) p528(v63)
    - neighboring facets: f418 f495 f494
- f498
    - flags: bottom simplicial
    - normal:   -0.4468  -0.8782  -0.1708
    - offset: -0.07265217
    - vertices: p595(v104) p809(v50) p419(v19)
    - neighboring facets: f347 f500 f499
- f499
    - flags: bottom simplicial
    - normal:   -0.4579  -0.8743   -0.161
    - offset: -0.07090284
    - vertices: p595(v104) p984(v95) p809(v50)
    - neighboring facets: f454 f498 f501
- f500
    - flags: bottom simplicial
    - normal:   -0.1479  -0.9871 -0.06197
    - offset: -0.04846028
    - vertices: p595(v104) p419(v19) p128(v9)
    - neighboring facets: f437 f501 f498
- f501
    - flags: top simplicial
    - normal:   -0.2305  -0.9701 -0.07555
    - offset: -0.05242895
    - vertices: p595(v104) p984(v95) p128(v9)
    - neighboring facets: f458 f500 f499
- f503
    - flags: top simplicial tested
    - normal:   -0.9997 0.006576  0.02547
    - offset: -0.03686325
    - center: -0.03838586666666666 0.006231003333333333 -0.0608636 
    - vertices: p364(v105) p516(v77) p190(v28)
    - neighboring facets: f363 f526 f504
    - ridges:
- f504
    - flags: top simplicial tested
    - normal:   -0.9998  0.01299  0.01372
    - offset: -0.03766076
    - center: -0.03838586666666667 0.01797277333333333 -0.06937610000000001 
    - vertices: p364(v105) p976(v96) p516(v77)
    - neighboring facets: f512 f503 f527
    - ridges:
- f506
    - flags: bottom simplicial tested
    - normal:     -0.74   0.6678  0.08001
    - offset: -0.04040231
    - center: -0.03507573333333333 0.03258126666666666 -0.0914003 
    - vertices: p157(v106) p976(v96) p586(v54)
    - neighboring facets: f515 f510 f527
    - ridges:
- f507
    - flags: bottom simplicial tested
    - normal:    -0.521    0.853  0.03124
    - offset: -0.04420545
    - center: -0.0355775 0.0349711 -0.1331778333333333 
    - vertices: p157(v106) p82(v97) p884(v56)
    - neighboring facets: f517 f509 f510
- f509
    - flags: top simplicial tested
    - normal:   -0.9995  0.03278 -0.003366
    - offset: -0.03998198
    - center: -0.03841083333333333 0.0330707 -0.150896 
    - vertices: p157(v106) p100(v78) p884(v56)
    - neighboring facets: f371 f507 f522
    - ridges:
- f510
    - flags: top simplicial tested
    - normal:   -0.5551   0.8307  0.04183
    - offset: -0.04345228
    - center: -0.0322424 0.03541203333333333 -0.09236103333333334 
    - vertices: p157(v106) p82(v97) p586(v54)
    - neighboring facets: f466 f506 f507
- f511
    - flags: bottom simplicial
    - normal:   -0.9796   0.1852  0.07794
    - offset: -0.03695329
    - vertices: p791(v107) p516(v77) p235(v22)
    - neighboring facets: f364 f513 f512
- f512
    - flags: bottom simplicial
    - normal:   -0.9994  0.03045  0.01765
    - offset: -0.03779437
    - vertices: p791(v107) p976(v96) p516(v77)
    - neighboring facets: f504 f511 f515
- f513
    - flags: top simplicial
    - normal:   -0.7837   0.6125   0.1032
    - offset: -0.03868338
    - vertices: p791(v107) p892(v75) p235(v22)
    - neighboring facets: f356 f511 f514
- f514
    - flags: bottom simplicial
    - normal:   -0.7626   0.6392  0.09919
    - offset: -0.03882911
    - vertices: p791(v107) p892(v75) p586(v54)
    - neighboring facets: f358 f515 f513
- f515
    - flags: top simplicial
    - normal:   -0.7622     0.64  0.09709
    - offset: -0.03897416
    - vertices: p791(v107) p976(v96) p586(v54)
    - neighboring facets: f506 f514 f512
- f516
    - flags: bottom simplicial
    - normal:   -0.3301   0.9439 0.009661
    - offset: -0.04405959
    - vertices: p870(v108) p525(v80) p884(v56)
    - neighboring facets: f376 f517 f518
- f517
    - flags: top simplicial
    - normal:    -0.412   0.9109  0.02057
    - offset: -0.04403403
    - vertices: p870(v108) p82(v97) p884(v56)
    - neighboring facets: f507 f516 f518
- f518
    - flags: bottom simplicial
    - normal:   -0.3435   0.9389   0.0212
    - offset: -0.04295046
    - vertices: p870(v108) p82(v97) p525(v80)
    - neighboring facets: f466 f516 f517
- f520
    - flags: top simplicial tested
    - normal:         1 -0.009285  -0.0014
    - offset: -0.0387842
    - center: 0.03846796666666666 -0.01811106666666666 -0.1069860666666667 
    - vertices: p678(v109) p329(v81) p940(v59)
    - neighboring facets: f475 f533 f521
    - ridges:
- f521
    - flags: top simplicial tested
    - normal:         1 -0.007187 -0.001572
    - offset: -0.0387694
    - center: 0.03846796666666667 -0.01588383333333333 -0.11979 
    - vertices: p678(v109) p126(v100) p329(v81)
    - neighboring facets: f482 f520 f534
    - ridges:
- f522
    - flags: bottom simplicial tricoplanar keepcentrum
    - owner of normal & centrum is facet f522
    - normal:        -1        0       -0
    - offset:    -0.0385
    - center: -0.0385 0.00488793 -0.1035628571428571 
    - vertices: p157(v106) p100(v78) p549(v29)
    - neighboring facets: f371 f524 f509
- f523
    - flags: bottom simplicial tricoplanar
    - owner of normal & centrum is facet f522
    - normal:        -1        0       -0
    - offset:    -0.0385
    - center: -0.0385 0.00488793 -0.1035628571428571 
    - vertices: p157(v106) p331(v49) p190(v28)
    - neighboring facets: f329 f526 f524
- f524
    - flags: top simplicial tricoplanar
    - owner of normal & centrum is facet f522
    - normal:        -1        0       -0
    - offset:    -0.0385
    - center: -0.0385 0.00488793 -0.1035628571428571 
    - vertices: p157(v106) p331(v49) p549(v29)
    - neighboring facets: f332 f522 f523
- f526
    - flags: top simplicial tricoplanar
    - owner of normal & centrum is facet f522
    - normal:        -1        0       -0
    - offset:    -0.0385
    - center: -0.0385 0.00488793 -0.1035628571428571 
    - vertices: p157(v106) p364(v105) p190(v28)
    - neighboring facets: f503 f523 f527
- f527
    - flags: bottom simplicial tricoplanar
    - owner of normal & centrum is facet f522
    - normal:        -1        0       -0
    - offset:    -0.0385
    - center: -0.0385 0.00488793 -0.1035628571428571 
    - vertices: p157(v106) p364(v105) p976(v96)
    - neighboring facets: f504 f506 f526
- f529
    - flags: top simplicial tricoplanar keepcentrum
    - owner of normal & centrum is facet f529
    - normal:         1        0        0
    - offset:    -0.0385
    - center: 0.0385 -0.0003899850000000012 -0.09639267499999998 
    - vertices: p678(v109) p963(v83) p43(v2)
    - neighboring facets: f394 f530 f533
- f530
    - flags: bottom simplicial tricoplanar
    - owner of normal & centrum is facet f529
    - normal:         1        0        0
    - offset:    -0.0385
    - center: 0.0385 -0.0003899850000000012 -0.09639267499999998 
    - vertices: p678(v109) p408(v34) p43(v2)
    - neighboring facets: f196 f529 f532
- f531
    - flags: top simplicial tricoplanar
    - owner of normal & centrum is facet f529
    - normal:         1        0        0
    - offset:    -0.0385
    - center: 0.0385 -0.0003899850000000012 -0.09639267499999998 
    - vertices: p678(v109) p466(v88) p258(v36)
    - neighboring facets: f428 f534 f532
- f532
    - flags: bottom simplicial tricoplanar
    - owner of normal & centrum is facet f529
    - normal:         1        0        0
    - offset:    -0.0385
    - center: 0.0385 -0.0003899850000000012 -0.09639267499999998 
    - vertices: p678(v109) p466(v88) p408(v34)
    - neighboring facets: f422 f530 f531
- f533
    - flags: bottom simplicial tricoplanar
    - owner of normal & centrum is facet f529
    - normal:         1        0        0
    - offset:    -0.0385
    - center: 0.0385 -0.0003899850000000012 -0.09639267499999998 
    - vertices: p678(v109) p963(v83) p940(v59)
    - neighboring facets: f396 f520 f529
- f534
    - flags: bottom simplicial tricoplanar
    - owner of normal & centrum is facet f529
    - normal:         1        0        0
    - offset:    -0.0385
    - center: 0.0385 -0.0003899850000000012 -0.09639267499999998 
    - vertices: p678(v109) p126(v100) p258(v36)
    - neighboring facets: f482 f531 f521
