3
1000 146 219
-0.0669255 0.0096948 -0.166319 
0.02966 -0.00935048 -0.0834874 
0.0650564 0.0148979 -0.166693 
-0.0285179 0.0247905 -0.0826038 
0.0278273 -0.00214569 -0.0680188 
0.06971570000000001 0.0105371 -0.178173 
0.0311127 -0.0123102 -0.175149 
0.0592897 0.00966171 -0.194188 
0.0243592 0.0183682 -0.165892 
-0.0256165 0.0142878 -0.158002 
-0.0346647 -0.0130728 -0.08600439999999999 
-0.00565073 -0.0270631 -0.0682127 
0.0498524 0.00569415 -0.194303 
0.000339375 -0.007958160000000001 -0.0655979 
-0.0114242 -0.00465028 -0.07503849999999999 
0.00732639 -0.0360842 -0.07931000000000001 
-0.0528476 0.00220456 -0.141763 
0.0164067 0.0344049 -0.09556679999999999 
-0.0357419 -0.0102851 -0.07936840000000001 
-0.00130186 0.0118218 -0.0831525 
0.00167195 -0.0132734 -0.07080019999999999 
-0.0284632 0.0240066 -0.07186960000000001 
-0.0379265 0.0146933 -0.18201 
-0.0362239 -0.0156567 0.00276999 
0.0365603 -0.00803481 -0.0873675 
-0.00105082 0.0162704 -0.119511 
-0.0219616 0.0171541 -0.116647 
-0.0686428 0.00249033 -0.134707 
0.0051775 0.005139 -0.0488614 
-0.0572496 -0.00320229 -0.141047 
-0.0247287 -0.0169345 -0.0836747 
-0.0297925 0.0232409 -0.08992459999999999 
0.0153317 -0.015211 -0.145453 
-0.049122 -0.00753661 -0.181622 
-0.0264079 0.0187976 -0.153871 
0.0171644 -0.0230989 -0.0847054 
-0.041 0.00909572 0.009223510000000001 
-0.0315688 -0.00998695 -0.130197 
-0.0395367 -0.00298832 -0.142141 
0.0231084 -0.020824 -0.0735644 
-0.0572829 0.00549463 -0.144981 
0.0299627 -0.00772456 -0.0755421 
0.0113402 -0.0190102 -0.055426 
0.009498349999999999 -0.00385734 -0.0825847 
-0.0352504 -0.0116186 0.00970363 
-0.0413735 0.00735609 -0.134073 
0.0527458 0.0106387 -0.191226 
0.0401 0.0147227 0.00274006 
0.0318744 0.00339271 -0.0444165 
-0.0046387 -0.0343639 -0.0861386 
0.0142912 -0.00981694 -0.152039 
-0.0681307 -0.008447049999999999 -0.186709 
0.0313153 -0.00317139 -0.145017 
0.0123349 -0.012355 -0.153206 
0.0232944 0.0200346 -0.112338 
-0.0224335 -0.0106937 -0.0830858 
0.00444322 -0.0216232 -0.0453002 
0.0309221 0.00706832 -0.045629 
0.0737477 -0.0076812 -0.182319 
-0.07336529999999999 -0.00845335 -0.1859 
-0.0247819 0.0123968 -0.10383 
0.0344009 -0.00796964 -0.0848764 
0.006841 0.0302749 -0.0747666 
0.0619572 -0.00258197 -0.147917 
-0.0335478 0.0173641 -0.106444 
0.008462839999999999 -0.000626095 -0.0534195 
-0.0371694 0.00347441 -0.0826003 
-0.0322415 0.0053464 -0.08486100000000001 
-0.07493569999999999 -0.008161069999999999 -0.170642 
0.0401 0.00128804 0.0110052 
0.0271652 -0.0154794 -0.07477350000000001 
-0.0734045 -0.00995322 -0.157826 
0.00666718 -0.0178306 -0.119442 
0.0576081 0.00106279 -0.146061 
-0.0101213 0.0183007 -0.145433 
0.0281693 0.0147702 -0.070411 
0.07091749999999999 0.0140055 -0.139455 
0.0126706 -0.018113 -0.0590268 
0.00718477 0.00512906 -0.0666339 
0.0386574 -0.0147241 0.008253709999999999 
-0.0128624 -0.010019 -0.126085 
0.0749765 -0.0119646 -0.17809 
0.0361216 -0.00469977 -0.0255941 
-0.07601189999999999 -0.008091040000000001 -0.17966 
-0.0213154 -0.0169436 -0.119435 
-0.0364178 0.006423 0.0146173 
-0.0478845 -0.00579212 -0.137428 
-0.00274788 0.0151825 -0.0831263 
-0.0701106 -0.0131583 -0.15959 
-0.0142317 -0.0100951 -0.125337 
-0.0157313 -0.0325477 -0.115292 
-0.0245144 0.00546961 -0.06795950000000001 
0.0689717 0.00968049 -0.163135 
0.0230519 -0.00128387 -0.0451544 
-0.0349 -0.0156495 0.00477102 
0.0278499 -0.017885 -0.0853937 
0.0193424 0.00754931 -0.0489427 
-0.0202175 -0.009802129999999999 -0.153942 
-0.00978736 -0.0197418 -0.0523237 
-0.0298908 0.0136032 -0.0375715 
0.0121127 -0.017636 -0.0751395 
0.0310325 -0.00519725 -0.068719 
0.0180695 0.012185 -0.1522 
0.0587187 0.00165159 -0.202925 
0.0350661 -0.00616759 -0.08615059999999999 
0.0321 0.000818176 -0.009896490000000001 
-0.0266594 0.0145709 -0.07785309999999999 
-0.0128521 -0.0131282 -0.0751045 
-0.0235046 0.0174924 -0.0748661 
0.040071 -0.0121307 -0.182404 
0.0467655 -0.00256184 -0.18281 
-0.0344993 -0.00506909 -0.137981 
0.0126764 0.0183097 -0.141612 
-0.035404 0.0126642 -0.08204210000000001 
-0.0385739 0.0107233 -0.00633569 
-0.0116898 -0.0187671 -0.0468929 
-0.0752631 -0.0031632 -0.184183 
-0.0201412 0.0137848 -0.0648947 
0.04049 -0.0058139 -0.132307 
0.0553963 0.00445444 -0.198313 
-0.0334434 -0.0158013 -0.0978681 
0.00798127 -0.0180907 -0.0441421 
0.0684287 0.0104746 -0.176568 
-0.0663267 0.0138573 -0.135794 
-0.0123428 0.0153094 -0.0678829 
0.0499162 -0.0118057 -0.18561 
0.0185647 -0.0295812 -0.0840659 
0.0367826 -0.00632933 -0.108795 
-0.0337644 0.0166252 -0.0759811 
0.0329137 0.0105791 -0.0427057 
-0.0395046 -0.0144184 -0.0131879 
-0.0164519 0.0135159 -0.15617 
0.0124652 -0.0181891 -0.06647840000000001 
0.0634845 -0.0079042 -0.166516 
0.0178201 -0.0243128 -0.0850918 
-0.009056989999999999 0.008979590000000001 -0.0679322 
0.0296314 0.0159125 -0.09349010000000001 
-0.0291019 0.0120298 -0.132257 
-0.0370072 -0.00246173 -0.0122447 
0.0304259 0.0120727 -0.13777 
0.0326741 0.00865286 -0.17657 
-0.00345147 -0.0168144 -0.07279330000000001 
0.0131765 -0.00139915 -0.0490124 
-0.0269487 -0.0200821 -0.117266 
-0.071517 0.009380080000000001 -0.177396 
-0.0618196 0.00544588 -0.148524 
0.0153533 0.00319585 -0.171787 
-0.0432781 -0.00990661 -0.171124 
-0.0184211 -0.0122994 -0.0529648 
-0.0399151 0.0141184 0.00741349 
-0.0285567 0.0127895 -0.082903 
-0.0130466 -0.0178002 -0.0508569 
0.0451281 0.0128084 -0.22587 
-0.0293267 0.0238317 -0.0932719 
-0.0732719 -0.0114502 -0.157185 
0.0559198 0.00823787 -0.194283 
0.0489875 -0.00272486 -0.217963 
0.00803683 -0.009750150000000001 -0.0750782 
-0.0515484 -0.00699477 -0.133638 
-0.0349 0.00215097 0.0172543 
-0.0589009 -0.00292014 -0.19437 
-0.0366508 0.007912270000000001 -0.112761 
0.0620113 0.00152787 -0.192638 
0.0489875 0.00235507 -0.219138 
0.00395409 -0.0365501 -0.09636459999999999 
-0.0175799 0.02569 -0.0830446 
0.0358378 -0.008262790000000001 -0.147604 
0.02712 0.0103424 -0.0848221 
-0.0364069 0.00687161 -0.178344 
0.0187114 -0.00819867 -0.160729 
-0.00412579 0.0378524 -0.0846358 
-0.028058 -0.0171108 -0.0803133 
-0.0124132 -0.00779696 -0.0680627 
0.00386923 -0.0105011 -0.0680838 
0.0185763 -0.0277357 -0.0833429 
0.0135173 -0.0063426 -0.06391479999999999 
0.0138138 0.0145411 -0.0488883 
-0.0618548 -0.0102573 -0.162315 
-0.00455569 0.0294354 -0.119075 
0.0579747 0.0068239 -0.178491 
0.0271749 -0.0108845 -0.156213 
0.00461149 0.0223944 -0.0520584 
-0.038859 -0.00835145 0.00925599 
0.0122648 0.0223463 -0.0748283 
0.0235922 0.0133295 -0.0488926 
-0.003311 -0.0100856 -0.125414 
0.0277959 0.00297835 -0.171054 
-0.0125316 0.0280223 -0.0747842 
0.0371421 -0.00390993 -0.0983072 
-0.0146798 -0.00470618 -0.0830391 
-0.024284 0.00312206 -0.0787781 
-0.00392536 -0.0366836 -0.072781 
0.0202042 -0.0157005 -0.161316 
-0.0226271 -0.0107817 -0.156569 
-0.032769 -0.0046603 -0.0337239 
-0.0117687 0.0142813 -0.0828914 
0.042057 0.013603 -0.169294 
0.0627825 -0.0076511 -0.179761 
-0.0487875 -0.0038807 -0.220889 
0.0654378 0.0105339 -0.171343 
0.0219844 -0.00464462 -0.0568348 
0.00255144 0.0218686 -0.0748321 
0.0352411 0.0120855 -0.139413 
-0.0206548 0.0128342 -0.0831446 
0.0383701 0.0115868 -0.136462 
-0.0179209 0.018857 -0.154997 
-0.0152695 0.0325658 -0.08418 
-0.0520534 0.00418623 -0.130771 
-0.0682654 0.00543772 -0.141113 
-0.015104 0.0309635 -0.0845166 
0.000895092 0.016417 -0.119473 
0.0699169 0.0135501 -0.182596 
-0.0583906 0.0113044 -0.149735 
-0.030677 0.00502835 -0.0457037 
0.0537027 -7.4635e-06 -0.136923 
0.0286412 0.0250536 -0.105845 
-0.015087 0.00321105 -0.0744036 
0.0316608 0.014526 -0.164727 
0.0438921 -0.00230419 -0.171549 
0.0316683 -0.008387810000000001 -0.0845433 
-0.00094023 0.0244936 -0.08281189999999999 
-0.0487656 0.009949400000000001 -0.207933 
-0.0551968 0.0120137 -0.131272 
-0.0460101 -0.00740016 -0.19273 
0.00829161 0.009047650000000001 -0.06793159999999999 
-0.056665 -0.00527689 -0.144319 
0.0309848 0.00624816 -0.07227840000000001 
0.0384459 0.0125992 -0.0331077 
0.01555 -0.0010777 -0.169193 
-0.0322128 -0.0179089 -0.104265 
0.0006095439999999999 0.00725312 -0.045515 
0.00100104 -0.0368625 -0.07696939999999999 
-0.0183167 -0.029965 -0.11716 
-0.0286417 0.0197814 -0.0718482 
0.0648127 -0.00506623 -0.152111 
-0.0424 0.009736160000000001 -0.2276 
-0.0702465 -0.00100657 -0.17593 
-0.000628441 -0.0368027 -0.08859300000000001 
-0.0203104 -0.0187088 -0.0781129 
0.0294884 0.0118533 -0.0386285 
-0.00646043 0.0253247 -0.0748052 
-0.0185568 -0.0107846 -0.156192 
-0.009640080000000001 -0.0293712 -0.07521659999999999 
0.0742029 0.000600752 -0.179635 
-0.0312233 -0.00148396 -0.0728699 
0.0116463 0.0164778 -0.0828743 
-0.0359273 0.0106718 -0.0841982 
0.0157677 0.0155524 -0.13909 
0.0758973 0.00865573 -0.176894 
0.00788873 -0.00271176 -0.0650374 
-0.0152359 -0.0229616 -0.0834232 
0.0620487 0.008022369999999999 -0.162122 
-0.0702031 -0.00286636 -0.16892 
-0.06436219999999999 -0.00381912 -0.142811 
0.0307807 -0.00934541 -0.0720749 
0.008280849999999999 -0.0161736 -0.06812790000000001 
0.00810114 0.0133251 -0.06789829999999999 
0.0476973 0.015131 -0.190228 
-0.00373661 0.0152495 -0.07893940000000001 
-0.0660659 0.000427745 -0.138529 
0.0714761 0.0105814 -0.183866 
-0.0298379 -0.00432907 -0.141883 
-0.014894 -0.0205594 -0.0751623 
0.0231987 0.0301341 -0.0955942 
-0.0272223 0.00131677 -0.0829923 
-0.0515518 0.00979212 -0.191671 
-0.0006488209999999999 -0.00502325 -0.0680412 
-0.0118101 0.00998039 -0.171101 
-0.06337760000000001 0.0141314 -0.177563 
-0.06487950000000001 0.00336406 -0.143196 
-0.0112749 -0.0128803 -0.138687 
-0.0209486 -0.009110689999999999 -0.0833154 
0.0154763 0.0350155 -0.111796 
0.0588388 0.00284637 -0.133491 
-0.0241007 -0.0280247 -0.0749634 
0.0101637 0.010638 -0.0749195 
0.023963 -0.0146206 -0.06811589999999999 
0.00961126 -0.0253861 -0.08344210000000001 
0.00659932 -0.0114164 -0.121812 
0.0632016 -0.00102267 -0.147633 
-0.00295935 -0.0364407 -0.107533 
0.00570096 0.0120809 -0.138823 
0.0609735 0.0146192 -0.130887 
0.0584359 -0.0054173 -0.19439 
-0.0349242 -0.0182655 0.00471622 
0.0145232 0.0165905 -0.0748731 
0.0247426 -0.00476554 -0.0832816 
-0.0229 -0.016427 -0.0841899 
-0.0395246 0.0117861 -0.0108018 
0.0475942 -0.0120426 -0.178086 
-0.0115532 0.031053 -0.0717605 
-0.0548694 0.00389503 -0.194317 
-0.0640676 -0.008584029999999999 -0.17552 
0.00523119 0.007817599999999999 -0.06794119999999999 
0.0189941 0.00331143 -0.0489757 
0.0318029 0.00973453 -0.154373 
-0.0378668 0.00469291 -0.138783 
0.029278 0.00292058 -0.0390624 
0.0237998 0.0296067 -0.0917733 
-0.000501306 -0.022054 -0.0509823 
0.0344838 0.00697209 -0.174711 
-0.0314278 -0.00283194 -0.0721902 
0.071604 0.0105552 -0.180503 
0.0763004 0.00857336 -0.180509 
-0.0142057 -0.0107641 -0.145978 
-0.0212402 0.0158064 -0.07487920000000001 
-0.00636991 0.00325524 -0.172601 
0.000385212 0.00693419 -0.0831905 
0.061855 0.0117362 -0.16047 
0.02382 -0.0100009 -0.128404 
-0.0141423 -0.0197841 -0.0751563 
0.0451692 0.0120422 -0.191386 
0.0385763 -0.0102738 -0.165399 
0.0426 -0.00799037 -0.206819 
0.0207628 0.0319136 -0.0860978 
-0.0483588 -0.000417522 -0.231582 
-0.0114301 0.011377 -0.168917 
0.0136138 -0.0241297 -0.0751901 
0.0348688 0.009416610000000001 -0.0286473 
-0.07066070000000001 -0.00297607 -0.13478 
-0.0149452 0.0170314 -0.0518204 
-0.0294685 0.00453437 -0.06796679999999999 
0.0184758 0.0125928 -0.0489035 
0.051113 0.00573127 -0.132476 
-0.0204042 -0.0230588 -0.06818150000000001 
-0.062018 0.0139102 -0.142583 
-0.00827258 0.0262669 -0.119099 
-0.0369099 0.00469735 -0.182025 
0.0295972 0.00732706 -0.169479 
-0.0349 -0.0155491 -0.00684635 
0.0131661 0.035685 -0.0825756 
-0.0310996 -0.0163124 -0.0855561 
-0.0523145 0.00232116 -0.199664 
-0.0322687 0.0119442 -0.127513 
-0.0760082 -0.00866225 -0.179633 
0.0745237 -0.00867507 -0.165518 
0.0503799 -0.00643883 -0.20703 
0.0256476 0.0152561 -0.150091 
0.00840218 -0.0358689 -0.0829112 
-0.0348939 0.0106514 -0.164686 
-0.0376 -0.00294878 -0.007844169999999999 
0.0134049 -0.0343295 -0.09392689999999999 
-0.0285455 -0.00399701 -0.0400366 
0.0605484 0.00118114 -0.194338 
0.072689 0.010566 -0.181883 
-0.0578898 -0.00548791 -0.129693 
0.0667254 0.00571633 -0.130557 
0.0716717 0.009001550000000001 -0.177058 
0.0210725 0.0295148 -0.0717725 
-0.0424 0.00322152 -0.220236 
0.0320584 0.00786593 -0.071941 
0.0337322 -0.00319456 -0.14204 
-0.0295531 -0.0220877 -0.08953319999999999 
-0.00594409 0.0295222 -0.113458 
0.0407108 -0.0115476 -0.167903 
0.0549524 -0.00661938 -0.183834 
0.0321254 -0.000515591 -0.176241 
-0.0400595 0.00681759 -0.169769 
-0.0424 0.008494969999999999 -0.19641 
-0.00504579 0.0177003 -0.0488637 
0.0174223 0.0237317 -0.0801762 
-0.0244769 -0.0194313 -0.112013 
0.0281658 -0.00231945 -0.079565 
-0.0219948 -0.0142778 -0.111096 
0.020765 0.0208588 -0.0748399 
0.0128767 -0.0133336 -0.143049 
0.0105127 0.0120439 -0.134078 
0.0705136 0.00630534 -0.17592 
0.06801160000000001 -0.0123755 -0.157374 
0.0456398 -0.00105569 -0.232357 
-0.0341643 -0.00152787 0.0118641 
-0.0061074 0.0149928 -0.0488848 
0.07442410000000001 0.00599499 -0.16457 
-0.0143258 -0.0089499 -0.0460474 
0.00751073 0.0046128 -0.0619539 
0.0148 -0.0207779 -0.0681638 
-0.0349 0.00414929 -0.0180748 
-0.0301373 0.00936042 -0.07017959999999999 
-0.06772259999999999 0.0142196 -0.185311 
0.0119622 -0.01107 -0.0750884 
-0.0374045 -0.00363161 -0.172123 
-0.0538864 0.0116489 -0.183353 
0.0170371 0.023573 -0.11912 
-0.0288917 -0.0231806 -0.07323259999999999 
0.0285149 0.0250289 -0.0951434 
0.0354921 0.00576228 -0.136461 
0.0618899 0.0143763 -0.154006 
-0.023161 0.0003286 -0.0749997 
-0.00370718 0.035562 -0.11772 
0.0358398 0.0157059 0.00615002 
-0.0637525 -0.0051256 -0.140725 
-0.06893349999999999 -0.0103827 -0.129881 
0.0118289 0.0106609 -0.0831615 
-0.0323118 -0.0178169 -0.107284 
0.0074093 0.00471264 -0.0507292 
-0.0488396 -0.00323657 -0.136643 
0.00621325 0.00358028 -0.04776 
0.0379213 0.00524801 -0.0318447 
-0.0599042 0.0116792 -0.133201 
0.04115 0.012374 -0.16823 
0.0533929 -0.00663259 -0.182136 
0.0148678 -0.0109132 -0.139679 
0.0489875 -0.00710953 -0.211527 
0.0108621 0.0140788 -0.0438918 
-0.00148882 -0.0101923 -0.0680814 
0.0564918 0.00455466 -0.198312 
0.0325447 -0.00446558 -0.0130202 
-0.0707097 -0.0061561 -0.176224 
0.0229878 -0.0185116 -0.0801834 
-0.0405569 0.01388 -0.186007 
0.0378015 0.0112974 -0.00160883 
-0.0495162 0.0106764 -0.183229 
0.0371042 -0.00441465 -0.113157 
0.0116424 0.0361601 -0.074056 
-0.00559675 0.0102537 -0.0439215 
-0.0174378 -0.0254434 -0.07467310000000001 
-0.0317252 -0.0146899 -0.0399032 
-0.0233674 -0.018686 -0.10714 
0.00168103 0.0098327 -0.08316800000000001 
0.0186628 -0.0200421 -0.0769606 
-0.0382015 0.0105147 -0.174272 
0.00218117 0.0163483 -0.119491 
0.0647788 -0.0124008 -0.154123 
0.0187174 -0.010398 -0.0750832 
-0.0369162 0.00626504 -0.0796635 
0.0135291 -0.0231953 -0.0834251 
 -0.04 0.0153187 3.83916e-05 
-0.0350741 0.0187423 -0.163132 
-0.0327712 -0.0145486 -0.117242 
0.0241766 0.0129366 -0.112045 
-0.0285905 -0.0108269 -0.0680863 
-0.0738248 -0.00214322 -0.161287 
-0.0190825 -0.0108111 -0.152792 
0.0343858 -0.00989693 -0.131535 
-0.0143552 0.0256204 -0.07480290000000001 
0.07171370000000001 0.00699431 -0.154509 
0.0649347 0.0124469 -0.134463 
0.0237623 0.00487275 -0.134907 
0.0556375 0.009726 -0.202448 
-0.0221232 -0.010959 -0.0833298 
0.0446861 0.00783589 -0.194287 
-0.0672894 -0.00341951 -0.128559 
0.0141064 -0.0178785 -0.06514109999999999 
-0.0271791 -0.0009802649999999999 -0.162874 
0.009813519999999999 -0.00783258 -0.0490624 
-0.0202061 0.00766359 -0.08318490000000001 
0.000408791 0.0120634 -0.125174 
-0.00255628 -0.00752082 -0.0643384 
-0.0387512 -0.000172539 -0.0142364 
0.0234575 0.0133917 -0.0847403 
0.0349733 0.0140903 -0.08893710000000001 
-0.0710431 0.009285150000000001 -0.13789 
0.0251373 0.0243099 -0.071813 
-0.0358529 0.0112712 -0.100217 
0.046755 -0.00927089 -0.215769 
-0.033 -0.00928816 0.00343132 
0.06615649999999999 -0.000489045 -0.18834 
0.0252854 -0.0133694 -0.08852740000000001 
-0.0295149 0.00469948 -0.0467336 
-0.0166963 -0.0145267 -0.0515198 
-0.0157557 -0.0300166 -0.0832362 
-0.06376270000000001 0.0140045 -0.154695 
-0.0323206 0.00721354 -0.071946 
-0.0376745 0.0152727 0.00472783 
0.0114525 0.0122339 -0.158484 
-0.0254385 0.0282453 -0.1051 
0.0176667 -0.0225149 -0.0824005 
0.0626612 0.0104016 -0.12797 
-0.0264878 -0.000887601 -0.0832514 
-0.0555124 0.0137162 -0.18889 
0.0652836 0.00452921 -0.129009 
-0.0149056 -0.0334444 -0.112212 
0.000740904 0.0122403 -0.159311 
0.000974174 0.0339934 -0.08458 
0.0617575 -0.0017348 -0.198027 
-0.028455 -0.00989894 -0.141504 
-0.0130016 0.00201516 -0.0679864 
-0.0436489 0.00287588 -0.141604 
0.0426 0.00128807 -0.211843 
-0.0360221 -0.0163883 -0.00938989 
-0.0557075 -0.008549360000000001 -0.187465 
-0.0298003 0.0115796 -0.046461 
0.0021354 -0.015739 -0.0645713 
0.0418566 0.0150693 -0.182301 
0.0590718 0.00571 -0.129743 
0.0579049 0.00196252 -0.178554 
-0.0177806 0.0128602 -0.0824559 
0.0328762 0.00954145 -0.0427787 
0.0126466 0.00693063 -0.06286029999999999 
0.00661271 0.0218884 -0.0521641 
-0.0584546 0.00470178 -0.204227 
-0.008102079999999999 0.0374355 -0.109629 
-0.0365888 -0.009855569999999999 -0.135973 
0.013662 -0.0126673 -0.143336 
-0.06656629999999999 -0.0123556 -0.128629 
0.0332112 -0.00711907 -0.0423281 
0.0313024 0.021543 -0.101938 
-0.0483168 0.0110449 -0.200147 
-0.0151427 -0.0218379 -0.068172 
0.06372650000000001 0.000414252 -0.143531 
0.0426 0.0031642 -0.214948 
0.07020460000000001 -0.00273101 -0.167255 
0.0594807 -0.0103763 -0.133219 
0.0306571 0.0125647 -0.0365986 
-0.00374284 0.0119073 -0.06790939999999999 
0.0302734 0.022795 -0.0769736 
-0.0126995 0.0134574 -0.0449795 
-0.0521106 -0.008282650000000001 -0.141437 
0.00302647 0.0379785 -0.0768099 
0.0153899 -0.0107542 -0.122848 
0.0110988 0.0166852 -0.151535 
-0.0399 0.014118 0.0112721 
0.0128509 -0.00842647 -0.06734709999999999 
-0.0440379 -0.00323339 -0.137052 
0.0299304 -0.00827954 -0.124029 
-0.07357569999999999 0.00143761 -0.182304 
-0.0177961 0.0155333 -0.0443974 
0.0426 0.00929987 -0.20946 
-0.0148503 0.0282794 -0.0725552 
0.055317 -0.00327738 -0.1314 
0.031681 -0.0191972 -0.09808989999999999 
0.0721021 -0.0122908 -0.159112 
-0.0259168 0.0191363 -0.0834048 
0.0490517 0.00718683 -0.135604 
0.0199271 0.0182565 -0.119163 
-0.0011152 0.0302983 -0.0747664 
0.0692067 0.0149784 -0.177042 
-0.0368617 0.009566140000000001 0.008032630000000001 
0.0164577 0.0273454 -0.0693405 
0.042657 0.00576257 -0.136498 
-0.06704640000000001 0.00483938 -0.157846 
0.00563582 0.0293915 -0.111137 
0.0281969 -0.012835 -0.09113739999999999 
-0.0732536 -0.0130169 -0.171348 
-0.027708 -0.0159589 -0.07212639999999999 
-0.0219653 -0.0246347 -0.0844211 
-0.0272795 -0.0126021 -0.0416124 
-0.0509737 0.0126761 -0.144637 
-0.008175099999999999 0.002108 -0.0513487 
0.0401 0.00537682 -0.025613 
-0.0438373 -0.00771118 -0.172042 
0.00804757 -0.0261962 -0.08344840000000001 
0.0156829 -0.0221321 -0.0808851 
0.0489669 -0.00748376 -0.204191 
-0.0621755 -0.00953467 -0.17468 
-0.055908 -0.0109072 -0.138946 
0.0341131 0.0161752 -0.076104 
-0.0387594 0.0146224 -0.00632879 
-0.0137699 0.0245355 -0.119113 
0.009336219999999999 0.00961593 -0.07492740000000001 
-0.0382197 0.00747588 0.0129673 
0.0189209 0.0120713 -0.137598 
-0.0643068 -0.0113052 -0.136087 
-0.0191324 0.0177019 -0.143057 
-0.00446884 -0.0173628 -0.08313769999999999 
-0.06973119999999999 -0.00769527 -0.165003 
0.0156605 -0.0119716 -0.08138239999999999 
0.0292336 -0.0226975 -0.0881837 
-0.0144369 -0.0157547 -0.0681247 
0.0045913 -0.0266084 -0.118168 
-0.0380511 0.014834 0.00238849 
0.0639772 -0.007865240000000001 -0.171522 
0.0182472 0.0169978 -0.0831122 
-0.0405428 0.00590535 -0.00679222 
-0.0131216 0.0123374 -0.06790599999999999 
0.00460775 0.0119788 -0.128275 
0.052696 0.0136641 -0.136572 
-0.0372247 -0.00794656 0.0124198 
0.047942 0.0150574 -0.180768 
-0.0602385 -0.0129907 -0.131895 
0.0005123010000000001 -0.0175707 -0.0538732 
0.0282034 0.00297895 -0.0832213 
0.0272917 0.02645 -0.0957542 
-0.041 -0.008483640000000001 -0.008216859999999999 
-0.013045 0.0178083 -0.145184 
-0.0391037 0.00542526 -0.0314928 
-0.0647481 -0.00849572 -0.180456 
0.000772621 0.017598 -0.0678651 
-0.00514562 0.0354686 -0.0830641 
0.0350592 -0.00326923 -0.132447 
0.0401 0.00778567 -0.0169726 
0.003889 -0.0157422 -0.049124 
0.031934 -0.0188269 -0.0893862 
0.0244527 0.0247868 -0.118351 
-0.0348723 0.0115756 -0.00308431 
-0.01073 0.0117015 -0.0829114 
-0.0336097 0.011663 -0.0850006 
0.008857429999999999 0.000219777 -0.0489998 
-0.0356442 0.0120415 -0.107156 
-0.0560823 -0.00528908 -0.142752 
-0.0654819 -0.00795102 -0.163686 
-0.0515805 -0.00527477 -0.144591 
0.00135711 -0.0116282 -0.083093 
0.0297011 -0.00261865 -0.150695 
0.06953040000000001 -0.0121595 -0.185118 
0.0349376 -0.00476513 -0.07908030000000001 
-0.0399 -0.00197486 -0.0190851 
-0.0621278 -0.0121082 -0.176955 
-0.010225 0.0009569170000000001 -0.0679946 
-0.0449575 -0.00324347 -0.135756 
-0.07389809999999999 0.000804459 -0.161878 
0.07261720000000001 0.0121092 -0.149381 
0.0441597 0.0125816 -0.19673 
-0.06608360000000001 0.00227101 -0.138495 
-0.0110107 0.00147834 -0.0439898 
0.0535956 0.0122399 -0.192456 
-0.024885 0.00986705 -0.07492550000000001 
0.0338187 0.0168238 -0.0844366 
0.06419320000000001 -0.0123388 -0.162089 
0.0617575 0.000447902 -0.194583 
0.0733833 0.0078761 -0.155834 
0.0300001 -0.00757075 -0.15671 
0.0182363 0.0256759 -0.06780220000000001 
0.0477216 0.0105923 -0.185272 
-0.0349 0.0172473 0.000537822 
-0.0151761 -0.00357035 -0.0490293 
-0.00784524 -0.0128634 -0.0681022 
0.0135253 0.0185174 -0.0646803 
0.0259778 0.0136213 -0.15049 
0.0531251 0.00666074 -0.136258 
0.0314031 -0.00695079 -0.141254 
-0.06471449999999999 -0.0130522 -0.171025 
-0.0670052 -0.0132583 -0.146737 
-0.0487875 0.00657086 -0.224665 
-0.0396586 0.0134204 -0.00855621 
-0.00528897 -0.0236879 -0.0834289 
0.041191 0.00577899 -0.138582 
0.032821 -0.00714448 0.00195038 
-0.00419026 -0.02051 -0.0751619 
-0.0374489 0.008111719999999999 -0.0116461 
0.0375757 -0.00177289 -0.122215 
0.0247886 0.00498713 -0.07896359999999999 
0.0199539 -0.00976701 -0.158453 
0.0272789 -0.00876277 -0.122525 
0.0335185 -0.00988583 -0.143188 
0.07155110000000001 -0.00210167 -0.186048 
0.000547276 0.0165837 -0.0452769 
-0.0646636 -0.0132398 -0.149117 
0.0250413 0.0116036 -0.07750219999999999 
-0.00411461 -0.0187153 -0.119449 
0.0434364 0.0105239 -0.170916 
-0.0466648 -0.00778693 -0.183387 
-0.0219862 0.0165374 -0.111139 
0.00679844 -0.0191148 -0.119452 
-0.0218186 0.00511364 -0.07882160000000001 
-0.009770040000000001 -0.019655 -0.06445090000000001 
0.013899 -0.0143267 -0.14727 
0.0268833 0.0120889 -0.154704 
-0.0136483 0.0348038 -0.115833 
-0.035256 0.0131762 -0.107909 
-0.0676431 -0.0130951 -0.167706 
0.0105458 0.000250434 -0.0848426 
-0.0516411 0.0057274 -0.131979 
0.034202 -0.0147575 -0.07862479999999999 
0.000746618 0.0267476 -0.0747941 
-0.0195986 -0.0184934 -0.0743912 
0.007908750000000001 0.0337269 -0.118431 
0.0713406 0.00601502 -0.15139 
-0.0487875 0.00492853 -0.223416 
0.0623607 0.014365 -0.181231 
0.0517159 0.0105871 -0.184596 
-0.00319584 -0.0184981 -0.0491455 
-0.0379428 -0.00191414 0.0133853 
-0.0711582 0.0018606 -0.138911 
0.0487345 -0.000661602 -0.181912 
0.0317889 -0.00317678 -0.144325 
-0.018683 0.0329993 -0.0736694 
0.0401 0.0004940670000000001 -0.0204468 
0.0329325 0.0187416 -0.0998042 
-0.0189527 0.00943484 -0.08292910000000001 
-0.0273809 -0.00176322 -0.162483 
-0.0472119 -0.00305161 -0.194371 
-0.00249246 -0.0079407 -0.0680639 
0.0104271 -0.010148 -0.0490805 
0.0069874 -0.0140814 -0.145992 
-0.000906102 0.0239064 -0.119118 
-0.0533922 0.0097936 -0.191861 
-0.0292778 -0.0224012 -0.110515 
-0.0118816 -0.00999733 -0.0830803 
-0.007911609999999999 0.0277974 -0.0830282 
-0.0135018 0.0132976 -0.140963 
0.0319552 -0.0187421 -0.109629 
0.00577943 0.0377727 -0.101082 
0.0486415 0.00449296 -0.143223 
0.0637851 0.0105306 -0.177619 
-0.0427578 -0.00324217 -0.135923 
-0.0453894 -0.0104214 -0.191882 
-0.0424 -0.00568957 -0.197599 
-0.0641591 0.00662353 -0.15075 
-0.0470575 -0.00326676 -0.132764 
-0.0383439 -0.00416256 0.0117729 
-0.0349 0.0120713 -0.00912283 
-0.0424 0.00629141 -0.221575 
0.0401 0.0139694 -0.00112284 
-0.00140188 0.0373651 -0.07171139999999999 
-0.00825044 0.0294536 -0.07477300000000001 
-0.0686423 -0.00521604 -0.139288 
0.0239824 0.0119952 -0.127819 
0.0428431 0.008377880000000001 -0.232284 
-0.0276522 -0.00141188 -0.130917 
0.0103946 -0.0106409 -0.0680849 
0.0304137 0.0120764 -0.138247 
0.00158022 -0.0367186 -0.09674149999999999 
0.0720145 0.00129498 -0.157073 
-0.0120547 -0.0348494 -0.0761893 
0.0273973 0.0261667 -0.076084 
0.0347888 0.00583149 -0.07650849999999999 
-0.07331840000000001 0.00778497 -0.173844 
-0.033 -0.008259789999999999 0.00328058 
0.0464701 -0.0116581 -0.191707 
-0.0626945 -0.008208750000000001 -0.183678 
-0.033003 -0.00389077 -0.0720325 
0.07296 -0.000309085 -0.184419 
0.0227751 -0.00989817 -0.141602 
-0.0392008 -0.00878278 -0.184808 
-0.0163033 -0.0014194 -0.172411 
0.00857865 0.00056938 -0.0523189 
0.0400133 -0.0141997 -0.00509185 
0.0735625 -0.0110376 -0.15861 
0.0309393 0.013429 -0.157846 
-0.0201202 -0.0162028 -0.147462 
0.06524149999999999 0.00216141 -0.135802 
0.0538078 -0.00798251 -0.132369 
0.0369382 0.00180236 -0.16339 
-0.0360203 0.0150081 -0.00542672 
-0.0424 0.00510439 -0.220109 
-0.0219813 -0.0158255 -0.110183 
-0.0264458 -0.0136829 -0.06810860000000001 
-0.0424 0.00236773 -0.212336 
-0.0263963 0.0270308 -0.07227749999999999 
-0.0547565 -0.00844728 -0.18668 
0.0218931 0.0248601 -0.083051 
0.0201089 -0.0211269 -0.0751667 
0.0322749 0.0195817 -0.114735 
-0.00441958 -0.0215515 -0.0460506 
0.07410849999999999 -0.00631796 -0.178898 
0.0231492 -0.0103798 -0.0438479 
-0.00349356 0.0282096 -0.07478269999999999 
0.0518706 5.41651e-05 -0.194347 
-0.0546124 -0.00747988 -0.188911 
-0.039848 -0.0109317 0.0060647 
-0.0175197 0.00243126 -0.171933 
-0.0324214 -0.0179849 -0.0827748 
0.0167543 0.0156309 -0.0668984 
-0.0702209 0.014115 -0.168892 
-0.000118904 -0.0117534 -0.121426 
-0.0537198 0.00739887 -0.146653 
0.000696737 -0.0194369 -0.119455 
-0.07357900000000001 0.00094802 -0.17608 
0.00825708 0.00813821 -0.0745204 
0.0360276 0.0113835 -0.10138 
-0.0379068 0.00571908 -0.13091 
-0.018009 0.0336235 -0.105588 
-0.00717544 0.0217086 -0.0538832 
0.0208352 0.0187275 -0.151208 
-0.0341496 0.00806641 -0.175697 
-0.0198962 0.0271152 -0.118759 
0.0622235 -0.0113619 -0.135237 
0.00213654 -0.0157458 -0.0631502 
0.0316589 0.015085 -0.164715 
-0.0370986 -0.00280334 -0.163847 
0.0245453 -0.0193054 -0.0708881 
-0.0702484 0.000604624 -0.169272 
-0.0713854 0.00187413 -0.153474 
0.0271007 0.0166747 -0.0714098 
0.0717651 -0.00889569 -0.186892 
-0.00939711 -0.00305699 -0.171511 
0.0595994 0.00243162 -0.144008 
-0.0424 0.00558332 -0.230204 
-0.0399 -0.00631623 -0.0265623 
-0.0446444 0.011791 -0.204361 
0.03984 0.00162972 -0.0212826 
-0.0170984 -0.0327131 -0.07515479999999999 
-0.0169894 0.0205676 -0.0702663 
-0.0119223 0.00231211 -0.08322649999999999 
-0.00236448 0.0180475 -0.08286200000000001 
0.0358544 -0.00645358 -0.0774604 
-0.00399129 0.0225834 -0.0626753 
-0.0225918 0.0188777 -0.157665 
-0.0393533 -0.0160247 0.0100502 
0.0133947 -0.0233037 -0.06818340000000001 
-0.00858593 0.0122952 -0.16636 
0.0242917 -0.0115644 -0.0750923 
-0.0263188 -0.007865520000000001 -0.0424474 
-0.0716427 -0.00318529 -0.176883 
0.0348316 -0.0132894 -0.0811978 
0.0259149 0.0149013 -0.168863 
-0.0302104 0.0043206 -0.0832109 
-0.0480969 0.0100116 -0.189574 
0.0426 0.0102478 -0.215364 
-0.0424 -0.00304142 -0.210552 
-0.0282813 -0.0138849 -0.07924050000000001 
0.00154209 0.0158478 -0.0748789 
0.039377 -0.008784749999999999 0.00307852 
0.0144069 -0.0173284 -0.0661028 
0.0239912 0.0130702 -0.12135 
-0.008037040000000001 -0.0121424 -0.083097 
-0.0311721 0.0030996 -0.07375660000000001 
-0.0505729 0.0141549 -0.186872 
0.0281929 0.0120127 -0.130063 
0.0323571 -0.000889242 -0.00732335 
0.0226329 -0.0132665 -0.103191 
0.0357563 -0.00461704 -0.0340827 
-0.0424 -0.00251831 -0.226458 
0.0143569 0.00898293 -0.172118 
0.0663246 -0.0124865 -0.143115 
0.0366157 0.009116880000000001 -0.0909408 
0.00799703 -0.0156995 -0.11948 
0.0145871 0.029566 -0.07177210000000001 
-0.0226266 -0.00812651 -0.0490647 
-0.0606055 0.00886177 -0.200622 
0.0157139 0.006329 -0.08295329999999999 
-0.0176361 -0.0324354 -0.07490049999999999 
-0.026923 -0.009517670000000001 -0.155561 
0.00903141 -0.0150728 -0.07511959999999999 
0.000749346 0.0178342 -0.0645835 
-0.0268439 0.0218833 -0.114256 
0.0358545 0.0116695 -0.117731 
0.0314597 0.0021558 -0.0741496 
0.0314811 -0.00260291 -0.0370726 
-0.0216411 0.00073417 -0.0749966 
-0.0115198 -0.0219056 -0.119474 
-0.0373935 -0.00970495 -0.0127167 
0.0610677 0.00128388 -0.194338 
-0.0158217 -0.0161908 -0.148994 
-0.0296305 0.0175898 -0.155185 
-0.0242777 -0.0107843 -0.0838095 
0.0106557 0.0131193 -0.143755 
0.0332541 0.00952035 -0.137482 
0.00415364 -0.0145435 -0.0751155 
0.0402811 0.0104375 -0.172886 
0.00715984 -0.00139355 -0.0848554 
0.0592298 0.00476504 -0.128979 
0.0273091 0.0194657 -0.099078 
-0.0563458 -0.0112927 -0.130696 
-0.0166439 -0.00511353 -0.0440411 
-0.0557115 0.00313075 -0.194926 
-0.008256029999999999 0.00150048 -0.0522759 
-0.0417718 0.0135313 -0.18754 
-0.000499632 0.0126666 -0.08314589999999999 
0.0345592 -0.00731466 -0.119234 
0.0730253 0.0150308 -0.183775 
-0.0329434 0.0058441 -0.146972 
0.0239468 -0.0146375 -0.0466296 
-0.0340406 -0.0147604 -0.0939241 
-0.0104042 -0.0163755 -0.07512969999999999 
0.0351931 -0.00230856 -0.131821 
-0.07532170000000001 0.000728091 -0.173808 
0.0257281 0.0121171 -0.118382 
-0.0185351 0.0134556 -0.148422 
-0.0475348 -0.00863482 -0.186863 
-0.0129772 0.00342398 -0.0832179 
-0.0701676 0.00758557 -0.168541 
0.0528746 -0.00774401 -0.132945 
-0.0371388 -0.00692779 0.0129824 
0.0534823 0.0134674 -0.136343 
-0.0424 0.000123279 -0.203615 
0.0583294 0.00541292 -0.201208 
0.0267267 0.0234306 -0.08302619999999999 
0.00315227 -0.0281624 -0.119523 
-0.040035 -0.00210218 0.0130698 
0.0464699 -0.00208347 -0.13151 
0.0270189 -0.020188 -0.103174 
0.0141055 -0.00278391 -0.044023 
0.0132175 -0.0162738 -0.151183 
-0.07057629999999999 -0.00845249 -0.18601 
0.00496175 0.0218388 -0.0748323 
0.0726484 -0.00480761 -0.173244 
-0.0264739 0.0138666 -0.0421887 
-0.0362291 0.0120472 -0.137629 
0.0189768 0.008773080000000001 -0.0738072 
0.0315311 0.0212135 -0.105553 
-0.0172808 0.0134973 -0.153775 
-0.036263 0.0094451 -0.08202669999999999 
0.0720199 -0.0109296 -0.186687 
-0.0484865 0.00613342 -0.142492 
0.0513058 0.0112905 -0.139213 
0.0321 -0.0107841 -0.0124725 
-0.0508307 -0.00751809 -0.184003 
0.07056999999999999 0.00129394 -0.170286 
0.0726151 -0.000229656 -0.177693 
0.0062789 -0.0146986 -0.0441462 
0.0426 0.00487768 -0.202032 
-0.0179977 0.0071167 -0.0732782 
0.0160239 0.00120715 -0.0489921 
-0.0131348 -0.0341174 -0.0861682 
0.0196913 -0.0104043 -0.06515 
-0.0282493 -0.0103982 -0.112679 
0.0196875 -0.0311113 -0.10787 
0.00434979 0.0162987 -0.119504 
-0.0227291 -0.0136593 -0.0491078 
-0.00411439 0.0120577 -0.135852 
-0.00548776 -0.00978825 -0.155724 
-0.017458 -0.0322326 -0.09862410000000001 
-0.0308244 -0.009976250000000001 -0.131571 
-0.000281093 -0.0174764 -0.0670689 
0.0290891 0.00136892 -0.145284 
0.00760078 0.0331217 -0.0717444 
0.00811221 -0.00225182 -0.0548128 
0.0312984 -0.00856376 -0.120322 
0.032333 -0.013432 -0.176047 
-0.0536017 -0.00318226 -0.143621 
0.0652633 -0.000893923 -0.162493 
0.0182585 -0.00732658 -0.166913 
0.0131943 0.0239192 -0.0828163 
0.000821274 -0.009822880000000001 -0.151276 
-0.033 0.00898703 0.00691395 
0.0744886 -0.00446647 -0.182069 
0.0327684 -0.0014523 -0.08154260000000001 
-0.00336712 -0.00980366 -0.153745 
0.030332 -0.00354434 -0.148494 
0.030771 -0.0121362 -0.0365936 
-0.00928139 0.0265914 -0.0747953 
-0.06457010000000001 0.008437160000000001 -0.127828 
-0.0295389 -0.0109126 -0.11429 
-0.0210416 0.0295514 -0.0855745 
-0.0203923 -0.0120749 -0.121126 
-0.0222387 -0.00196909 -0.0507988 
-0.024416 -0.0164997 -0.08313089999999999 
0.0288599 0.0215156 -0.109574 
-0.0555833 0.00879717 -0.192324 
-0.0374758 -0.009911730000000001 -0.009359019999999999 
-0.0345233 0.0133711 -0.162268 
0.0245524 0.0108714 -0.0434355 
-0.0134499 -0.009057610000000001 -0.0680726 
0.00591637 0.00666993 -0.0679501 
0.00635512 0.0203821 -0.0830859 
-0.0387819 -0.0141219 -0.0137545 
0.07250810000000001 0.00333891 -0.148536 
-0.0372662 0.0188329 0.00154992 
0.0309728 -0.00569036 -0.06846720000000001 
0.0191985 0.0107457 -0.0445172 
-0.00312559 -0.0128039 -0.0831022 
0.0374884 -0.00145962 -0.104283 
-0.00839875 -0.00905011 -0.169076 
0.008879730000000001 -0.0166331 -0.083374 
0.0737696 -0.0108379 -0.160027 
-0.00856196 -0.0106083 -0.0490841 
-0.00935266 -0.0239164 -0.0751884 
0.0369516 -0.00557449 -0.116587 
-0.00536526 -0.00699426 -0.08209619999999999 
0.0115528 -0.0327766 -0.085954 
0.0446014 -0.00709473 -0.231869 
-0.0239493 0.00732826 -0.0664014 
0.0136325 -0.0158812 -0.153365 
-0.0730311 -0.00853727 -0.175118 
-0.0152131 0.0348139 -0.07662629999999999 
0.07018580000000001 -0.0122892 -0.168465 
-0.0319049 0.0200723 -0.0746226 
-0.0723005 -0.000830143 -0.148504 
0.046571 0.0125783 -0.196309 
-0.0209135 0.0187757 -0.147655 
0.06983830000000001 -0.0124591 -0.141458 
-0.00557381 -0.0308322 -0.0832425 
-0.0175833 -0.025443 -0.06993389999999999 
-0.0145311 0.0249248 -0.08280849999999999 
0.06908309999999999 0.0104903 -0.165733 
0.0351033 -0.0145541 -0.0307656 
0.0610112 0.0147336 -0.145591 
0.0318879 0.015546 -0.113333 
0.0305284 0.0142208 -0.0368087 
-0.00360847 -0.00964277 -0.0680771 
0.0224802 -0.0256436 -0.0832021 
0.0200268 -0.00390378 -0.07661809999999999 
-0.0222112 -0.0283664 -0.08632339999999999 
-0.0105532 0.0151314 -0.138711 
0.0355897 -0.0108444 -0.09655809999999999 
0.0566957 -0.0044473 -0.135269 
-0.00293966 -0.0217252 -0.06726699999999999 
-0.0487875 -0.00684931 -0.228545 
-0.034177 0.00261396 -0.175772 
-0.0601758 0.00248707 -0.137074 
-0.008128109999999999 -0.009993760000000001 -0.129322 
0.000300032 0.0361458 -0.0853607 
-0.0399 -0.0130696 -0.0119344 
-0.0165196 -0.0108872 -0.143019 
0.0216773 -0.0180931 -0.0751431 
-0.0110109 0.010605 -0.0467306 
-0.057573 -0.00266854 -0.178638 
0.07126490000000001 -0.00318792 -0.18629 
0.0113334 -0.00385596 -0.0827613 
0.06690749999999999 -0.012555 -0.13431 
0.06691610000000001 -0.0122706 -0.170851 
0.0194761 0.0018499 -0.0489871 
0.0025705 -0.0101389 -0.044411 
0.0281917 0.0188137 -0.162292 
-0.0220466 -0.0138757 -0.119227 
0.037179 0.0009785289999999999 -0.115565 
-0.0704357 0.00724685 -0.17079 
0.0410976 0.00886004 -0.141625 
-0.062324 -0.0100506 -0.166245 
-0.00873733 -0.000166973 -0.0450329 
0.0426 -0.00767131 -0.218765 
-0.0352306 -0.0136504 -0.028602 
0.0642909 0.0104693 -0.175891 
0.0476737 0.0126565 -0.222961 
-0.062884 0.0139696 -0.150215 
0.0213277 0.0049466 -0.170017 
-0.0199449 -0.008617150000000001 -0.0833116 
0.0308968 -0.00339995 -0.174828 
3 159 779 860 
3 47 76 69 
3 159 79 779 
3 79 159 69 
3 191 79 231 
3 152 491 235 
3 491 378 235 
3 378 491 744 
3 874 942 594 
3 942 280 594 
3 779 319 860 
3 391 319 779 
3 116 847 83 
3 704 772 779 
3 280 704 191 
3 76 413 841 
3 413 76 47 
3 413 389 508 
3 389 413 47 
3 389 47 69 
3 159 389 69 
3 491 946 744 
3 946 491 170 
3 123 451 744 
3 123 929 451 
3 79 284 779 
3 284 79 191 
3 284 704 779 
3 704 284 191 
3 76 928 69 
3 841 272 152 
3 704 533 772 
3 772 533 779 
3 841 369 303 
3 369 874 303 
3 369 942 874 
3 942 969 280 
3 969 533 280 
3 154 319 391 
3 154 391 779 
3 533 154 779 
3 319 663 451 
3 68 663 319 
3 451 707 744 
3 847 707 451 
3 707 378 744 
3 378 707 116 
3 707 847 116 
3 511 389 159 
3 389 511 929 
3 511 159 860 
3 929 511 451 
3 694 170 508 
3 694 946 170 
3 946 694 929 
3 389 694 508 
3 694 389 929 
3 666 946 929 
3 123 666 929 
3 946 666 744 
3 666 123 744 
3 601 928 76 
3 601 841 303 
3 601 76 841 
3 79 15 231 
3 952 15 79 
3 280 164 594 
3 15 164 231 
3 682 491 152 
3 272 682 152 
3 170 682 508 
3 491 682 170 
3 682 413 508 
3 682 272 413 
3 413 330 841 
3 330 272 841 
3 272 330 413 
3 81 874 594 
3 952 81 341 
3 164 81 594 
3 81 164 341 
3 471 704 280 
3 533 471 280 
3 471 533 704 
3 698 369 841 
3 698 152 235 
3 369 315 942 
3 315 969 942 
3 698 315 369 
3 315 378 116 
3 969 59 533 
3 59 315 116 
3 315 59 969 
3 334 154 533 
3 59 334 533 
3 334 116 83 
3 334 59 116 
3 847 334 83 
3 154 71 319 
3 71 68 319 
3 334 71 154 
3 71 334 68 
3 600 663 68 
3 600 334 847 
3 334 600 68 
3 600 847 451 
3 663 600 451 
3 36 511 860 
3 511 36 451 
3 319 36 860 
3 36 319 451 
3 248 601 303 
3 164 338 341 
3 338 164 15 
3 338 952 341 
3 338 15 952 
3 164 702 231 
3 702 164 280 
3 874 907 303 
3 907 81 303 
3 81 907 874 
3 81 335 303 
3 335 248 303 
3 601 335 928 
3 248 335 601 
3 995 841 152 
3 698 995 152 
3 995 698 841 
3 768 698 235 
3 315 768 235 
3 768 315 698 
3 378 623 235 
3 623 315 235 
3 315 623 378 
3 702 237 231 
3 237 702 280 
3 237 191 231 
3 237 280 191 
3 928 718 69 
3 718 81 952 
3 718 79 69 
3 718 952 79 
3 335 936 928 
3 936 718 928 
3 936 335 81 
3 718 936 81 
Vertices and facets:
- p159(v15): -0.035 0.0022 0.017
- p779(v8): -0.039 -0.016  0.01
- p860(v5): -0.04 -0.0021 0.013
- p76(v25): 0.071 0.014 -0.14
- p47(v14):  0.04 0.015 0.0027
- p69(v9):  0.04 0.0013 0.011
- p79(v27): 0.039 -0.015 0.0083
- p191(v24): -0.0039 -0.037 -0.073
- p231(v4): 0.001 -0.037 -0.077
- p491(v31): -0.0081 0.037 -0.11
- p152(v11): 0.045 0.013 -0.23
- p235(v6): -0.042 0.0097 -0.23
- p378(v29): -0.068 0.014 -0.19
- p744(v10): -0.07 0.014 -0.17
- p942(v35): 0.045 -0.0071 -0.23
- p874(v32): 0.072 -0.011 -0.19
- p594(v20):  0.07 -0.012 -0.19
- p280(v33): -0.003 -0.036 -0.11
- p319(v36): -0.071 -0.003 -0.13
- p391(v21): -0.069 -0.01 -0.13
- p847(v37): -0.075 0.00073 -0.17
- p116(v17): -0.075 -0.0032 -0.18
- p83(v1): -0.076 -0.0081 -0.18
- p704(v39): -0.012 -0.035 -0.076
- p772(v13): -0.017 -0.033 -0.075
- p413(v40): 0.012 0.036 -0.074
- p841(v19): 0.073 0.015 -0.18
- p389(v41): 0.036 0.016 0.0062
- p508(v3): 0.003 0.038 -0.077
- p946(v42): -0.015 0.035 -0.077
- p170(v30): -0.0041 0.038 -0.085
- p123(v44): -0.066 0.014 -0.14
- p451(v22): -0.071 0.0093 -0.14
- p929(v26): -0.037 0.019 0.0015
- p284(v45): -0.035 -0.018 0.0047
- p928(v46): 0.073 0.0033 -0.15
- p272(v48): 0.015 0.035 -0.11
- p533(v50): -0.073 -0.013 -0.17
- p369(v51): 0.046 -0.0011 -0.23
- p303(v2): 0.076 0.0086 -0.18
- p969(v52): -0.049 -0.0068 -0.23
- p154(v53): -0.073 -0.011 -0.16
- p663(v55): -0.071 0.0019 -0.14
- p68(v54): -0.075 -0.0082 -0.17
- p707(v56): -0.073 0.0078 -0.17
- p511(v57): -0.04 0.014 0.011
- p694(v58): -0.0014 0.037 -0.072
- p666(v59): -0.019 0.033 -0.074
- p601(v60): 0.073 0.012 -0.15
- p15(v61): 0.0073 -0.036 -0.079
- p952(v49):  0.07 -0.012 -0.14
- p164(v62): 0.004 -0.037 -0.096
- p682(v63): 0.0058 0.038  -0.1
- p330(v64): 0.013 0.036 -0.083
- p81(v65): 0.075 -0.012 -0.18
- p341(v47): 0.013 -0.034 -0.094
- p471(v66): -0.015 -0.033 -0.11
- p698(v67): 0.043 0.0084 -0.23
- p315(v68): -0.048 -0.00042 -0.23
- p59(v69): -0.073 -0.0085 -0.19
- p334(v70): -0.076 -0.0087 -0.18
- p71(v71): -0.073 -0.01 -0.16
- p600(v72): -0.074 0.0008 -0.16
- p36(v73): -0.041 0.0091 0.0092
- p248(v74): 0.076 0.0087 -0.18
- p338(v75): 0.0084 -0.036 -0.083
- p702(v76): 0.0016 -0.037 -0.097
- p907(v77): 0.074 -0.0045 -0.18
- p335(v78): 0.075 -0.0087 -0.17
- p995(v79): 0.048 0.013 -0.22
- p768(v80): -0.042 0.0056 -0.23
- p623(v81): -0.049 0.0066 -0.22
- p237(v82): -0.00063 -0.037 -0.089
- p718(v83): 0.074 -0.011 -0.16
- p936(v84): 0.074 -0.011 -0.16
- f48
    - flags: top simplicial
    - normal:   -0.5099  -0.2061   0.8352
    - offset: -0.03176216
    - vertices: p159(v15) p779(v8) p860(v5)
    - neighboring facets: f164 f272 f112
- f98
    - flags: bottom simplicial
    - normal:    0.9693   0.1288   0.2094
    - offset: -0.04133962
    - vertices: p76(v25) p47(v14) p69(v9)
    - neighboring facets: f190 f209 f185
- f112
    - flags: bottom simplicial
    - normal:   0.02758  -0.3742    0.927
    - offset: -0.01422638
    - vertices: p79(v27) p159(v15) p779(v8)
    - neighboring facets: f48 f205 f113
- f113
    - flags: top simplicial
    - normal:   0.07973  -0.1758   0.9812
    - offset: -0.01376905
    - vertices: p79(v27) p159(v15) p69(v9)
    - neighboring facets: f191 f390 f112
- f116
    - flags: bottom simplicial
    - normal:    0.1304  -0.9721   0.1949
    - offset: -0.02096335
    - vertices: p79(v27) p191(v24) p231(v4)
    - neighboring facets: f384 f288 f206
- f133
    - flags: bottom simplicial
    - normal:  -0.02987    0.975  -0.2202
    - offset: -0.06088599
    - vertices: p491(v31) p152(v11) p235(v6)
    - neighboring facets: f319 f134 f298
- f134
    - flags: top simplicial
    - normal:   -0.1407   0.9722  -0.1873
    - offset: -0.05807182
    - vertices: p491(v31) p378(v29) p235(v6)
    - neighboring facets: f379 f133 f137
- f137
    - flags: bottom simplicial
    - normal:   -0.3158   0.9479 -0.04201
    - offset: -0.04264918
    - vertices: p491(v31) p378(v29) p744(v10)
    - neighboring facets: f267 f193 f134
- f156
    - flags: bottom simplicial
    - normal:    0.2935   -0.921  -0.2563
    - offset: -0.07904421
    - vertices: p942(v35) p874(v32) p594(v20)
    - neighboring facets: f307 f160 f243
- f160
    - flags: top simplicial
    - normal:    0.1359  -0.9746   -0.178
    - offset: -0.05425836
    - vertices: p942(v35) p280(v33) p594(v20)
    - neighboring facets: f293 f156 f248
- f164
    - flags: bottom simplicial
    - normal:    -0.975 -0.09166   0.2025
    - offset: -0.04187278
    - vertices: p319(v36) p779(v8) p860(v5)
    - neighboring facets: f48 f352 f165
- f165
    - flags: bottom simplicial
    - normal:   -0.9748 -0.09352   0.2023
    - offset: -0.04189529
    - vertices: p319(v36) p391(v21) p779(v8)
    - neighboring facets: f255 f164 f253
- f168
    - flags: bottom simplicial
    - normal:    -0.993   0.1084 -0.04627
    - offset: -0.08291821
    - vertices: p847(v37) p116(v17) p83(v1)
    - neighboring facets: f337 f339 f269
- f177
    - flags: top simplicial
    - normal:   -0.3742  -0.9236  0.08318
    - offset: -0.03036092
    - vertices: p704(v39) p772(v13) p779(v8)
    - neighboring facets: f237 f207 f235
- f179
    - flags: bottom simplicial
    - normal:    -0.215  -0.9765  -0.0128
    - offset: -0.0375984
    - vertices: p704(v39) p280(v33) p191(v24)
    - neighboring facets: f385 f208 f314
- f183
    - flags: bottom simplicial
    - normal:     0.388   0.9208  0.03976
    - offset: -0.03486935
    - vertices: p413(v40) p76(v25) p841(v19)
    - neighboring facets: f287 f304 f185
- f185
    - flags: top simplicial
    - normal:    0.4338   0.8965   0.0895
    - offset: -0.03084152
    - vertices: p413(v40) p76(v25) p47(v14)
    - neighboring facets: f98 f188 f183
- f187
    - flags: bottom simplicial
    - normal:    0.1389   0.9688   0.2052
    - offset: -0.02145591
    - vertices: p389(v41) p413(v40) p508(v3)
    - neighboring facets: f302 f278 f188
- f188
    - flags: top simplicial
    - normal:    0.3274   0.9345   0.1396
    - offset: -0.02726919
    - vertices: p389(v41) p413(v40) p47(v14)
    - neighboring facets: f185 f190 f187
- f190
    - flags: top simplicial
    - normal:     0.626   0.4086   0.6642
    - offset: -0.03293735
    - vertices: p389(v41) p47(v14) p69(v9)
    - neighboring facets: f98 f191 f188
- f191
    - flags: bottom simplicial
    - normal:   0.08198   0.3397   0.9369
    - offset: -0.01403607
    - vertices: p389(v41) p159(v15) p69(v9)
    - neighboring facets: f113 f190 f270
- f193
    - flags: bottom simplicial
    - normal:   -0.3505   0.9366 -0.00113
    - offset: -0.0380242
    - vertices: p946(v42) p491(v31) p744(v10)
    - neighboring facets: f137 f282 f194
- f194
    - flags: top simplicial
    - normal:   -0.2485   0.9684  0.02338
    - offset: -0.03570084
    - vertices: p946(v42) p491(v31) p170(v30)
    - neighboring facets: f301 f276 f193
- f201
    - flags: top simplicial
    - normal:   -0.7134    0.695  0.08935
    - offset: -0.04481756
    - vertices: p123(v44) p451(v22) p744(v10)
    - neighboring facets: f265 f283 f202
- f202
    - flags: top simplicial
    - normal:    -0.719   0.6833   0.1274
    - offset: -0.03985873
    - vertices: p123(v44) p929(v26) p451(v22)
    - neighboring facets: f273 f201 f281
- f205
    - flags: bottom simplicial
    - normal:   0.02456  -0.9142   0.4045
    - offset: -0.01774872
    - vertices: p284(v45) p79(v27) p779(v8)
    - neighboring facets: f112 f207 f206
- f206
    - flags: top simplicial
    - normal:    0.0349  -0.9691   0.2443
    - offset: -0.01763399
    - vertices: p284(v45) p79(v27) p191(v24)
    - neighboring facets: f116 f208 f205
- f207
    - flags: top simplicial
    - normal:   -0.3642  -0.9272  0.08712
    - offset: -0.03006672
    - vertices: p284(v45) p704(v39) p779(v8)
    - neighboring facets: f177 f205 f208
- f208
    - flags: bottom simplicial
    - normal:   -0.2664  -0.9563   0.1207
    - offset: -0.02733923
    - vertices: p284(v45) p704(v39) p191(v24)
    - neighboring facets: f179 f206 f207
- f209
    - flags: bottom simplicial
    - normal:    0.9798 -0.02308   0.1987
    - offset: -0.0414466
    - vertices: p928(v46) p76(v25) p69(v9)
    - neighboring facets: f98 f387 f285
- f218
    - flags: bottom simplicial
    - normal:    0.1502    0.977  -0.1511
    - offset: -0.05343402
    - vertices: p272(v48) p841(v19) p152(v11)
    - neighboring facets: f373 f299 f305
- f235
    - flags: bottom simplicial
    - normal:   -0.3837  -0.9228  0.03503
    - offset: -0.0341153
    - vertices: p533(v50) p704(v39) p772(v13)
    - neighboring facets: f177 f237 f316
- f237
    - flags: bottom simplicial
    - normal:   -0.4275  -0.9017  0.06494
    - offset: -0.03192555
    - vertices: p533(v50) p772(v13) p779(v8)
    - neighboring facets: f177 f256 f235
- f241
    - flags: bottom simplicial
    - normal:    0.8366   0.1591  -0.5243
    - offset: -0.1598273
    - vertices: p369(v51) p841(v19) p303(v2)
    - neighboring facets: f286 f242 f318
- f242
    - flags: top simplicial
    - normal:    0.8628 -0.02948  -0.5047
    - offset: -0.1566858
    - vertices: p369(v51) p874(v32) p303(v2)
    - neighboring facets: f364 f241 f243
- f243
    - flags: top simplicial
    - normal:     0.833  -0.1854  -0.5213
    - offset: -0.1593317
    - vertices: p369(v51) p942(v35) p874(v32)
    - neighboring facets: f156 f242 f322
- f248
    - flags: bottom simplicial
    - normal:  -0.01087  -0.9723  -0.2336
    - offset: -0.06058546
    - vertices: p969(v52) p942(v35) p280(v33)
    - neighboring facets: f160 f249 f323
- f249
    - flags: top simplicial
    - normal:   -0.1645  -0.9707  -0.1751
    - offset: -0.05468469
    - vertices: p969(v52) p533(v50) p280(v33)
    - neighboring facets: f315 f248 f330
- f253
    - flags: top simplicial
    - normal:   -0.9794  -0.1223   0.1604
    - offset: -0.04795241
    - vertices: p154(v53) p319(v36) p391(v21)
    - neighboring facets: f165 f255 f341
- f255
    - flags: top simplicial
    - normal:   -0.8245   -0.545   0.1523
    - offset: -0.04271025
    - vertices: p154(v53) p391(v21) p779(v8)
    - neighboring facets: f165 f256 f253
- f256
    - flags: bottom simplicial
    - normal:   -0.5577  -0.8251  0.09055
    - offset: -0.03607981
    - vertices: p154(v53) p533(v50) p779(v8)
    - neighboring facets: f237 f255 f334
- f261
    - flags: bottom simplicial
    - normal:    -0.993 -0.0009054   0.1185
    - offset: -0.05419093
    - vertices: p663(v55) p319(v36) p451(v22)
    - neighboring facets: f353 f349 f263
- f263
    - flags: bottom simplicial
    - normal:    -0.993 -0.0009239   0.1185
    - offset: -0.05419404
    - vertices: p663(v55) p68(v54) p319(v36)
    - neighboring facets: f342 f261 f345
- f265
    - flags: bottom simplicial
    - normal:   -0.9096   0.4136  0.04031
    - offset: -0.06290187
    - vertices: p707(v56) p451(v22) p744(v10)
    - neighboring facets: f201 f267 f266
- f266
    - flags: bottom simplicial
    - normal:   -0.9607    0.273  0.04941
    - offset: -0.0639762
    - vertices: p707(v56) p847(v37) p451(v22)
    - neighboring facets: f348 f265 f269
- f267
    - flags: top simplicial
    - normal:   -0.8487   0.5137  -0.1259
    - offset: -0.08810198
    - vertices: p707(v56) p378(v29) p744(v10)
    - neighboring facets: f137 f265 f268
- f268
    - flags: bottom simplicial
    - normal:   -0.8985    0.375  -0.2281
    - offset: -0.1084463
    - vertices: p707(v56) p378(v29) p116(v17)
    - neighboring facets: f328 f269 f267
- f269
    - flags: top simplicial
    - normal:   -0.9566    0.271  -0.1071
    - offset: -0.09085664
    - vertices: p707(v56) p847(v37) p116(v17)
    - neighboring facets: f168 f268 f266
- f270
    - flags: top simplicial
    - normal:   0.05013   0.4633   0.8848
    - offset: -0.01451383
    - vertices: p511(v57) p389(v41) p159(v15)
    - neighboring facets: f191 f272 f271
- f271
    - flags: bottom simplicial
    - normal:   0.01083   0.8986   0.4387
    - offset: -0.01719897
    - vertices: p511(v57) p389(v41) p929(v26)
    - neighboring facets: f279 f273 f270
- f272
    - flags: top simplicial
    - normal:   -0.6717  0.08713   0.7357
    - offset: -0.0363231
    - vertices: p511(v57) p159(v15) p860(v5)
    - neighboring facets: f48 f350 f270
- f273
    - flags: bottom simplicial
    - normal:   -0.7271   0.6741     0.13
    - offset: -0.03999294
    - vertices: p511(v57) p929(v26) p451(v22)
    - neighboring facets: f202 f351 f271
- f275
    - flags: top simplicial
    - normal:   -0.0762   0.9957   0.0536
    - offset: -0.03346567
    - vertices: p694(v58) p170(v30) p508(v3)
    - neighboring facets: f300 f278 f276
- f276
    - flags: top simplicial
    - normal:   -0.2088   0.9746  0.08075
    - offset: -0.03091924
    - vertices: p694(v58) p946(v42) p170(v30)
    - neighboring facets: f194 f275 f277
- f277
    - flags: bottom simplicial
    - normal:   -0.2258    0.965   0.1336
    - offset: -0.02679442
    - vertices: p694(v58) p946(v42) p929(v26)
    - neighboring facets: f280 f279 f276
- f278
    - flags: bottom simplicial
    - normal:    0.1137   0.9699   0.2154
    - offset: -0.02063198
    - vertices: p694(v58) p389(v41) p508(v3)
    - neighboring facets: f187 f275 f279
- f279
    - flags: top simplicial
    - normal:   0.02517   0.9662   0.2567
    - offset: -0.01765538
    - vertices: p694(v58) p389(v41) p929(v26)
    - neighboring facets: f271 f277 f278
- f280
    - flags: top simplicial
    - normal:   -0.4163   0.9067  0.06792
    - offset: -0.03269426
    - vertices: p666(v59) p946(v42) p929(v26)
    - neighboring facets: f277 f281 f282
- f281
    - flags: bottom simplicial
    - normal:   -0.4389   0.8965   0.0604
    - offset: -0.03333461
    - vertices: p666(v59) p123(v44) p929(v26)
    - neighboring facets: f202 f280 f283
- f282
    - flags: bottom simplicial
    - normal:   -0.4274   0.9025  0.05233
    - offset: -0.03391328
    - vertices: p666(v59) p946(v42) p744(v10)
    - neighboring facets: f193 f283 f280
- f283
    - flags: top simplicial
    - normal:   -0.4368   0.8977  0.05838
    - offset: -0.03348211
    - vertices: p666(v59) p123(v44) p744(v10)
    - neighboring facets: f201 f282 f281
- f285
    - flags: top simplicial
    - normal:    0.9858 0.003929   0.1681
    - offset: -0.04652799
    - vertices: p601(v60) p928(v46) p76(v25)
    - neighboring facets: f209 f287 f371
- f286
    - flags: top simplicial
    - normal:    0.8802    0.472  0.05053
    - offset: -0.06208153
    - vertices: p601(v60) p841(v19) p303(v2)
    - neighboring facets: f241 f355 f287
- f287
    - flags: top simplicial
    - normal:    0.8648   0.4994  0.05268
    - offset: -0.06097568
    - vertices: p601(v60) p76(v25) p841(v19)
    - neighboring facets: f183 f286 f285
- f288
    - flags: bottom simplicial
    - normal:    0.1824  -0.9683   0.1709
    - offset: -0.02271821
    - vertices: p15(v61) p79(v27) p231(v4)
    - neighboring facets: f116 f297 f291
- f291
    - flags: bottom simplicial
    - normal:     0.415  -0.9069  0.07272
    - offset: -0.02999773
    - vertices: p15(v61) p952(v49) p79(v27)
    - neighboring facets: f391 f288 f360
- f293
    - flags: bottom simplicial
    - normal:      0.19  -0.9735  -0.1272
    - offset: -0.04858616
    - vertices: p164(v62) p280(v33) p594(v20)
    - neighboring facets: f160 f310 f363
- f297
    - flags: bottom simplicial
    - normal:    0.1231  -0.9924 0.002763
    - offset: -0.03649245
    - vertices: p164(v62) p15(v61) p231(v4)
    - neighboring facets: f288 f362 f358
- f298
    - flags: top simplicial
    - normal:   0.08131   0.9819  -0.1708
    - offset: -0.05482564
    - vertices: p682(v63) p491(v31) p152(v11)
    - neighboring facets: f133 f299 f301
- f299
    - flags: bottom simplicial
    - normal:   0.09535   0.9815  -0.1663
    - offset: -0.05443123
    - vertices: p682(v63) p272(v48) p152(v11)
    - neighboring facets: f218 f298 f303
- f300
    - flags: bottom simplicial
    - normal:  -0.007431   0.9999 -0.009321
    - offset: -0.03866926
    - vertices: p682(v63) p170(v30) p508(v3)
    - neighboring facets: f275 f302 f301
- f301
    - flags: bottom simplicial
    - normal:  -0.01554   0.9998  -0.0142
    - offset: -0.03911033
    - vertices: p682(v63) p491(v31) p170(v30)
    - neighboring facets: f194 f300 f298
- f302
    - flags: top simplicial
    - normal:     0.202   0.9793  0.01461
    - offset: -0.03668067
    - vertices: p682(v63) p413(v40) p508(v3)
    - neighboring facets: f187 f300 f303
- f303
    - flags: top simplicial
    - normal:    0.2719   0.9623 -0.001565
    - offset: -0.03807917
    - vertices: p682(v63) p272(v48) p413(v40)
    - neighboring facets: f306 f302 f299
- f304
    - flags: bottom simplicial
    - normal:    0.3383    0.941 0.008019
    - offset: -0.03737166
    - vertices: p330(v64) p413(v40) p841(v19)
    - neighboring facets: f183 f305 f306
- f305
    - flags: top simplicial
    - normal:    0.3333   0.9428 0.004753
    - offset: -0.03763992
    - vertices: p330(v64) p272(v48) p841(v19)
    - neighboring facets: f218 f304 f306
- f306
    - flags: bottom simplicial
    - normal:    0.3127   0.9498 0.002962
    - offset: -0.03776781
    - vertices: p330(v64) p272(v48) p413(v40)
    - neighboring facets: f303 f304 f305
- f307
    - flags: top simplicial
    - normal:     0.317  -0.9225  -0.2201
    - offset: -0.07400528
    - vertices: p81(v65) p874(v32) p594(v20)
    - neighboring facets: f156 f310 f366
- f308
    - flags: bottom simplicial
    - normal:     0.392   -0.919  0.04258
    - offset: -0.03280345
    - vertices: p81(v65) p952(v49) p341(v47)
    - neighboring facets: f359 f311 f388
- f310
    - flags: bottom simplicial
    - normal:    0.1945  -0.9731  -0.1237
    - offset: -0.04825713
    - vertices: p81(v65) p164(v62) p594(v20)
    - neighboring facets: f293 f307 f311
- f311
    - flags: top simplicial
    - normal:    0.2467  -0.9661 -0.07627
    - offset: -0.04363554
    - vertices: p81(v65) p164(v62) p341(v47)
    - neighboring facets: f357 f308 f310
- f314
    - flags: top simplicial
    - normal:   -0.2362  -0.9715  -0.0192
    - offset: -0.03816693
    - vertices: p471(v66) p704(v39) p280(v33)
    - neighboring facets: f179 f315 f316
- f315
    - flags: bottom simplicial
    - normal:   -0.1828  -0.9709   -0.155
    - offset: -0.05258801
    - vertices: p471(v66) p533(v50) p280(v33)
    - neighboring facets: f249 f314 f316
- f316
    - flags: top simplicial
    - normal:   -0.3199  -0.9474 -0.01163
    - offset: -0.03775836
    - vertices: p471(v66) p533(v50) p704(v39)
    - neighboring facets: f235 f314 f315
- f318
    - flags: top simplicial
    - normal:    0.8081   0.2437  -0.5362
    - offset: -0.1612227
    - vertices: p698(v67) p369(v51) p841(v19)
    - neighboring facets: f241 f375 f324
- f319
    - flags: top simplicial
    - normal:  -0.01783   0.8256  -0.5639
    - offset: -0.1371492
    - vertices: p698(v67) p152(v11) p235(v6)
    - neighboring facets: f133 f376 f374
- f322
    - flags: bottom simplicial
    - normal:  -0.008755 -0.07905  -0.9968
    - offset: -0.2313049
    - vertices: p315(v68) p369(v51) p942(v35)
    - neighboring facets: f243 f323 f324
- f323
    - flags: top simplicial
    - normal:  -0.03331  -0.4249  -0.9046
    - offset:  -0.211281
    - vertices: p315(v68) p969(v52) p942(v35)
    - neighboring facets: f248 f322 f333
- f324
    - flags: bottom simplicial
    - normal:  -0.008208 0.005304       -1
    - offset: -0.2319657
    - vertices: p315(v68) p698(v67) p369(v51)
    - neighboring facets: f318 f322 f378
- f328
    - flags: top simplicial
    - normal:   -0.8289   0.3303  -0.4514
    - offset: -0.1444822
    - vertices: p315(v68) p378(v29) p116(v17)
    - neighboring facets: f268 f332 f381
- f330
    - flags: bottom simplicial
    - normal:   -0.4114  -0.8706  -0.2699
    - offset: -0.08770978
    - vertices: p59(v69) p969(v52) p533(v50)
    - neighboring facets: f249 f335 f333
- f332
    - flags: top simplicial
    - normal:   -0.8566  -0.1467  -0.4947
    - offset:   -0.15605
    - vertices: p59(v69) p315(v68) p116(v17)
    - neighboring facets: f328 f338 f333
- f333
    - flags: bottom simplicial
    - normal:   -0.8497  -0.1778  -0.4964
    - offset: -0.1561216
    - vertices: p59(v69) p315(v68) p969(v52)
    - neighboring facets: f323 f330 f332
- f334
    - flags: top simplicial
    - normal:   -0.8844   -0.464  0.05018
    - offset: -0.06222811
    - vertices: p334(v70) p154(v53) p533(v50)
    - neighboring facets: f256 f335 f343
- f335
    - flags: bottom simplicial
    - normal:   -0.5292  -0.8108  -0.2502
    - offset: -0.0921904
    - vertices: p334(v70) p59(v69) p533(v50)
    - neighboring facets: f330 f334 f338
- f337
    - flags: top simplicial
    - normal:   -0.9837 -0.01483   -0.179
    - offset: -0.1070587
    - vertices: p334(v70) p116(v17) p83(v1)
    - neighboring facets: f168 f339 f338
- f338
    - flags: top simplicial
    - normal:   -0.9008  -0.1977  -0.3865
    - offset: -0.1396116
    - vertices: p334(v70) p59(v69) p116(v17)
    - neighboring facets: f332 f337 f335
- f339
    - flags: bottom simplicial
    - normal:    -0.993 -0.0008366   0.1184
    - offset: -0.05421712
    - vertices: p334(v70) p847(v37) p83(v1)
    - neighboring facets: f168 f337 f346
- f341
    - flags: bottom simplicial
    - normal:   -0.9912 -0.03299    0.128
    - offset: -0.05288687
    - vertices: p71(v71) p154(v53) p319(v36)
    - neighboring facets: f253 f342 f343
- f342
    - flags: top simplicial
    - normal:    -0.993 -0.0009381   0.1185
    - offset: -0.05419379
    - vertices: p71(v71) p68(v54) p319(v36)
    - neighboring facets: f263 f341 f344
- f343
    - flags: bottom simplicial
    - normal:   -0.9925 -0.03814   0.1162
    - offset: -0.05488657
    - vertices: p71(v71) p334(v70) p154(v53)
    - neighboring facets: f334 f341 f344
- f344
    - flags: top simplicial
    - normal:    -0.993 -0.0009631   0.1185
    - offset: -0.05419461
    - vertices: p71(v71) p334(v70) p68(v54)
    - neighboring facets: f347 f342 f343
- f345
    - flags: top simplicial
    - normal:    -0.993 -0.0009186   0.1185
    - offset: -0.05419429
    - vertices: p600(v72) p663(v55) p68(v54)
    - neighboring facets: f263 f347 f349
- f346
    - flags: top simplicial
    - normal:    -0.993 -0.0009124   0.1185
    - offset: -0.05419505
    - vertices: p600(v72) p334(v70) p847(v37)
    - neighboring facets: f339 f348 f347
- f347
    - flags: bottom simplicial
    - normal:    -0.993 -0.0009162   0.1185
    - offset: -0.0541947
    - vertices: p600(v72) p334(v70) p68(v54)
    - neighboring facets: f344 f345 f346
- f348
    - flags: top simplicial
    - normal:    -0.993 -0.0008912   0.1185
    - offset: -0.05419509
    - vertices: p600(v72) p847(v37) p451(v22)
    - neighboring facets: f266 f349 f346
- f349
    - flags: bottom simplicial
    - normal:    -0.993 -0.0009021   0.1185
    - offset: -0.05419443
    - vertices: p600(v72) p663(v55) p451(v22)
    - neighboring facets: f261 f348 f345
- f350
    - flags: top simplicial
    - normal:   -0.9254  0.04936   0.3759
    - offset: -0.04185546
    - vertices: p36(v73) p511(v57) p860(v5)
    - neighboring facets: f272 f352 f351
- f351
    - flags: bottom simplicial
    - normal:   -0.9712   0.1317   0.1985
    - offset: -0.04284864
    - vertices: p36(v73) p511(v57) p451(v22)
    - neighboring facets: f273 f353 f350
- f352
    - flags: bottom simplicial
    - normal:   -0.9791 -0.01468   0.2029
    - offset: -0.04188055
    - vertices: p36(v73) p319(v36) p860(v5)
    - neighboring facets: f164 f350 f353
- f353
    - flags: top simplicial
    - normal:   -0.9796   0.0202   0.2001
    - offset: -0.04219156
    - vertices: p36(v73) p319(v36) p451(v22)
    - neighboring facets: f261 f351 f352
- f355
    - flags: top simplicial
    - normal:    0.9913  0.07441   0.1088
    - offset: -0.05662595
    - vertices: p248(v74) p601(v60) p303(v2)
    - neighboring facets: f286 f368 f372
- f357
    - flags: bottom simplicial
    - normal:    0.2357  -0.9714 -0.02873
    - offset: -0.03920542
    - vertices: p338(v75) p164(v62) p341(v47)
    - neighboring facets: f311 f359 f358
- f358
    - flags: top simplicial
    - normal:    0.1728  -0.9849 -0.007263
    - offset: -0.03738244
    - vertices: p338(v75) p164(v62) p15(v61)
    - neighboring facets: f297 f360 f357
- f359
    - flags: top simplicial
    - normal:    0.3999   -0.915  0.05372
    - offset: -0.03172564
    - vertices: p338(v75) p952(v49) p341(v47)
    - neighboring facets: f308 f357 f360
- f360
    - flags: top simplicial
    - normal:    0.4117  -0.9087  0.06866
    - offset: -0.03036196
    - vertices: p338(v75) p15(v61) p952(v49)
    - neighboring facets: f291 f359 f358
- f362
    - flags: bottom simplicial
    - normal:   0.07162  -0.9974 -0.005161
    - offset: -0.0372363
    - vertices: p702(v76) p164(v62) p231(v4)
    - neighboring facets: f297 f382 f363
- f363
    - flags: top simplicial
    - normal:   0.08004   -0.995 -0.05929
    - offset: -0.04239869
    - vertices: p702(v76) p164(v62) p280(v33)
    - neighboring facets: f293 f383 f362
- f364
    - flags: bottom simplicial
    - normal:    0.9225 -0.08309  -0.3769
    - offset: -0.1377064
    - vertices: p907(v77) p874(v32) p303(v2)
    - neighboring facets: f242 f365 f366
- f365
    - flags: top simplicial
    - normal:    0.9497 -0.09631  -0.2979
    - offset: -0.1254195
    - vertices: p907(v77) p81(v65) p303(v2)
    - neighboring facets: f367 f364 f366
- f366
    - flags: bottom simplicial
    - normal:    0.9347  -0.1173  -0.3356
    - offset: -0.1312438
    - vertices: p907(v77) p81(v65) p874(v32)
    - neighboring facets: f307 f364 f365
- f367
    - flags: bottom simplicial
    - normal:     0.997 -0.05824  0.05115
    - offset: -0.06633887
    - vertices: p335(v78) p81(v65) p303(v2)
    - neighboring facets: f365 f368 f394
- f368
    - flags: top simplicial
    - normal:    0.9938 -0.005937    0.111
    - offset: -0.05574913
    - vertices: p335(v78) p248(v74) p303(v2)
    - neighboring facets: f355 f367 f372
- f371
    - flags: bottom simplicial
    - normal:     0.993 -0.0009334   0.1185
    - offset: -0.05439031
    - vertices: p335(v78) p601(v60) p928(v46)
    - neighboring facets: f285 f392 f372
- f372
    - flags: bottom simplicial
    - normal:     0.993 -0.0009186   0.1185
    - offset: -0.05439348
    - vertices: p335(v78) p248(v74) p601(v60)
    - neighboring facets: f355 f371 f368
- f373
    - flags: top simplicial
    - normal:    0.4195   0.8484  -0.3228
    - offset: -0.1027162
    - vertices: p995(v79) p841(v19) p152(v11)
    - neighboring facets: f218 f374 f375
- f374
    - flags: bottom simplicial
    - normal:    0.6756   0.4718  -0.5666
    - offset: -0.1645012
    - vertices: p995(v79) p698(v67) p152(v11)
    - neighboring facets: f319 f373 f375
- f375
    - flags: top simplicial
    - normal:    0.8035   0.2598  -0.5356
    - offset: -0.1610089
    - vertices: p995(v79) p698(v67) p841(v19)
    - neighboring facets: f318 f373 f374
- f376
    - flags: top simplicial
    - normal:  -0.03806   0.5309  -0.8466
    - offset: -0.1994699
    - vertices: p768(v80) p698(v67) p235(v6)
    - neighboring facets: f319 f377 f378
- f377
    - flags: bottom simplicial
    - normal:   -0.3211   0.5031  -0.8024
    - offset:  -0.201129
    - vertices: p768(v80) p315(v68) p235(v6)
    - neighboring facets: f380 f376 f378
- f378
    - flags: top simplicial
    - normal:  -0.03191   0.2537  -0.9668
    - offset: -0.2253214
    - vertices: p768(v80) p315(v68) p698(v67)
    - neighboring facets: f324 f376 f377
- f379
    - flags: bottom simplicial
    - normal:   -0.5487   0.7308   -0.406
    - offset:  -0.122796
    - vertices: p623(v81) p378(v29) p235(v6)
    - neighboring facets: f134 f380 f381
- f380
    - flags: top simplicial
    - normal:   -0.5589   0.5658  -0.6062
    - offset: -0.1671863
    - vertices: p623(v81) p315(v68) p235(v6)
    - neighboring facets: f377 f379 f381
- f381
    - flags: bottom simplicial
    - normal:   -0.7902   0.4059  -0.4591
    - offset: -0.1443649
    - vertices: p623(v81) p315(v68) p378(v29)
    - neighboring facets: f328 f379 f380
- f382
    - flags: bottom simplicial
    - normal:   0.01259  -0.9999 -0.006909
    - offset: -0.03740304
    - vertices: p237(v82) p702(v76) p231(v4)
    - neighboring facets: f362 f384 f383
- f383
    - flags: top simplicial
    - normal:   -0.0223  -0.9996 -0.01636
    - offset: -0.03825213
    - vertices: p237(v82) p702(v76) p280(v33)
    - neighboring facets: f363 f385 f382
- f384
    - flags: top simplicial
    - normal:  -0.03633  -0.9993 -4.81e-05
    - offset: -0.0368055
    - vertices: p237(v82) p191(v24) p231(v4)
    - neighboring facets: f116 f382 f385
- f385
    - flags: top simplicial
    - normal:   -0.0801  -0.9967 -0.009193
    - offset: -0.03754769
    - vertices: p237(v82) p280(v33) p191(v24)
    - neighboring facets: f179 f384 f383
- f387
    - flags: bottom simplicial
    - normal:     0.978 -0.06688   0.1978
    - offset: -0.04130681
    - vertices: p718(v83) p928(v46) p69(v9)
    - neighboring facets: f209 f390 f393
- f388
    - flags: top simplicial
    - normal:    0.6677  -0.7397  0.08367
    - offset: -0.04401079
    - vertices: p718(v83) p81(v65) p952(v49)
    - neighboring facets: f308 f391 f395
- f390
    - flags: top simplicial
    - normal:     0.972  -0.1221   0.2006
    - offset: -0.04102937
    - vertices: p718(v83) p79(v27) p69(v9)
    - neighboring facets: f113 f387 f391
- f391
    - flags: top simplicial
    - normal:    0.9714   -0.127   0.2004
    - offset: -0.04107757
    - vertices: p718(v83) p952(v49) p79(v27)
    - neighboring facets: f291 f390 f388
- f392
    - flags: bottom simplicial
    - normal:    0.9914 -0.01678   0.1295
    - offset: -0.05258845
    - vertices: p936(v84) p335(v78) p928(v46)
    - neighboring facets: f371 f393 f394
- f393
    - flags: top simplicial
    - normal:    0.9897 -0.02619    0.141
    - offset: -0.05073495
    - vertices: p936(v84) p718(v83) p928(v46)
    - neighboring facets: f387 f392 f395
- f394
    - flags: top simplicial
    - normal:    0.9855  -0.1523  0.07534
    - offset: -0.06229027
    - vertices: p936(v84) p335(v78) p81(v65)
    - neighboring facets: f367 f395 f392
- f395
    - flags: bottom simplicial
    - normal:    0.9282  -0.3622  0.08462
    - offset: -0.05886085
    - vertices: p936(v84) p718(v83) p81(v65)
    - neighboring facets: f388 f394 f393
