3
1000 156 234
0.000842051 -0.0361318 0.0167954 
-0.0181364 -0.0206718 0.0106072 
0.0134 0.0172837 0.00845137 
-0.0179879 0.00268593 0.0230037 
-0.0332222 -0.0151718 0.00134866 
0.00396935 -0.0129691 0.008379279999999999 
-0.00227539 0.0415947 -0.00676093 
0.0034838 -0.000703283 -0.0107767 
0.00110026 0.0348556 -0.00700237 
-0.00459843 0.0319728 0.00738853 
0.00552738 -0.0249004 0.00193099 
-0.0239704 0.00619685 0.0270856 
0.0044 0.009894450000000001 0.00565738 
0.00167669 -0.0152498 0.00632771 
-0.0223655 0.00562204 -0.0248562 
0.0275388 0.00493117 -0.00375218 
0.00213055 0.0304113 0.000151508 
0.0207759 -0.0184504 -0.0145368 
0.0285551 -0.0108949 -0.00154965 
0.0291286 -0.0229284 -0.000535185 
-0.015704 0.0359829 0.0023318 
0.0258593 -0.00205415 0.0132946 
0.00808124 0.0304511 -0.00830901 
-0.029 0.0108301 -0.00843783 
-0.0203726 -0.0128324 0.0146721 
0.00824098 -0.0173958 0.0156507 
0.030735 -0.0110414 -0.0172506 
0.0254681 -0.00263196 -0.00700783 
-0.029 -0.00488398 0.0122348 
-0.00308942 0.0349743 -0.009127939999999999 
0.0111148 0.010649 -0.0175031 
0.0177623 0.0210307 -0.0104683 
0.0112807 0.0210698 0.00764905 
-0.010676 0.0326263 0.00549332 
0.00070879 0.0303614 0.0115017 
-0.0190336 -0.0262736 -0.007960739999999999 
-0.0301683 -0.00594131 -0.0274686 
0.0064 -0.0151872 -0.00993261 
0.000228239 0.0302511 0.00233162 
0.0328612 -0.00166449 0.0244376 
0.0161446 -0.035968 -0.00424676 
0.00147348 -0.0233669 0.00554286 
0.00708862 0.0252814 -0.00664114 
0.0268867 -0.00751682 0.0137995 
-0.029 -0.0131771 -0.009884230000000001 
0.0319694 0.0163237 0.0181584 
0.00809407 0.008711480000000001 -0.0179427 
-0.031 -0.0202474 0.00461027 
-0.031 0.011487 0.0159987 
-0.0100249 -0.008397129999999999 -0.0197849 
0.0064 0.00797786 0.0142122 
-0.0313111 -0.00360455 -0.0231081 
-0.0103926 -0.0170789 0.008277059999999999 
0.0172517 0.0455216 -0.00260405 
0.0112432 0.0186797 0.00835345 
 0.029 -0.000524077 0.00489414 
-0.029 -0.00690791 -0.0171391 
-0.031 -0.0014069 0.0198065 
0.0120693 -0.0130205 -0.0183463 
0.0126503 -0.03609 0.0114293 
0.0281316 -0.0131794 -0.015692 
-0.00627368 -0.0101762 -0.0188968 
0.0321 -0.00297307 -0.0106378 
0.0151111 0.0142408 0.00445817 
0.0222118 0.0234093 -0.00199426 
0.00483508 -0.0171144 -0.0137609 
-0.00582692 -0.0270845 0.000861186 
0.000714807 0.0267817 0.00246005 
0.00376975 -0.0359018 -0.0175949 
-0.031 -0.0233247 0.0152858 
0.0199618 -0.00729185 -0.00148747 
-0.0157183 -0.036208 0.00813934 
-0.00119884 0.0162498 -0.0140359 
-0.00461982 -0.000764676 -0.0189011 
0.0128022 -0.02015 0.00978979 
-0.031 0.0206665 -0.0136642 
0.0124953 0.0223863 -0.00971703 
0.00777878 0.0273766 -0.0059067 
0.00304197 0.0204748 -0.009299999999999999 
-0.030541 0.00264637 -0.00670147 
0.00789338 -0.00163603 0.0233499 
0.0100558 -0.00743217 0.0227902 
-0.0309999 -0.0041678 -0.024339 
0.0124099 -0.0373356 -0.00930258 
-0.015489 0.00438063 -0.0210359 
-0.029 -0.00517439 -0.0126819 
0.0281051 0.00509535 -0.0052631 
0.0296056 -0.0229399 -0.0005515160000000001 
-0.00212413 -0.0349042 -0.0124419 
-0.0167147 0.0203833 0.00799353 
-0.0153946 0.00840632 0.0174778 
-0.0264301 -0.0207122 0.0188914 
0.0131011 -0.0151249 0.0165825 
-0.0286 -0.00502384 0.0237797 
-0.0335 0.00483658 -0.0127109 
0.0107672 0.0203182 0.00177668 
-0.025198 0.018242 -0.0140046 
0.0064 0.0170861 0.00780972 
-0.00470359 0.018996 0.0100906 
-0.0226 0.00300117 -0.023537 
-0.0186769 0.0153297 0.0201505 
0.0278771 -0.00470943 1.91815e-05 
0.0321 0.0153009 -0.0178296 
0.009878929999999999 0.0192958 -0.00508463 
-0.01477 0.0110019 -0.0184567 
-0.029 0.0124222 0.0180733 
0.0251 -0.00256327 0.014067 
0.0285071 -0.0123649 0.00848547 
0.0305686 0.008624690000000001 -0.00393721 
0.00843466 0.0360275 -0.00338831 
0.00370792 -0.00235728 0.0124386 
0.0084697 0.0324466 0.000946438 
0.0107401 -0.0221704 0.00345395 
-0.00560638 -0.0232226 -0.00215331 
-0.0270224 0.0155198 0.0202174 
-0.029 -0.0120356 -0.0188372 
0.00501351 -0.0355622 0.00947516 
0.00475027 0.0368855 -0.00960724 
-0.0157524 0.0156813 -0.0115525 
0.00908138 0.0195847 -0.00393561 
-0.0151031 -0.019327 -0.00160276 
-0.0245622 -0.023082 0.0166538 
0.0125363 0.00545866 -0.0218114 
0.0251884 0.00599249 0.00232936 
0.013107 0.008790589999999999 0.0204415 
0.032734 0.0031415 -0.0116987 
0.0257942 0.00692501 -0.0140893 
-0.00313066 -0.0171823 -0.0127987 
-0.00447852 -0.0311093 0.00361422 
-0.031 -0.008347729999999999 0.0157711 
-0.0226 0.00447367 0.0269136 
0.0081917 0.0345192 0.00706756 
0.00620277 0.0272715 -0.00744901 
0.0130322 -0.0206989 -0.00870858 
-0.00254454 0.0267962 0.000587763 
-0.033 -0.00149923 -0.00321543 
0.0193711 0.0171326 0.0111762 
0.0303005 0.0187072 0.008373190000000001 
0.0338345 -0.0173684 -0.00743058 
0.0279539 0.00543607 0.0197491 
-0.00708611 0.0429774 0.00306886 
-0.0141478 0.0359214 0.0102395 
-0.024048 0.0228203 0.00239634 
-0.0153017 0.0197564 -0.008475130000000001 
-0.0219466 -0.0043551 -0.0254875 
0.0257993 -0.0048691 0.00380426 
0.0281158 0.00519601 -0.0197824 
0.00735086 0.0343649 0.0109894 
0.0035899 0.020556 -0.009186949999999999 
0.0330943 -0.0193656 0.0108995 
0.027181 0.00849312 0.00926689 
-0.00963585 0.0211697 -0.00480687 
-0.0216978 -0.0104964 -0.0209965 
0.0241115 0.0218826 -0.008523640000000001 
0.008562739999999999 -0.0384026 -0.0126588 
0.0042391 -0.00585673 0.0109936 
-0.0211 -0.00269965 0.0222892 
-0.0188459 0.0198332 -0.0186342 
0.0218519 0.00385774 -0.00324189 
-0.0335 0.0141561 0.000145624 
-0.0017794 -0.0115642 0.014201 
0.0184348 0.0229374 0.00503137 
0.0044 -0.00235244 -0.0106739 
-0.0211 -0.00741232 0.021411 
-0.0149467 0.014108 0.0162096 
0.0163 0.0111471 -0.0206986 
-0.0192661 0.0185369 -0.00573401 
0.00125771 0.0267722 0.00367977 
0.0027574 0.0320952 0.009465700000000001 
0.021977 0.00489075 -0.0199008 
-0.0225329 -0.000999694 -0.0236981 
0.0253157 0.0111336 0.0110868 
-0.033 0.00680747 -0.00356379 
-0.0284373 -0.0157625 0.0179627 
-0.0172829 -0.013547 -0.0179089 
-0.008146789999999999 -0.0318556 -0.00247812 
-0.0226 -0.0237132 -0.00511588 
 0.032 0.00116495 0.00457082 
0.024534 0.021798 0.00872992 
0.0036 -0.0139493 -0.000217076 
0.00455369 0.0377684 -0.00802424 
-0.00863775 -0.0241205 0.00456913 
-0.0294868 -0.008949800000000001 0.0239168 
-0.0110902 0.0385377 -0.00469034 
-0.031 -0.0157193 0.0149007 
-0.0183644 0.0205199 0.0115361 
0.0211368 0.0431666 0.00281274 
0.0296317 0.00881177 0.00343778 
-0.0148429 -0.0152432 0.0120917 
0.0311587 0.0127341 0.000650799 
-0.00402357 0.030136 0.00426016 
0.0320053 -0.00171976 0.0109158 
0.0384 0.00119631 -0.0128611 
-0.000389029 0.0345932 -0.00962235 
-0.0301637 0.0195588 -0.0142069 
 0.029 -0.00519719 -0.00292792 
0.012409 0.0429808 0.00263631 
0.00580384 0.0134891 -0.00758511 
0.0011 0.0097456 -0.0135464 
0.0108039 -0.00661039 0.0214633 
-0.00419801 0.0220891 -0.00876645 
0.0321 0.009731510000000001 -0.00265931 
0.0207794 -0.00544233 0.0197505 
0.0155437 -0.00202937 0.0235369 
0.0269929 0.0100757 0.021537 
-0.0119772 0.0329427 0.00528165 
0.0321 0.0195283 0.000671442 
0.0183789 0.0452194 0.00424103 
0.0318715 -0.00239966 0.00522598 
0.0321 0.0218262 0.0104951 
0.009110780000000001 -0.0177727 0.0152136 
0.00379677 -0.0153367 -0.0009977269999999999 
 0.032 0.00376673 0.0065358 
-0.031 0.0135533 -0.0104381 
-0.00907499 0.00433762 -0.0184836 
0.0187623 -0.0234695 -0.000883266 
0.0111044 0.0350102 -0.00116939 
0.0339473 0.00175983 -0.0136288 
-0.0215228 0.0442423 -0.00144763 
0.0108762 -0.0208637 -0.008309850000000001 
0.0258476 -0.00121029 -0.00938025 
-9.99999e-05 0.00609364 -0.0106504 
0.00118087 -0.0375835 -0.0182417 
0.0247429 -0.0106353 0.0159972 
0.0100562 0.0119693 -0.0161354 
0.0173902 -0.0360192 0.00233228 
0.0228997 -0.00654571 0.000526481 
-0.031 0.0226998 0.0014735 
0.0180356 0.0160788 -0.0126749 
-0.00580597 -0.009243670000000001 0.0194079 
-0.029 -0.00701712 0.0185234 
0.0280935 0.000708827 0.00530228 
-0.0207494 0.00877344 0.0173062 
0.00376092 -0.0347505 -0.00648973 
0.0115447 0.0224246 0.0009373749999999999 
0.0011 0.000248669 0.0160229 
-0.0191435 0.00305764 0.0242041 
-0.000365052 0.0167925 0.0133958 
0.00428902 -0.022249 0.00393412 
-0.031 -0.00626089 0.0153308 
-0.00526588 0.0379652 -0.0169082 
-0.00979794 0.0338865 0.00163508 
0.0343 0.0128294 -0.0181551 
0.0159 -0.0102004 0.0170316 
0.0343 0.0044858 -0.0218927 
0.0308319 0.00106174 -0.0131567 
-0.00586325 -0.0233308 -0.000827564 
0.00173919 0.0403292 0.00755739 
0.0134 -0.0192692 0.0100444 
0.00465912 0.0141181 -0.0166704 
0.0162246 -0.020164 0.0121034 
0.0134 0.00544289 0.0200202 
0.0259929 -0.000761003 -0.0057572 
0.0315199 -0.00478263 0.00724863 
-0.00719181 -0.030337 0.00414164 
-0.033 -0.000212559 0.00759454 
0.00838966 0.0300094 -0.00108928 
-0.00150798 0.0390694 -0.00905301 
0.0273861 0.0116766 0.009352650000000001 
-0.0171291 0.0442213 0.00174416 
0.00471704 0.0150141 0.00375075 
0.008263660000000001 0.0317116 0.00222964 
-0.00441417 0.0361073 -0.0136428 
0.0186074 -0.0208 -0.0108952 
 0.026 0.00165229 -0.00525091 
-0.0324505 -0.0186332 0.0139224 
-0.0308412 0.0200558 0.0155091 
0.017577 -0.00209731 -0.0203428 
-0.0110445 -0.0360586 0.00739003 
 0.029 -0.00557787 0.00611509 
0.008127580000000001 0.0337108 -0.00640833 
0.0264211 -0.018078 0.0151919 
0.016691 -0.0145813 -0.018411 
-0.00624317 -0.00632913 -0.0178434 
0.0320498 0.0147046 -2.457e-06 
-0.0221494 0.00411286 0.0254385 
-0.0325485 -0.008217449999999999 -0.01357 
0.0103005 0.00163091 -0.0225068 
-0.0175601 0.022433 0.00360579 
0.0159 0.0158168 0.010893 
-0.00133735 -0.0145949 0.0157313 
0.0321 0.0088086 -0.0202668 
0.01156 0.0006873959999999999 0.0224344 
0.0044 -0.00039677 0.012335 
 -0.03 0.0047003 0.00820393 
0.0321 -0.0132809 -0.00553295 
-0.0201214 -0.0161981 -0.019664 
-0.0168055 -0.0197348 -0.00967204 
0.0322683 -0.00539309 -0.0215457 
0.0382577 0.00339756 -0.0142873 
0.00605194 -0.0306261 -0.00605943 
0.0241511 0.0116211 0.0167582 
0.00948533 -0.0350621 0.007845319999999999 
-0.033 0.00112639 0.00247374 
-0.0226 -0.0243537 -0.00800908 
0.0130274 -0.0240075 -0.00424128 
0.009495109999999999 -0.0189145 0.00643495 
-0.031 0.0169939 -0.00517964 
0.0185417 -0.0217395 -0.008871749999999999 
0.0058818 0.0252168 0.00812682 
0.00466604 0.0390306 -0.0037734 
0.0343 -0.00232023 -0.0207071 
0.00396139 0.00518901 0.0145549 
0.0134 -0.00873182 0.0192424 
-0.0035214 0.0328212 -0.0110862 
0.0308309 0.008089020000000001 -0.00496947 
0.0208736 -0.0179271 0.00986272 
-0.0190391 0.019405 -0.0157521 
0.0134 -0.0214979 0.004481 
0.0064 0.00341119 -0.01788 
-0.0064501 0.0361132 -0.0144088 
4.02717e-05 0.0410718 0.00780609 
-0.0153033 0.0400238 -0.00290581 
-0.0211 0.0113179 -0.0176657 
0.0255295 -0.0213911 -0.009716270000000001 
-9.99999e-05 -0.00997964 -0.00640856 
0.000975154 -0.016408 0.0138532 
-0.00632049 0.0385929 -0.0117901 
 -0.03 0.00252149 0.000942175 
0.0230252 0.00370302 0.00523079 
0.00378436 -0.0276692 -0.00930428 
-0.0297812 -0.0177689 0.0184485 
-0.0274606 0.00457666 -0.0225089 
-0.0094526 -0.0188577 0.00208959 
-0.033 0.00660188 0.000435422 
0.0304823 0.0077691 0.00288789 
0.0170831 0.021811 0.00869843 
0.011952 0.0334965 -0.0048241 
0.0202474 0.0442295 -0.00292568 
-0.0315608 -0.00966418 0.0126818 
-0.00227283 -0.0345044 -0.00834056 
0.00140526 0.0218753 -0.00067844 
0.02686 -0.00311373 0.018189 
0.013792 -0.0143107 0.0194704 
-0.0109964 -0.0379273 -0.000330808 
0.0134 -0.0146763 0.0118223 
-0.0211 -0.0229599 -0.000593432 
0.0105844 0.03996 0.00529825 
0.0267322 -0.00311836 -0.00423904 
0.00184475 0.0317937 0.009805680000000001 
-0.0304292 0.0100493 -0.0234246 
-0.000126454 0.0140965 0.0162105 
-0.031 0.00257183 0.0183935 
-0.0226 0.00106716 -0.0248733 
0.00404976 -0.000502543 0.0154549 
0.022117 0.00286757 -0.00348267 
-0.00482992 -0.017259 -0.00771452 
0.00129274 0.009531090000000001 0.00638916 
-0.004236 -0.0348488 0.00613045 
0.0011 -0.0151135 -0.00115142 
-0.007968299999999999 0.0330686 0.00311115 
-0.0062345 -0.0160135 0.0102099 
-0.0192054 -0.0159798 -0.0111745 
0.0116267 -0.0196332 -0.00582399 
-0.00850679 0.0400506 -0.00634459 
0.0036 -0.008255810000000001 -0.010341 
-0.00713828 0.0392475 -0.00181304 
0.00389708 0.0320691 0.0112867 
0.00056261 0.00362558 0.0185225 
-0.0186 -0.00466053 -0.0248041 
0.0321 -0.0134096 -0.0133029 
0.0111462 0.00394995 0.0221254 
0.00488796 0.0346828 0.00334398 
0.0116467 0.00190475 0.0223108 
0.0321 0.0088667 -0.0109816 
0.0189046 -0.0204629 -0.00037247 
0.020313 -0.0040367 0.0200445 
0.0034 -0.00909073 0.00682569 
0.0139143 0.0130554 -0.00721822 
-0.0219314 -0.0228154 0.00553846 
-0.0282032 -0.0254965 0.00014042 
-0.0256044 0.018739 0.0132547 
0.0134 -0.00527461 -0.0147574 
-0.0289774 -0.0236786 -0.0113731 
0.00376912 -0.009016049999999999 -0.0195406 
-0.0334838 0.0130483 -0.00735202 
-0.0322786 0.0154658 -0.00374671 
-0.033475 -0.00509168 0.0107805 
-0.00964545 -0.0373685 -0.0154716 
-0.0188249 0.0267825 0.00926985 
-0.00475944 0.0325199 0.00856845 
-0.0129627 0.0307787 0.000900894 
0.0142478 0.01072 0.0215162 
0.0269428 -0.00630922 -0.009195679999999999 
0.0224397 -0.0232883 -0.00302825 
-0.00432936 -0.0189449 -0.00125668 
0.009915230000000001 0.00539429 0.0233044 
0.0154264 0.0369252 -0.008964069999999999 
0.0114222 0.00801459 -0.0209558 
-0.0300896 -0.00359678 -0.0282279 
0.0304026 -0.00641555 0.00506106 
0.0280683 0.0007482670000000001 0.00556428 
-0.0214675 0.00150482 -0.0254743 
-0.008574750000000001 -0.0105896 0.0186352 
0.00430752 -0.0187949 -0.0107223 
-0.00601983 0.0346596 0.00918355 
-0.029 -0.00357034 0.0149497 
-0.0226586 -0.00410473 -0.0263366 
-0.027153 -0.021202 0.0144613 
-0.0175378 0.0400116 -0.00133635 
0.0036 -0.00650329 -0.0132908 
0.0167321 -0.0201317 0.00379623 
-0.0211 0.00629512 0.0216422 
-0.0284202 -0.0208574 -0.00958522 
-0.0307832 0.026434 0.0103385 
-0.00529975 0.014486 -0.012251 
-0.029 0.0143844 -0.00541806 
0.0242547 -0.0199439 -0.0031251 
0.0303546 0.00046072 -0.0149468 
-0.00735028 0.03048 -0.00875777 
-0.029 0.0144214 0.00780414 
-0.0018981 0.0315537 0.0116418 
-0.0142849 -0.00464545 -0.020977 
-0.00437957 -0.0348116 0.00663307 
-0.0235982 -0.0138456 -0.0183643 
0.0343 0.00720334 -0.0195814 
-0.029 0.00137737 0.0195862 
0.011963 0.00736711 0.0211725 
-0.0215119 0.0252515 -0.00362542 
0.00472642 -0.0340405 0.00326311 
0.00353639 0.0308088 0.00947575 
0.00798427 -0.0173938 0.015653 
0.0141706 -0.0110858 0.00998451 
-0.0105758 0.0359333 0.00870784 
-0.00569565 -0.0329079 0.00127723 
0.0102901 0.0190889 -0.0120446 
0.0338291 -0.00683205 0.0211306 
-0.0106401 0.0304698 -0.0024209 
0.009900000000000001 0.0225132 -0.000244687 
0.0118188 0.00391357 0.0200606 
-0.0301374 -0.000528363 0.0256991 
0.0103268 -0.0382328 0.00345521 
-0.00957416 0.0337047 0.00274609 
-0.00558101 0.0149489 -0.0154318 
0.00593675 0.0383808 0.0154662 
0.0105652 0.00014836 -0.0240863 
0.0266785 0.0128542 -0.0132547 
-0.00686416 -0.0121564 -0.0145316 
-0.0118354 -0.0172896 -0.008179530000000001 
0.0258529 -0.0231764 -0.00408947 
-0.0226 0.0241788 -0.00153527 
0.0227338 0.00221116 0.00407903 
-0.000759529 0.0365353 0.0142541 
-0.0101702 -0.0183041 0.0112243 
-0.0288202 0.0228738 -0.00153176 
-0.020939 0.0105057 0.0232081 
0.00620342 -0.0115551 -0.0201727 
0.00981519 -0.0236442 0.00186138 
0.0337177 -0.0119524 -0.0189311 
0.0261057 -0.018993 0.00768253 
0.0173609 -0.0179323 0.0151755 
-0.0137315 -0.0373177 -0.00936331 
0.000684976 -0.0348548 0.00690886 
0.0285931 -0.0164266 -0.0178638 
-0.0226 -0.00832889 -0.0229134 
-0.028969 -0.0252893 -0.00329081 
0.00550123 -0.011953 0.00980951 
0.0302743 -0.00808853 0.0188266 
-0.031 0.0143305 -0.009985890000000001 
0.00615864 0.0210851 -0.00992957 
-0.0170498 -0.0165486 0.0148698 
 0.029 0.00778839 0.000551335 
-0.0062856 -0.0347998 -0.00016314 
0.0333989 -0.0184359 -0.012407 
0.0321 0.0149284 -0.0148884 
0.017095 0.0165539 -0.0166698 
0.0279118 0.00421574 -0.0143729 
0.0134 0.00958729 0.0121382 
0.00612152 -0.014793 0.00502143 
0.00949005 0.0304044 0.00597429 
-0.00905716 0.0132612 0.0135427 
-0.0142299 -0.0130011 0.017123 
0.0321 -0.0214263 0.00433825 
0.0257249 -0.0166071 0.00876151 
-0.0211 -0.0132599 -0.0186818 
0.0064 0.0166602 -7.81474e-05 
-0.033 0.00496099 -0.00771004 
0.00167225 0.0307561 0.00150437 
-0.0211 -0.0194835 0.009027500000000001 
 -0.03 0.000613728 0.0101247 
0.000706691 0.0327019 -0.0115228 
-0.031 0.0162885 -0.0116161 
0.00356742 0.0069446 0.017156 
-0.000900454 0.0360694 -0.00878054 
0.0271 -0.0060066 0.0194723 
0.0036 -0.0122391 0.00527502 
0.0275664 0.0107669 -0.010443 
-0.031 -0.012988 0.0104177 
-0.018 0.00165442 0.0207373 
-0.00889393 -0.0243018 0.004025 
0.00268018 0.00691319 -0.00915085 
0.0243332 0.00428506 -0.0231053 
-0.019052 -0.0100779 -0.016691 
0.0213768 -0.0204369 -0.000904149 
-0.008176920000000001 -0.0384054 -0.0123094 
-0.031 -0.016126 0.0122294 
0.021874 -0.0217997 0.008756979999999999 
-9.99999e-05 0.00841518 0.00839693 
-0.025426 0.0230966 -0.0136792 
0.0159 0.00238814 -0.016541 
-0.0217513 -0.0009927 0.0234376 
0.0159 -0.009173560000000001 -0.0150062 
0.0260177 0.0113872 -0.0145258 
-0.031 -0.0050662 -0.0173032 
-0.00390828 0.0248768 0.009232829999999999 
0.00473421 0.0333808 0.00727015 
 -0.03 -0.0057765 0.00360496 
-0.0157128 -0.0384764 -0.0031779 
-0.0225849 -0.0179478 -0.0154626 
-0.0167385 0.0218056 -0.00207092 
-0.0101368 0.0400142 -0.00167343 
-0.031 0.0194096 -0.0178024 
-0.00842506 -0.031612 -0.00071922 
-0.00998542 0.0347084 0.00291344 
0.0280622 -0.019086 -0.00745414 
-0.0263286 -0.00344754 -0.0241007 
-0.029 -0.00347025 0.0183787 
-0.0211 0.0190288 0.00551644 
-0.00374977 -0.0218341 0.00429492 
-0.00519493 -0.0030995 0.0186976 
-0.013969 0.00109953 -0.0194478 
0.011303 -0.00261485 0.0240096 
0.0238543 -0.0121225 -0.0164781 
0.0159 0.009099380000000001 -0.0160389 
0.009714240000000001 -0.00876541 0.021795 
-0.0192024 0.0202038 -0.0165611 
0.0121426 0.0173888 0.0141571 
0.0321 -0.018211 0.00694381 
-0.0335 0.0212339 -0.0136944 
-0.00803883 -0.0188104 -0.00244397 
-0.00287122 -0.0358699 -0.0168606 
0.0108934 -0.0203933 0.000359439 
0.01171 0.0162187 -0.0124268 
0.0105997 -0.0385339 0.00420601 
-0.00681295 0.0303594 -0.00482372 
-0.0206844 -0.0238954 0.0150723 
-0.031 0.00165056 0.0180109 
-0.0170876 -0.0379588 -0.00593913 
-0.0100206 -0.0226633 -0.00144855 
-0.031 -0.0215766 -0.00996848 
0.00931009 0.0331506 -0.00270089 
0.009915800000000001 0.00352021 0.0226595 
0.0294914 0.00562138 -0.0138516 
-0.00615392 0.0185484 -0.00381091 
0.021751 -0.00236723 0.00404307 
 0.019 -0.00247435 -0.00542398 
0.00674063 0.0332072 0.00539081 
-0.029 -0.00221406 -0.0199941 
0.0214866 0.0164262 0.0167861 
-0.0201038 0.00303764 0.0262935 
0.0326671 -0.0152938 -0.0174206 
0.0271386 0.00487528 0.0199115 
-0.0265899 -0.0198281 0.0164965 
0.00128851 0.0303359 0.0117167 
0.0307072 0.008602179999999999 -0.0070899 
0.0308096 0.00483595 -0.00531941 
0.0321 0.00411179 -0.0203324 
-0.0137832 -0.00384811 -0.01904 
-0.0306089 0.0248973 0.00667553 
0.0308049 -0.0175915 0.0105015 
0.0322642 0.0218466 -0.00410316 
0.0120372 -0.0223317 -0.00256098 
-0.0204377 0.00236789 -0.0253587 
-0.0294894 -0.000257132 -0.0267318 
0.0129565 0.0201973 0.00961364 
0.0245271 0.00922973 -0.018282 
0.0112626 -0.00349806 -0.0239709 
0.0334709 -0.00085715 0.0184723 
0.000694803 0.0401817 -0.00914589 
0.00407304 -0.0383932 -0.0138691 
0.00300887 -0.0152995 -0.00625869 
-0.0210348 -0.0111877 -0.0229362 
0.0220656 -0.0234984 -0.000161651 
-0.0277454 -0.0240134 -0.013326 
-0.0126304 0.000794631 0.0214687 
-0.031 0.00560202 0.0202535 
0.008889370000000001 -0.0358882 -0.0145033 
-0.034 0.00686016 -0.0105913 
0.0146141 0.0218392 0.009716499999999999 
-0.00607018 -0.0166462 0.009004460000000001 
-0.031 -0.0212661 0.0179138 
-0.0269625 0.0173319 -0.0150198 
-0.0177461 -0.00875445 0.0173533 
0.0153758 -0.00202248 -0.0235722 
-0.0261578 -0.0249404 0.00542198 
 0.029 0.00504278 0.00522455 
0.0321 0.0183615 -0.00462191 
-0.0186 0.0136753 -0.0197206 
0.0277534 -0.0148215 -0.0189208 
0.0165904 -0.0360123 0.00143684 
-0.007977079999999999 -0.0355357 0.00993511 
0.0146086 -0.036042 0.00525123 
0.0280202 0.0101652 -0.00852106 
-0.0168992 -0.0190502 0.0111925 
0.0134 0.0161462 -0.0103224 
0.000709937 -0.0232682 -0.00607913 
-0.031 0.0114524 -0.0160775 
-0.00317692 -0.0373727 0.0173893 
-0.033 0.00304455 -0.00924354 
-0.00045319 0.0346469 0.0108092 
0.00206318 -0.0377729 -0.0156442 
0.0134 0.00891366 -0.016268 
-0.0218734 0.0219947 -0.00827103 
-0.0185232 0.0431604 0.00187605 
-0.027033 -0.0182565 -0.0138745 
-0.00941351 0.0399575 0.00561317 
0.0171643 0.0372263 -0.00504048 
0.00770236 0.0318435 0.00362357 
0.0135228 -0.009376580000000001 0.0116158 
-0.0211 -0.0174426 -0.0132286 
0.0134 0.00349489 -0.0177731 
-0.0130061 0.01921 -0.00267573 
-0.0290163 -0.0268676 -0.00883661 
0.00968253 0.0112656 -0.0164592 
-0.0316043 0.0055267 0.0149259 
-0.0186 -0.0190486 0.0156688 
-0.00491518 0.0253925 0.00875509 
-0.000295412 -0.0272267 0.00966936 
0.00882755 0.0399504 0.00653053 
0.009900000000000001 0.00191851 0.0233121 
-0.00345158 -0.0158255 0.008935169999999999 
0.0110413 -0.0366224 0.0138948 
0.00718936 -0.037036 -0.008606010000000001 
0.0011 0.0116155 0.00744209 
-0.029 -0.000253174 -0.0150551 
0.0101758 0.0226397 0.000990573 
0.031182 0.0182006 -0.0163779 
-0.0294977 -0.00814461 -0.0241706 
-0.00478527 0.0385932 -0.0118275 
0.0339128 -0.0165164 0.0132174 
-0.013485 0.0194469 0.000217183 
0.0045 0.0278944 -0.000442601 
0.0064 0.00550981 0.0157936 
-0.0122937 0.0194852 0.00905125 
0.0064 -0.0106858 0.0123722 
0.00437895 -0.00190365 -0.0153826 
-0.029 -0.0131148 0.0149578 
-0.00218943 -0.0372605 -0.0110392 
0.000274002 -0.0218213 0.00265223 
-0.00417458 0.0180322 -0.0116664 
-0.0210981 0.0400014 -3.04789e-05 
0.0262462 0.0183995 0.00136865 
0.0292068 -0.0109803 -0.0172728 
0.000886389 0.0159337 -0.0143862 
0.0317339 0.0107095 0.0104382 
-0.009568419999999999 0.0209581 0.00548689 
0.0350246 0.00111378 -0.0107569 
0.0145383 -0.022513 0.00812392 
0.0101477 0.0152715 -0.0164208 
0.0164833 0.0218608 -0.008582930000000001 
0.00909455 -0.0356898 -0.00643234 
-0.0218088 -0.0213221 0.0187172 
-0.00137223 0.0346355 -0.010851 
0.0305895 0.0107509 -0.00406247 
-0.009825550000000001 0.0384155 0.0110001 
0.0164683 0.0361962 0.00740993 
0.0137872 0.00782849 -0.022887 
0.0123828 0.0144635 -0.0195866 
0.0011 0.00991938 0.0100747 
0.0124639 0.0194126 0.0147102 
0.00661363 0.0140537 -0.0140993 
-0.0186 0.00523346 0.0266447 
0.0342519 -0.0172316 -0.0170401 
-0.00464095 -0.0350763 -0.0122249 
0.0036 -0.000863342 0.0136138 
-0.009069280000000001 -0.0166615 0.00904024 
-0.015346 -0.00368194 0.0209989 
-0.031 -0.0103863 0.0217924 
0.021114 -0.0231458 0.0040241 
 0.026 -0.000731207 0.00282698 
-0.00743515 -0.0181484 0.0114133 
-0.000268941 0.0141142 -0.0126783 
0.0101234 -0.0137556 -0.0147622 
0.0101209 0.0196537 -0.00465214 
-0.00690444 0.0389906 0.0013657 
0.0191218 0.0211389 0.0102346 
-0.0311208 -0.0184416 0.0141749 
-0.0153757 -0.0119056 0.0178174 
0.0251 -0.00673593 0.00906734 
0.0280546 -0.0218862 -0.000187359 
-0.00391392 0.0306524 0.0108439 
-0.00360035 -0.0160679 -0.0142785 
0.0186866 -0.00572645 -0.0227778 
-0.004 -0.0141069 -0.012352 
0.00255808 0.00432567 0.0106331 
-0.000474715 0.0346487 0.0105773 
-0.00364959 -0.0386079 0.0137119 
0.000648882 0.0155808 0.0105176 
-0.0168443 -0.0359632 -0.00486695 
0.008841740000000001 0.0347741 -0.00553392 
-0.0296116 -0.011907 0.0226042 
-0.0317001 0.0116648 -0.0109461 
0.000655118 0.00758721 -0.0171915 
-0.031 -0.0200165 0.00478544 
0.00779795 -0.0344105 -0.00345594 
-0.00956043 0.0370868 -0.014933 
0.0314258 -0.00428283 0.00204182 
0.0205607 0.0197658 0.00538675 
-0.0221923 -0.015211 -0.0178838 
0.00612791 0.0337532 -0.00561019 
-0.033 -0.00279242 -0.0073079 
0.030118 0.00444867 0.019996 
-0.008078500000000001 0.0147643 0.0156269 
0.0112105 0.0101462 -0.0218995 
0.0318381 -0.000831222 0.009464200000000001 
-0.00201571 0.034747 0.00695007 
-0.00242412 -0.0254785 -0.00558431 
 0.029 -0.00159551 -0.00720594 
-0.0269009 -0.0251107 -0.00438331 
0.0367 0.00288847 -0.0140845 
-0.0335 -0.00233536 -0.0260698 
-0.008463969999999999 0.0313122 0.000471183 
0.00495331 -0.0118215 -0.00991246 
0.0064 -0.015387 0.0114297 
0.0109514 0.0345591 0.00459025 
-0.0157653 0.0112585 -0.0157916 
0.00487235 -0.0178601 -0.0128446 
-0.029 0.0225978 -0.00203497 
0.011287 -0.0141121 0.0196057 
-0.00901072 0.0365979 -0.00254675 
-0.0100697 0.0330241 -0.00578492 
-0.00310348 -0.0165365 -0.00736474 
0.0159 0.0154033 0.00268433 
-0.0106423 0.0403654 -0.00624802 
-0.029 0.000384911 -0.0132672 
0.0011 0.0126061 0.0107942 
0.009980559999999999 -0.0023339 0.0222697 
-0.0331133 0.00836991 0.0128226 
0.0011 -0.0151469 0.000245887 
0.0285896 -0.00189736 0.0133612 
-0.0324 -0.0203744 0.0163813 
-0.0190576 0.00261309 -0.0253259 
-0.0101272 0.0385648 -0.00818144 
0.0302709 -0.0130281 -0.0206502 
-0.029 -0.00747442 -0.016969 
0.0159 -0.00166334 0.0179675 
-0.031 0.0171961 0.00562513 
0.0321 0.00664555 0.00848733 
0.0044 0.00443825 -0.0110717 
0.0112874 0.033574 0.00122129 
0.0321 -0.0136006 0.0135004 
0.0287373 -0.0230153 0.007829859999999999 
0.0320947 -0.0115364 -0.000642189 
0.00298088 -0.0296811 0.00920528 
0.0247766 0.00720909 4.7402e-05 
-0.0174642 0.0219362 0.00531156 
0.0236411 0.00449407 -0.00598568 
-0.00514538 0.0178531 -0.0119482 
0.0292971 -0.0049096 -0.0049367 
-0.00996025 0.0349597 0.00531765 
0.0187245 -0.0202818 0.0118505 
0.0153763 0.00725985 0.017134 
0.0252726 0.0105127 -0.0210129 
-0.008785609999999999 -0.0280913 -0.0047049 
0.00532851 0.0402939 -0.00493543 
-0.00256906 0.0322049 0.00946525 
0.0105187 -0.00209042 -0.022294 
0.0271 0.0129194 -0.0137905 
0.00341825 0.00726214 0.0169432 
0.0311642 0.00122527 -0.0135509 
0.0124963 0.03426 0.00380815 
0.0250677 -0.00743327 -0.000820668 
0.027075 -0.00272062 -0.00414319 
-0.00282463 -0.0384008 -0.012898 
-0.031 0.0221282 -0.0158549 
0.0134 -0.00654652 0.019656 
0.0238597 0.00189239 -0.0203984 
0.0159 0.00424169 -0.0167435 
0.0011 -0.0142795 0.00916926 
-0.031 -0.00142141 -0.0225833 
-0.00160924 -0.0131712 -0.0130047 
-0.0245093 -0.002294 -0.0241351 
0.0261465 -0.0046802 9.48328e-05 
0.00424457 0.0381664 0.0104384 
-0.0210195 0.0187862 0.017313 
 0.029 -0.00271584 -0.0084428 
0.0343 0.0196293 -0.009938870000000001 
-0.008695680000000001 -0.0235471 -0.00489533 
-0.00111079 0.0334788 0.013199 
-0.0335 -0.0116734 -0.00896185 
-0.027653 0.0249306 0.0131841 
0.0321 -0.0141075 -0.0199451 
0.00919126 0.0372806 0.0157582 
-0.031 -0.0162024 -0.0185234 
0.0243114 -0.0198141 -0.00319192 
0.0309577 0.0133547 -0.00297262 
-0.0113637 0.040021 -0.00253613 
-0.0222046 0.0236893 0.0109259 
0.0241189 -0.00671834 0.0193105 
-0.0217472 -0.0104404 0.021001 
0.00104296 0.009442799999999999 0.0155514 
0.0321 0.01545 0.0135907 
0.0321 0.00286538 0.00948215 
-0.029 0.0110821 -0.0176705 
-0.012673 0.0368635 0.00655522 
0.010487 0.00222647 0.0203025 
 0.029 0.00130983 -0.00155524 
0.0025773 -0.0217833 -0.0022266 
-0.0335 -0.0195951 0.0170531 
0.030967 -0.00182432 0.0204004 
-0.0231506 -0.0206021 -0.0150099 
-0.0129167 0.0211703 -0.00370104 
-0.0258068 -0.00237586 -0.0264938 
0.0011 -0.01687 -0.00196441 
0.0209265 -0.0134488 0.0154419 
0.0154089 0.00733743 -0.0130432 
0.0242303 -0.0144872 0.0184873 
-0.0183597 0.00540294 -0.0229122 
-0.00626162 -0.0348352 0.00438345 
-0.0245353 0.022935 -0.000733506 
0.0011 0.00761819 -0.0141599 
 0.029 -0.00729431 0.00468518 
0.031848 0.00272789 0.00913898 
-0.0139631 -0.0197202 -0.00841891 
-0.0187283 0.0097191 0.0233376 
-0.00709408 -0.0305804 -0.00480759 
0.016293 -0.0204261 -0.000677953 
0.0319627 -0.0155451 -0.0188479 
0.0203903 -0.00527728 0.000492953 
-0.0231053 -0.00190714 -0.0260148 
0.0146103 0.038034 -0.0101984 
-0.00152714 0.017034 -0.0130891 
0.0322391 0.00631411 -0.021296 
-0.0226 -0.00450705 -0.0239021 
-0.00543781 -0.0386264 0.016086 
-0.0101791 0.0303678 0.00582079 
-0.0212778 -0.0213198 -0.0140263 
0.000272916 -0.00213759 -0.0213845 
-0.0025265 0.0115519 0.0139912 
-0.0198764 0.000462679 0.0274506 
-0.00950814 0.0429871 0.0018249 
-0.0215666 -0.0233775 0.0162624 
-0.0107175 0.0142693 0.0123981 
0.0168686 0.0145527 0.0144215 
0.0193939 0.00366969 -0.00324135 
-0.0287284 -0.0177286 0.0145626 
0.0271 0.00255468 -0.0185836 
-0.00973738 -0.0230384 0.0019985 
-0.00637203 0.0304957 -0.009431449999999999 
-0.0220654 0.0227615 -0.0132747 
0.0125899 0.0211461 -0.00745648 
0.0108618 -0.000744433 0.0224617 
0.0149 -0.00503323 -0.0154228 
-0.029 -0.0224911 -0.00293849 
-0.017029 -0.0193073 -0.00183029 
-0.0165713 0.0360261 -0.0032125 
-0.00480459 -0.0075947 -0.0174155 
0.00152693 -0.0375435 0.0154021 
0.0133912 0.000103083 0.0204206 
-0.0101837 0.0345972 0.00151821 
-0.0222764 0.00339879 0.0240929 
-0.0216078 0.0144906 0.020955 
0.0307 0.00375073 -0.00502111 
0.0159 0.0151367 0.00453845 
0.0326557 0.00490086 0.0177871 
0.0159 -0.008715540000000001 0.0165206 
0.00087675 0.00445474 0.01802 
0.008538830000000001 0.0186084 0.00717802 
0.014428 0.0200235 0.0131914 
-0.00229669 0.0135164 -0.0166941 
-0.0304269 0.0194706 0.016535 
-0.0110274 9.468480000000001e-05 0.0189381 
-0.011027 0.0207561 0.00554391 
-0.0301361 0.00393489 0.0281861 
0.0045 0.0344807 -0.00154964 
0.0130886 -0.0359268 -0.00955048 
0.009123010000000001 0.0385934 -0.0118491 
0.009900000000000001 -0.0198069 0.012935 
-0.031 -0.0140386 -0.0204387 
0.0314481 0.0129962 0.0206702 
-0.0115393 0.035728 0.00613691 
0.0190492 -0.0219909 0.008253379999999999 
-0.00768762 0.0346448 -0.00679864 
-0.00591997 -0.0254026 -0.000231539 
0.0124398 -0.018073 0.0163942 
0.031045 0.00508069 -0.00709828 
0.0122827 -0.007906450000000001 -0.0230444 
 -0.03 -0.00218726 0.00382202 
-0.00995885 0.0328464 0.00667156 
0.0159 -0.008698060000000001 -0.0168576 
0.00458433 -0.015411 -0.00141906 
 -0.03 0.00396675 -0.00235243 
-0.0213439 -0.00202808 0.0233317 
0.00966821 0.0350428 -0.00536495 
-0.0226 -0.0211686 -0.0131829 
0.00591516 -0.0330125 -0.000342675 
0.00490272 0.027217 -0.008331730000000001 
-0.00373909 0.00117809 -0.0214264 
-0.000111919 -0.0139834 -0.0162922 
0.00781239 -0.0176732 0.0153289 
-0.0265567 -0.0100461 -0.0206589 
0.0321 -0.008815089999999999 0.0218065 
0.00645408 0.0215106 0.009455460000000001 
-0.00470903 0.0175317 0.0124416 
0.0064 -0.00156605 -0.0166614 
0.00563424 0.0055803 0.0161547 
-0.00289238 0.00923414 -0.0155996 
-0.00514704 0.0316242 0.00697213 
0.00478793 0.00477138 -0.0214107 
0.0193723 -0.0180865 -0.00961006 
0.0121331 0.0429742 0.00348747 
0.0104197 0.0347214 0.00124043 
0.0113603 -0.0204493 0.009356049999999999 
0.0196745 0.00573665 -0.0196302 
0.0251 0.0102351 -0.00174305 
0.008267729999999999 -0.0145991 -0.0182865 
-0.0275767 0.0255143 -0.00105327 
0.0159 -0.00222983 0.0161459 
0.00014222 -0.0227822 -0.00607534 
0.008311870000000001 -0.0201484 -0.0119141 
0.0126865 0.0192559 0.00676634 
-0.031 -0.0148215 -0.0116437 
-0.0108637 0.0378071 -0.0140401 
0.0201026 0.00258573 0.00411782 
-0.00374219 0.00055441 -0.021478 
0.0343 0.00959984 0.018979 
-0.0180771 0.0226876 -0.00484796 
-0.00904406 -0.0300274 0.00340377 
 0.026 -0.0056081 0.00141511 
0.0186096 -0.0106446 -0.0174647 
-0.0259623 0.0245764 0.009351470000000001 
0.032128 0.0126308 0.0135021 
0.009619620000000001 0.0318636 0.00172533 
-0.031 0.0105937 0.021578 
-0.033 0.00626942 -0.00277635 
-0.033 0.00113435 0.00284774 
-0.0202057 0.0255072 0.00128955 
-0.0226 0.0046 0.0268027 
0.0134 0.0201321 -0.00274682 
-0.0335 0.00721348 0.0112998 
0.0282258 -0.00448344 -0.00118455 
 -0.03 0.0114242 0.00400887 
0.0300877 0.00864796 -0.00687264 
-0.0152991 -0.0165197 -0.0137304 
-0.00804856 -0.0170617 0.0129288 
0.00994332 0.00101439 -0.0228519 
0.0100902 -0.0161799 0.0176655 
-0.0226 -0.0253652 -0.009583660000000001 
0.0159673 0.038545 -0.00562782 
-0.0134357 -0.00436311 -0.0210404 
0.0271 -0.0113147 -0.0102887 
0.000485736 -0.00927033 -0.0193854 
-0.0226 -0.0222398 0.00975956 
0.00485621 0.0349156 0.0109835 
0.0393518 0.000941405 -0.0131909 
0.0125983 -0.0360715 0.009045040000000001 
-0.0208334 -0.0119008 -0.0153563 
0.0140061 -0.0101143 -0.011047 
-0.00505343 -0.0323655 0.00284311 
-0.00881643 -0.0384545 0.00655096 
-0.0212139 0.0101847 -0.0211781 
-0.00222752 0.030363 0.0112969 
0.0115979 -0.00151064 0.0241718 
0.0251 -0.000217558 -0.0109257 
-0.0255121 0.0197854 -0.0142595 
 0.026 -0.000376811 -0.00759406 
0.0109634 -0.0116894 0.0191987 
-0.031 0.0195442 0.00336221 
0.0134 0.0202839 0.008081069999999999 
0.0273312 0.0106417 0.0174471 
-0.031 -0.00755903 -0.0148917 
0.000526517 0.0257059 0.0100356 
-0.0171856 -0.008845270000000001 0.0204898 
0.0251975 -0.00559966 0.0146686 
-0.00834844 0.0125986 -0.0173353 
0.00120866 0.0335889 0.0131968 
-0.0207201 -0.0114167 0.0156811 
0.0159 -0.015439 -0.000162644 
0.00676106 0.0249978 0.0074265 
0.0011 0.00275956 -0.0128623 
-0.00481928 0.0329913 -0.00810637 
0.000384315 0.0310547 -0.00185444 
0.0077298 0.0194208 -0.0131636 
0.0177545 -0.000397288 0.0234944 
-0.031 0.0107513 -0.0144981 
0.030148 -0.0203438 0.00230396 
0.00400884 0.000729769 0.0183524 
 -0.03 0.000367741 -0.00301107 
-0.0330454 0.0251661 0.008455209999999999 
0.0034 0.008573900000000001 -0.00651433 
0.0269708 -0.00561888 0.0146609 
0.0158844 0.0130476 -0.00723228 
0.0135851 -0.0138884 0.00558084 
-0.0241492 0.0121637 0.0195156 
 -0.03 0.00412549 0.00116145 
-0.000304075 0.0389542 0.00603537 
0.010278 -0.0124945 0.0186924 
0.0149068 -0.0174193 0.00706229 
0.0285158 -0.00374118 -0.00567923 
0.0290724 0.013033 0.0206374 
 0.032 0.00317942 0.00416163 
-0.0243308 0.00398153 0.0264738 
-0.0211 0.0147807 -0.0162282 
-0.029882 -0.026593 -0.010176 
0.0130736 0.008236469999999999 -0.0208654 
-0.0102894 0.0173437 0.00768379 
0.0313972 0.00321425 0.00115423 
0.0271899 -0.0238255 0.00105269 
0.026379 -0.0137517 0.019189 
-0.00622917 0.0403202 -0.00380084 
3 929 798 577 
3 798 929 863 
3 798 779 577 
3 218 240 53 
3 629 426 944 
3 662 629 944 
3 182 798 863 
3 182 580 798 
3 580 182 690 
3 389 491 240 
3 511 340 240 
3 340 389 240 
3 764 511 240 
3 978 929 577 
3 149 662 472 
3 149 629 662 
3 149 621 629 
3 597 621 824 
3 829 597 863 
3 597 182 863 
3 182 597 690 
3 580 597 824 
3 597 580 690 
3 629 891 426 
3 621 891 629 
3 597 891 621 
3 378 36 868 
3 389 36 222 
3 36 378 222 
3 494 378 537 
3 378 494 222 
3 580 69 798 
3 69 580 824 
3 71 69 824 
3 378 993 537 
3 993 69 537 
3 69 993 798 
3 993 378 868 
3 993 779 798 
3 102 866 240 
3 866 102 820 
3 240 866 53 
3 102 626 820 
3 626 102 242 
3 244 102 240 
3 491 244 240 
3 102 244 242 
3 242 244 944 
3 340 710 389 
3 710 340 511 
3 779 710 577 
3 710 36 389 
3 36 710 868 
3 993 710 779 
3 218 912 240 
3 912 764 240 
3 764 912 218 
3 929 727 863 
3 727 978 863 
3 978 727 929 
3 860 654 863 
3 528 978 577 
3 528 764 218 
3 978 528 218 
3 710 528 577 
3 764 528 511 
3 528 710 511 
3 186 776 209 
3 209 776 944 
3 776 242 944 
3 426 915 944 
3 915 209 944 
3 207 218 53 
3 207 259 218 
3 782 11 863 
3 869 11 782 
3 533 494 824 
3 494 533 763 
3 621 533 824 
3 149 225 621 
3 225 533 621 
3 225 149 472 
3 662 225 472 
3 40 225 662 
3 507 71 824 
3 69 507 537 
3 507 69 71 
3 494 507 824 
3 507 494 537 
3 566 491 389 
3 733 389 222 
3 783 993 868 
3 710 783 868 
3 783 710 993 
3 434 654 259 
3 434 207 782 
3 207 434 259 
3 434 782 863 
3 654 434 863 
3 978 266 863 
3 266 860 863 
3 860 266 978 
3 404 978 218 
3 404 860 978 
3 860 404 654 
3 654 404 259 
3 328 776 186 
3 328 207 53 
3 207 328 186 
3 626 328 820 
3 328 626 242 
3 776 328 242 
3 866 328 53 
3 328 866 820 
3 39 915 426 
3 915 39 869 
3 891 39 426 
3 39 829 863 
3 39 597 829 
3 39 891 597 
3 11 39 863 
3 39 11 869 
3 915 45 209 
3 45 915 869 
3 45 186 209 
3 45 207 186 
3 45 869 782 
3 207 45 782 
3 533 154 763 
3 154 662 222 
3 448 781 662 
3 662 781 222 
3 781 733 222 
3 259 603 218 
3 603 404 218 
3 404 603 259 
3 569 154 222 
3 154 569 763 
3 494 569 222 
3 569 494 763 
3 225 83 533 
3 83 154 533 
3 83 225 40 
3 83 40 662 
3 154 83 662 
3 301 781 448 
3 301 448 662 
3 301 662 944 
3 244 301 944 
3 781 288 733 
3 288 301 244 
3 301 288 781 
3 288 244 491 
3 566 288 491 
3 288 566 389 
3 733 288 389 
Vertices and facets:
- p929(v16): -0.034 0.0072 0.011
- p798(v9): -0.034 -0.02 0.017
- p577(v1): -0.034 0.0069 -0.011
- p863(v5): -0.03 0.0039 0.028
- p779(v22): -0.034 -0.012 -0.009
- p218(v26): -0.022 0.044 -0.0014
- p240(v7): -0.0053 0.038 -0.017
- p53(v4): 0.017 0.046 -0.0026
- p629(v30): 0.034 -0.017 0.013
- p426(v8): 0.034 -0.0068 0.021
- p944(v2): 0.039 0.00094 -0.013
- p662(v29): 0.034 -0.017 -0.017
- p182(v33): -0.029 -0.0089 0.024
- p580(v32): -0.031 -0.021 0.018
- p690(v17): -0.03 -0.012 0.023
- p491(v39): 0.024 0.0043 -0.023
- p389(v24): -0.03 -0.0036 -0.028
- p340(v40): -0.03  0.01 -0.023
- p511(v21): -0.031 0.019 -0.018
- p764(v43): -0.031 0.022 -0.016
- p978(v44): -0.033 0.025 0.0085
- p149(v48): 0.033 -0.019 0.011
- p472(v14): 0.032 -0.021 0.0043
- p621(v31): 0.011 -0.037 0.014
- p597(v50): -0.0032 -0.037 0.017
- p824(v3): -0.0054 -0.039 0.016
- p829(v15): -0.02 0.00046 0.027
- p891(v51): 0.032 -0.0088 0.022
- p36(v54): -0.03 -0.0059 -0.027
- p378(v35): -0.0096 -0.037 -0.015
- p868(v11): -0.031 -0.014 -0.02
- p222(v6): 0.0012 -0.038 -0.018
- p494(v55): -0.0082 -0.038 -0.012
- p537(v18): -0.017 -0.038 -0.0059
- p69(v56): -0.031 -0.023 0.015
- p71(v52): -0.016 -0.036 0.0081
- p993(v59): -0.03 -0.027 -0.01
- p866(v60): 0.0091 0.039 -0.012
- p102(v37): 0.032 0.015 -0.018
- p820(v19): 0.015 0.038 -0.01
- p626(v61): 0.031 0.018 -0.016
- p242(v10): 0.034 0.013 -0.018
- p244(v62): 0.034 0.0045 -0.022
- p710(v64): -0.034 -0.0023 -0.026
- p912(v66): -0.011 0.038 -0.014
- p727(v67): -0.033 0.0084 0.013
- p860(v68): -0.03 0.019 0.017
- p654(v65): -0.0098 0.038 0.011
- p528(v69): -0.034 0.021 -0.014
- p776(v70): 0.034  0.02 -0.0099
- p186(v45): 0.021 0.043 0.0028
- p209(v13): 0.032 0.022  0.01
- p915(v71): 0.034 0.0096 0.019
- p207(v72): 0.018 0.045 0.0042
- p259(v42): -0.017 0.044 0.0017
- p11(v73): -0.024 0.0062 0.027
- p782(v28): 0.0092 0.037 0.016
- p869(v46): 0.031 0.013 0.021
- p533(v75): 0.011 -0.039 0.0042
- p763(v34): -0.0028 -0.038 -0.013
- p225(v77): 0.017 -0.036 0.0023
- p40(v76): 0.016 -0.036 -0.0042
- p507(v79): -0.016 -0.038 -0.0032
- p566(v81): 0.011 -0.0035 -0.024
- p733(v82):  0.03 -0.013 -0.021
- p783(v83): -0.031 -0.016 -0.019
- p434(v85): 0.0059 0.038 0.015
- p266(v86): -0.031  0.02 0.016
- p404(v88): -0.031 0.026  0.01
- p328(v89):  0.02 0.044 -0.0029
- p39(v90): 0.033 -0.0017 0.024
- p45(v91): 0.032 0.016 0.018
- p154(v93): 0.0086 -0.038 -0.013
- p781(v95): 0.032 -0.014 -0.02
- p448(v47): 0.034 -0.012 -0.019
- p603(v96): -0.019 0.043 0.0019
- p569(v97): 0.0041 -0.038 -0.014
- p83(v98): 0.012 -0.037 -0.0093
- p301(v99): 0.034 -0.0023 -0.021
- p288(v100): 0.032 -0.0054 -0.022
- f50
    - flags: top simplicial
    - normal:   -0.9997 0.004883  0.02276
    - offset: -0.03378328
    - vertices: p929(v16) p798(v9) p577(v1)
    - neighboring facets: f72 f179 f51
- f51
    - flags: bottom simplicial
    - normal:   -0.9781  0.04364   0.2033
    - offset: -0.03537994
    - vertices: p929(v16) p798(v9) p863(v5)
    - neighboring facets: f126 f299 f50
- f72
    - flags: bottom simplicial
    - normal:   -0.9996 -0.02771 -0.008437
    - offset: -0.03388501
    - vertices: p779(v22) p798(v9) p577(v1)
    - neighboring facets: f50 f285 f261
- f89
    - flags: top simplicial
    - normal:  -0.04234   0.9094  -0.4138
    - offset: -0.0417445
    - vertices: p218(v26) p240(v7) p53(v4)
    - neighboring facets: f265 f327 f296
- f111
    - flags: top simplicial
    - normal:    0.9855  -0.1022   0.1354
    - offset: -0.03689863
    - vertices: p629(v30) p426(v8) p944(v2)
    - neighboring facets: f319 f112 f220
- f112
    - flags: bottom simplicial
    - normal:    0.9617  -0.2735  0.01724
    - offset: -0.03735993
    - vertices: p629(v30) p662(v29) p944(v2)
    - neighboring facets: f453 f111 f202
- f126
    - flags: top simplicial
    - normal:   -0.5669  -0.2847    0.773
    - offset: -0.03775228
    - vertices: p182(v33) p798(v9) p863(v5)
    - neighboring facets: f51 f216 f129
- f129
    - flags: top simplicial
    - normal:   -0.4969  -0.3301   0.8025
    - offset: -0.03680194
    - vertices: p182(v33) p580(v32) p798(v9)
    - neighboring facets: f247 f126 f130
- f130
    - flags: bottom simplicial
    - normal:   -0.4454  -0.3475   0.8252
    - offset: -0.0359782
    - vertices: p182(v33) p580(v32) p690(v17)
    - neighboring facets: f219 f217 f129
- f153
    - flags: bottom simplicial
    - normal:   0.05815   0.2299  -0.9715
    - offset: -0.02484645
    - vertices: p491(v39) p389(v24) p240(v7)
    - neighboring facets: f160 f272 f365
- f159
    - flags: bottom simplicial
    - normal:   -0.3138   0.4748  -0.8223
    - offset: -0.03358018
    - vertices: p340(v40) p511(v21) p240(v7)
    - neighboring facets: f171 f160 f284
- f160
    - flags: top simplicial
    - normal:     -0.12    0.327  -0.9374
    - offset: -0.02889472
    - vertices: p340(v40) p389(v24) p240(v7)
    - neighboring facets: f153 f159 f283
- f171
    - flags: top simplicial
    - normal:   -0.3647   0.5422  -0.7569
    - offset: -0.0353056
    - vertices: p764(v43) p511(v21) p240(v7)
    - neighboring facets: f159 f297 f311
- f179
    - flags: top simplicial
    - normal:   -0.9993  0.02885  0.02236
    - offset: -0.03393843
    - vertices: p978(v44) p929(v16) p577(v1)
    - neighboring facets: f50 f307 f301
- f201
    - flags: top simplicial
    - normal:    0.8965  -0.4431 0.003302
    - offset: -0.03828472
    - vertices: p149(v48) p662(v29) p472(v14)
    - neighboring facets: f352 f350 f202
- f202
    - flags: top simplicial
    - normal:    0.9571  -0.2892  0.01756
    - offset: -0.03746711
    - vertices: p149(v48) p629(v30) p662(v29)
    - neighboring facets: f112 f201 f204
- f204
    - flags: top simplicial
    - normal:    0.5568  -0.6146   0.5588
    - offset: -0.03641939
    - vertices: p149(v48) p621(v31) p629(v30)
    - neighboring facets: f221 f202 f348
- f212
    - flags: top simplicial
    - normal:    0.1705  -0.8411   0.5133
    - offset: -0.03981831
    - vertices: p597(v50) p621(v31) p824(v3)
    - neighboring facets: f340 f218 f222
- f215
    - flags: bottom simplicial
    - normal:  -0.02075  -0.2655   0.9639
    - offset: -0.02674899
    - vertices: p597(v50) p829(v15) p863(v5)
    - neighboring facets: f410 f216 f411
- f216
    - flags: top simplicial
    - normal:   -0.1094  -0.3176   0.9419
    - offset: -0.0285962
    - vertices: p597(v50) p182(v33) p863(v5)
    - neighboring facets: f126 f215 f217
- f217
    - flags: bottom simplicial
    - normal:   -0.1989  -0.3906   0.8988
    - offset: -0.03085832
    - vertices: p597(v50) p182(v33) p690(v17)
    - neighboring facets: f130 f219 f216
- f218
    - flags: bottom simplicial
    - normal:   -0.2448  -0.4508   0.8584
    - offset: -0.03255363
    - vertices: p597(v50) p580(v32) p824(v3)
    - neighboring facets: f248 f212 f219
- f219
    - flags: top simplicial
    - normal:    -0.221  -0.4106   0.8846
    - offset: -0.03142934
    - vertices: p597(v50) p580(v32) p690(v17)
    - neighboring facets: f130 f217 f218
- f220
    - flags: bottom simplicial
    - normal:    0.7154  -0.4384   0.5441
    - offset: -0.03869338
    - vertices: p891(v51) p629(v30) p426(v8)
    - neighboring facets: f111 f409 f221
- f221
    - flags: bottom simplicial
    - normal:    0.5247  -0.5758    0.627
    - offset: -0.03559218
    - vertices: p891(v51) p621(v31) p629(v30)
    - neighboring facets: f204 f220 f222
- f222
    - flags: bottom simplicial
    - normal:     0.237  -0.4277   0.8723
    - offset: -0.03039887
    - vertices: p891(v51) p597(v50) p621(v31)
    - neighboring facets: f212 f221 f412
- f233
    - flags: bottom simplicial
    - normal:   -0.4487  -0.5592  -0.6971
    - offset: -0.03600858
    - vertices: p36(v54) p378(v35) p868(v11)
    - neighboring facets: f260 f288 f237
- f236
    - flags: bottom simplicial
    - normal:  -0.02996  -0.3071  -0.9512
    - offset: -0.02885675
    - vertices: p36(v54) p389(v24) p222(v6)
    - neighboring facets: f373 f237 f286
- f237
    - flags: top simplicial
    - normal:   -0.2272  -0.4733  -0.8511
    - offset: -0.0330445
    - vertices: p36(v54) p378(v35) p222(v6)
    - neighboring facets: f241 f236 f233
- f238
    - flags: top simplicial
    - normal:   -0.2039  -0.9544  -0.2183
    - offset: -0.04100619
    - vertices: p494(v55) p378(v35) p537(v18)
    - neighboring facets: f257 f361 f241
- f241
    - flags: bottom simplicial
    - normal:  -0.08884  -0.9579  -0.2729
    - offset: -0.04087536
    - vertices: p494(v55) p378(v35) p222(v6)
    - neighboring facets: f237 f443 f238
- f247
    - flags: bottom simplicial
    - normal:   -0.5941  -0.6333   0.4961
    - offset: -0.04076909
    - vertices: p69(v56) p580(v32) p798(v9)
    - neighboring facets: f129 f259 f248
- f248
    - flags: top simplicial
    - normal:   -0.4404  -0.7068   0.5536
    - offset: -0.0386007
    - vertices: p69(v56) p580(v32) p824(v3)
    - neighboring facets: f218 f249 f247
- f249
    - flags: bottom simplicial
    - normal:   -0.4828  -0.7864   0.3853
    - offset: -0.03919947
    - vertices: p69(v56) p71(v52) p824(v3)
    - neighboring facets: f357 f248 f359
- f257
    - flags: bottom simplicial
    - normal:   -0.5089   -0.738   -0.443
    - offset:  -0.039343
    - vertices: p993(v59) p378(v35) p537(v18)
    - neighboring facets: f238 f258 f260
- f258
    - flags: top simplicial
    - normal:   -0.6746  -0.7353  0.06476
    - offset: -0.03905445
    - vertices: p993(v59) p69(v56) p537(v18)
    - neighboring facets: f358 f257 f259
- f259
    - flags: bottom simplicial
    - normal:   -0.8219  -0.5684  0.03687
    - offset: -0.03930111
    - vertices: p993(v59) p69(v56) p798(v9)
    - neighboring facets: f247 f261 f258
- f260
    - flags: top simplicial
    - normal:   -0.4809  -0.5802  -0.6573
    - offset: -0.0364892
    - vertices: p993(v59) p378(v35) p868(v11)
    - neighboring facets: f233 f376 f257
- f261
    - flags: top simplicial
    - normal:   -0.9707  -0.2297 -0.06995
    - offset: -0.03582824
    - vertices: p993(v59) p779(v22) p798(v9)
    - neighboring facets: f72 f259 f292
- f263
    - flags: bottom simplicial
    - normal:    0.2718    0.482  -0.8329
    - offset: -0.03095137
    - vertices: p866(v60) p102(v37) p240(v7)
    - neighboring facets: f271 f265 f264
- f264
    - flags: top simplicial
    - normal:    0.2958   0.5007  -0.8136
    - offset: -0.03166004
    - vertices: p866(v60) p102(v37) p820(v19)
    - neighboring facets: f268 f406 f263
- f265
    - flags: bottom simplicial
    - normal:    0.2165   0.6803  -0.7002
    - offset: -0.03652844
    - vertices: p866(v60) p240(v7) p53(v4)
    - neighboring facets: f89 f405 f263
- f268
    - flags: bottom simplicial
    - normal:    0.2963   0.5009  -0.8132
    - offset: -0.03167385
    - vertices: p626(v61) p102(v37) p820(v19)
    - neighboring facets: f264 f402 f270
- f270
    - flags: top simplicial
    - normal:    0.4655   0.5096  -0.7236
    - offset: -0.03564087
    - vertices: p626(v61) p102(v37) p242(v10)
    - neighboring facets: f273 f403 f268
- f271
    - flags: top simplicial
    - normal:    0.2088   0.3809  -0.9007
    - offset: -0.02859028
    - vertices: p244(v62) p102(v37) p240(v7)
    - neighboring facets: f263 f272 f273
- f272
    - flags: bottom simplicial
    - normal:    0.1108   0.2732  -0.9556
    - offset: -0.02594434
    - vertices: p244(v62) p491(v39) p240(v7)
    - neighboring facets: f153 f271 f458
- f273
    - flags: bottom simplicial
    - normal:    0.3084   0.3889  -0.8681
    - offset: -0.03132929
    - vertices: p244(v62) p102(v37) p242(v10)
    - neighboring facets: f270 f275 f271
- f275
    - flags: bottom simplicial
    - normal:    0.8807   0.1937  -0.4324
    - offset: -0.04054083
    - vertices: p244(v62) p242(v10) p944(v2)
    - neighboring facets: f315 f454 f273
- f283
    - flags: bottom simplicial
    - normal:    -0.433   0.2897  -0.8536
    - offset: -0.03608167
    - vertices: p710(v64) p340(v40) p389(v24)
    - neighboring facets: f160 f286 f284
- f284
    - flags: top simplicial
    - normal:   -0.7429   0.3108  -0.5929
    - offset: -0.03961696
    - vertices: p710(v64) p340(v40) p511(v21)
    - neighboring facets: f159 f312 f283
- f285
    - flags: bottom simplicial
    - normal:   -0.9995 -0.02832 -0.01546
    - offset: -0.03395173
    - vertices: p710(v64) p779(v22) p577(v1)
    - neighboring facets: f72 f310 f292
- f286
    - flags: top simplicial
    - normal:   -0.5801  -0.2333  -0.7804
    - offset: -0.04032408
    - vertices: p710(v64) p36(v54) p389(v24)
    - neighboring facets: f236 f283 f288
- f288
    - flags: bottom simplicial
    - normal:   -0.7008  -0.4253  -0.5728
    - offset: -0.03940072
    - vertices: p710(v64) p36(v54) p868(v11)
    - neighboring facets: f233 f377 f286
- f292
    - flags: bottom simplicial
    - normal:   -0.9667  -0.2245  -0.1225
    - offset: -0.03610438
    - vertices: p710(v64) p993(v59) p779(v22)
    - neighboring facets: f261 f285 f378
- f296
    - flags: bottom simplicial
    - normal:    -0.349   0.6813  -0.6435
    - offset: -0.0385823
    - vertices: p912(v66) p218(v26) p240(v7)
    - neighboring facets: f89 f297 f298
- f297
    - flags: top simplicial
    - normal:    -0.385   0.5778  -0.7196
    - offset: -0.03613179
    - vertices: p912(v66) p764(v43) p240(v7)
    - neighboring facets: f171 f296 f298
- f298
    - flags: bottom simplicial
    - normal:   -0.4185   0.6148  -0.6685
    - offset: -0.03717703
    - vertices: p912(v66) p764(v43) p218(v26)
    - neighboring facets: f308 f296 f297
- f299
    - flags: bottom simplicial
    - normal:    -0.977  0.05608   0.2055
    - offset: -0.03545788
    - vertices: p727(v67) p929(v16) p863(v5)
    - neighboring facets: f51 f300 f301
- f300
    - flags: top simplicial
    - normal:   -0.9769  0.05749   0.2059
    - offset: -0.03546916
    - vertices: p727(v67) p978(v44) p863(v5)
    - neighboring facets: f387 f299 f301
- f301
    - flags: bottom simplicial
    - normal:   -0.9772  0.05718   0.2047
    - offset: -0.03546023
    - vertices: p727(v67) p978(v44) p929(v16)
    - neighboring facets: f179 f299 f300
- f303
    - flags: top simplicial
    - normal:   -0.3154   0.5656    0.762
    - offset: -0.03320776
    - vertices: p860(v68) p654(v65) p863(v5)
    - neighboring facets: f386 f388 f397
- f307
    - flags: top simplicial
    - normal:   -0.9992  0.03774  0.01381
    - offset: -0.03408519
    - vertices: p528(v69) p978(v44) p577(v1)
    - neighboring facets: f179 f310 f309
- f308
    - flags: top simplicial
    - normal:   -0.6372   0.5934  -0.4917
    - offset: -0.04068162
    - vertices: p528(v69) p764(v43) p218(v26)
    - neighboring facets: f298 f309 f311
- f309
    - flags: bottom simplicial
    - normal:   -0.8694   0.4893 -0.06902
    - offset: -0.04045919
    - vertices: p528(v69) p978(v44) p218(v26)
    - neighboring facets: f394 f308 f307
- f310
    - flags: bottom simplicial
    - normal:   -0.9986  0.02462 -0.04688
    - offset: -0.0346177
    - vertices: p528(v69) p710(v64) p577(v1)
    - neighboring facets: f285 f307 f312
- f311
    - flags: bottom simplicial
    - normal:   -0.6734   0.4305   -0.601
    - offset: -0.03993055
    - vertices: p528(v69) p764(v43) p511(v21)
    - neighboring facets: f171 f312 f308
- f312
    - flags: top simplicial
    - normal:   -0.7446   0.3103   -0.591
    - offset: -0.03962692
    - vertices: p528(v69) p710(v64) p511(v21)
    - neighboring facets: f284 f311 f310
- f313
    - flags: bottom simplicial
    - normal:     0.882   0.4691  0.04452
    - offset: -0.03901902
    - vertices: p776(v70) p186(v45) p209(v13)
    - neighboring facets: f417 f314 f399
- f314
    - flags: bottom simplicial
    - normal:    0.9658   0.2476  0.07736
    - offset: -0.03721735
    - vertices: p776(v70) p209(v13) p944(v2)
    - neighboring facets: f321 f315 f313
- f315
    - flags: top simplicial
    - normal:    0.9253   0.2922  -0.2418
    - offset: -0.03987627
    - vertices: p776(v70) p242(v10) p944(v2)
    - neighboring facets: f275 f314 f404
- f319
    - flags: bottom simplicial
    - normal:    0.9875 -0.007722   0.1572
    - offset: -0.03678129
    - vertices: p915(v71) p426(v8) p944(v2)
    - neighboring facets: f111 f321 f407
- f321
    - flags: top simplicial
    - normal:    0.9678   0.2356  0.08857
    - offset: -0.03713839
    - vertices: p915(v71) p209(v13) p944(v2)
    - neighboring facets: f314 f319 f415
- f327
    - flags: top simplicial
    - normal:  -0.03147   0.9983  0.04925
    - offset: -0.04477264
    - vertices: p207(v72) p218(v26) p53(v4)
    - neighboring facets: f89 f400 f328
- f328
    - flags: top simplicial
    - normal:  -0.03158   0.9982  0.05004
    - offset: -0.04477201
    - vertices: p207(v72) p259(v42) p218(v26)
    - neighboring facets: f438 f327 f384
- f329
    - flags: bottom simplicial
    - normal:   0.07059   0.2742   0.9591
    - offset: -0.02598424
    - vertices: p11(v73) p782(v28) p863(v5)
    - neighboring facets: f385 f413 f331
- f331
    - flags: bottom simplicial
    - normal:   0.07854   0.2663   0.9607
    - offset: -0.02578834
    - vertices: p11(v73) p869(v46) p782(v28)
    - neighboring facets: f419 f329 f414
- f338
    - flags: top simplicial
    - normal:  2.248e-06       -1 -0.007783
    - offset: -0.03850002
    - vertices: p533(v75) p494(v55) p824(v3)
    - neighboring facets: f360 f340 f339
- f339
    - flags: bottom simplicial
    - normal:  3.376e-06       -1 -0.007784
    - offset: -0.03850003
    - vertices: p533(v75) p494(v55) p763(v34)
    - neighboring facets: f444 f425 f338
- f340
    - flags: bottom simplicial
    - normal:    0.1429  -0.9722   0.1853
    - offset: -0.03975799
    - vertices: p533(v75) p621(v31) p824(v3)
    - neighboring facets: f212 f338 f349
- f348
    - flags: bottom simplicial
    - normal:     0.613  -0.7316   0.2984
    - offset: -0.03770636
    - vertices: p225(v77) p149(v48) p621(v31)
    - neighboring facets: f204 f349 f350
- f349
    - flags: top simplicial
    - normal:    0.3817    -0.91   0.1621
    - offset: -0.03979189
    - vertices: p225(v77) p533(v75) p621(v31)
    - neighboring facets: f340 f348 f445
- f350
    - flags: top simplicial
    - normal:     0.691  -0.7129   0.1192
    - offset: -0.03797451
    - vertices: p225(v77) p149(v48) p472(v14)
    - neighboring facets: f201 f352 f348
- f352
    - flags: bottom simplicial
    - normal:    0.7073  -0.7038 -0.06689
    - offset: -0.03749256
    - vertices: p225(v77) p662(v29) p472(v14)
    - neighboring facets: f201 f350 f353
- f353
    - flags: bottom simplicial
    - normal:    0.6663  -0.7339  -0.1319
    - offset: -0.03771548
    - vertices: p225(v77) p40(v76) p662(v29)
    - neighboring facets: f448 f352 f447
- f357
    - flags: top simplicial
    - normal:   -0.3572  -0.9158   0.1834
    - offset: -0.04026827
    - vertices: p507(v79) p71(v52) p824(v3)
    - neighboring facets: f249 f360 f359
- f358
    - flags: bottom simplicial
    - normal:   -0.5984   -0.787   0.1504
    - offset: -0.03920431
    - vertices: p507(v79) p69(v56) p537(v18)
    - neighboring facets: f258 f361 f359
- f359
    - flags: top simplicial
    - normal:   -0.5922  -0.7901   0.1581
    - offset: -0.03920421
    - vertices: p507(v79) p69(v56) p71(v52)
    - neighboring facets: f249 f357 f358
- f360
    - flags: bottom simplicial
    - normal:  -8.318e-06       -1 -0.007782
    - offset: -0.0385001
    - vertices: p507(v79) p494(v55) p824(v3)
    - neighboring facets: f338 f357 f361
- f361
    - flags: top simplicial
    - normal:   -0.1336   -0.984  -0.1179
    - offset: -0.04033476
    - vertices: p507(v79) p494(v55) p537(v18)
    - neighboring facets: f238 f358 f360
- f365
    - flags: top simplicial
    - normal:    0.1024 -0.06147  -0.9928
    - offset: -0.02516725
    - vertices: p566(v81) p491(v39) p389(v24)
    - neighboring facets: f153 f460 f459
- f373
    - flags: top simplicial
    - normal:   0.09067   -0.203   -0.975
    - offset: -0.02552317
    - vertices: p733(v82) p389(v24) p222(v6)
    - neighboring facets: f236 f437 f461
- f376
    - flags: top simplicial
    - normal:   -0.4947   -0.576  -0.6508
    - offset: -0.03672265
    - vertices: p783(v83) p993(v59) p868(v11)
    - neighboring facets: f260 f377 f378
- f377
    - flags: bottom simplicial
    - normal:   -0.8169  -0.3823  -0.4319
    - offset: -0.0395181
    - vertices: p783(v83) p710(v64) p868(v11)
    - neighboring facets: f288 f376 f378
- f378
    - flags: top simplicial
    - normal:   -0.9169  -0.3052  -0.2572
    - offset: -0.03813285
    - vertices: p783(v83) p710(v64) p993(v59)
    - neighboring facets: f292 f376 f377
- f382
    - flags: top simplicial
    - normal:   -0.1734   0.7669   0.6179
    - offset: -0.03796214
    - vertices: p434(v85) p654(v65) p259(v42)
    - neighboring facets: f398 f384 f386
- f383
    - flags: top simplicial
    - normal:    0.1886   0.7318   0.6549
    - offset: -0.03933554
    - vertices: p434(v85) p207(v72) p782(v28)
    - neighboring facets: f420 f385 f384
- f384
    - flags: bottom simplicial
    - normal:  -0.05791   0.8798   0.4718
    - offset: -0.04072065
    - vertices: p434(v85) p207(v72) p259(v42)
    - neighboring facets: f328 f382 f383
- f385
    - flags: top simplicial
    - normal:   0.02453   0.3236   0.9459
    - offset: -0.02719471
    - vertices: p434(v85) p782(v28) p863(v5)
    - neighboring facets: f329 f386 f383
- f386
    - flags: bottom simplicial
    - normal:   -0.2286   0.5388   0.8108
    - offset: -0.03186264
    - vertices: p434(v85) p654(v65) p863(v5)
    - neighboring facets: f303 f385 f382
- f387
    - flags: bottom simplicial
    - normal:   -0.7794   0.3659   0.5086
    - offset: -0.03926332
    - vertices: p266(v86) p978(v44) p863(v5)
    - neighboring facets: f300 f388 f389
- f388
    - flags: top simplicial
    - normal:   -0.7628   0.3788   0.5241
    - offset: -0.03925029
    - vertices: p266(v86) p860(v68) p863(v5)
    - neighboring facets: f303 f387 f389
- f389
    - flags: bottom simplicial
    - normal:    -0.725     0.43   0.5381
    - offset: -0.03932799
    - vertices: p266(v86) p860(v68) p978(v44)
    - neighboring facets: f395 f387 f388
- f394
    - flags: top simplicial
    - normal:   -0.6782   0.6169   0.3993
    - offset: -0.04131327
    - vertices: p404(v88) p978(v44) p218(v26)
    - neighboring facets: f309 f439 f395
- f395
    - flags: top simplicial
    - normal:   -0.7067   0.4498   0.5461
    - offset: -0.03929098
    - vertices: p404(v88) p860(v68) p978(v44)
    - neighboring facets: f389 f394 f397
- f397
    - flags: bottom simplicial
    - normal:   -0.3693   0.6072   0.7035
    - offset: -0.03469197
    - vertices: p404(v88) p860(v68) p654(v65)
    - neighboring facets: f303 f398 f395
- f398
    - flags: bottom simplicial
    - normal:   -0.3769   0.6212    0.687
    - offset: -0.03512594
    - vertices: p404(v88) p654(v65) p259(v42)
    - neighboring facets: f382 f440 f397
- f399
    - flags: top simplicial
    - normal:    0.8626   0.5042  -0.0403
    - offset: -0.03988635
    - vertices: p328(v89) p776(v70) p186(v45)
    - neighboring facets: f313 f401 f404
- f400
    - flags: top simplicial
    - normal:    0.3937   0.9189 -0.02427
    - offset: -0.04868576
    - vertices: p328(v89) p207(v72) p53(v4)
    - neighboring facets: f327 f405 f401
- f401
    - flags: bottom simplicial
    - normal:    0.6132   0.7883  0.05098
    - offset: -0.04713231
    - vertices: p328(v89) p207(v72) p186(v45)
    - neighboring facets: f418 f399 f400
- f402
    - flags: bottom simplicial
    - normal:    0.3715   0.5447  -0.7519
    - offset: -0.03381084
    - vertices: p328(v89) p626(v61) p820(v19)
    - neighboring facets: f268 f406 f403
- f403
    - flags: top simplicial
    - normal:    0.6332   0.5483  -0.5463
    - offset: -0.03867092
    - vertices: p328(v89) p626(v61) p242(v10)
    - neighboring facets: f270 f404 f402
- f404
    - flags: bottom simplicial
    - normal:    0.7176   0.5365   -0.444
    - offset: -0.0395591
    - vertices: p328(v89) p776(v70) p242(v10)
    - neighboring facets: f315 f403 f399
- f405
    - flags: bottom simplicial
    - normal:    0.2178   0.6794  -0.7007
    - offset: -0.03651067
    - vertices: p328(v89) p866(v60) p53(v4)
    - neighboring facets: f265 f400 f406
- f406
    - flags: top simplicial
    - normal:    0.2847   0.6095  -0.7399
    - offset: -0.03488712
    - vertices: p328(v89) p866(v60) p820(v19)
    - neighboring facets: f264 f402 f405
- f407
    - flags: top simplicial
    - normal:    0.9629 0.007727   0.2697
    - offset: -0.03822121
    - vertices: p39(v90) p915(v71) p426(v8)
    - neighboring facets: f319 f409 f408
- f408
    - flags: bottom simplicial
    - normal:    0.6915   0.2416   0.6808
    - offset: -0.03895758
    - vertices: p39(v90) p915(v71) p869(v46)
    - neighboring facets: f416 f414 f407
- f409
    - flags: bottom simplicial
    - normal:    0.6428  -0.3239   0.6942
    - offset: -0.03862687
    - vertices: p39(v90) p891(v51) p426(v8)
    - neighboring facets: f220 f407 f412
- f410
    - flags: top simplicial
    - normal:   0.05501  -0.0487   0.9973
    - offset: -0.02626041
    - vertices: p39(v90) p829(v15) p863(v5)
    - neighboring facets: f215 f413 f411
- f411
    - flags: top simplicial
    - normal:   0.04584  -0.2378   0.9702
    - offset: -0.02561244
    - vertices: p39(v90) p597(v50) p829(v15)
    - neighboring facets: f215 f410 f412
- f412
    - flags: top simplicial
    - normal:    0.1735  -0.3563   0.9181
    - offset: -0.0287303
    - vertices: p39(v90) p891(v51) p597(v50)
    - neighboring facets: f222 f411 f409
- f413
    - flags: bottom simplicial
    - normal:   0.07977   0.2518   0.9645
    - offset: -0.02577192
    - vertices: p39(v90) p11(v73) p863(v5)
    - neighboring facets: f329 f410 f414
- f414
    - flags: top simplicial
    - normal:   0.08021   0.2553   0.9635
    - offset: -0.02575704
    - vertices: p39(v90) p11(v73) p869(v46)
    - neighboring facets: f331 f408 f413
- f415
    - flags: bottom simplicial
    - normal:    0.9013   0.3445   0.2627
    - offset: -0.03920698
    - vertices: p45(v91) p915(v71) p209(v13)
    - neighboring facets: f321 f417 f416
- f416
    - flags: top simplicial
    - normal:    0.7394    0.328    0.588
    - offset: -0.03966863
    - vertices: p45(v91) p915(v71) p869(v46)
    - neighboring facets: f408 f419 f415
- f417
    - flags: top simplicial
    - normal:    0.7533   0.5281    0.392
    - offset: -0.0398209
    - vertices: p45(v91) p186(v45) p209(v13)
    - neighboring facets: f313 f415 f418
- f418
    - flags: top simplicial
    - normal:    0.6689   0.5536   0.4961
    - offset: -0.03942973
    - vertices: p45(v91) p207(v72) p186(v45)
    - neighboring facets: f401 f417 f420
- f419
    - flags: top simplicial
    - normal:    0.3927   0.5141   0.7626
    - offset: -0.03479221
    - vertices: p45(v91) p869(v46) p782(v28)
    - neighboring facets: f331 f420 f416
- f420
    - flags: bottom simplicial
    - normal:    0.4281   0.5476   0.7189
    - offset: -0.03567891
    - vertices: p45(v91) p207(v72) p782(v28)
    - neighboring facets: f383 f419 f418
- f425
    - flags: bottom simplicial
    - normal:  5.483e-06       -1 -0.007786
    - offset: -0.03850004
    - vertices: p154(v93) p533(v75) p763(v34)
    - neighboring facets: f339 f442 f446
- f429
    - flags: top simplicial
    - normal:    0.4172  -0.6398  -0.6455
    - offset: -0.03631261
    - vertices: p154(v93) p662(v29) p222(v6)
    - neighboring facets: f436 f441 f449
- f435
    - flags: bottom simplicial
    - normal:    0.6855   -0.183  -0.7047
    - offset: -0.03864228
    - vertices: p781(v95) p448(v47) p662(v29)
    - neighboring facets: f452 f436 f450
- f436
    - flags: bottom simplicial
    - normal:    0.3393  -0.5045  -0.7939
    - offset: -0.0338448
    - vertices: p781(v95) p662(v29) p222(v6)
    - neighboring facets: f429 f437 f435
- f437
    - flags: top simplicial
    - normal:    0.1803  -0.3053   -0.935
    - offset: -0.0287435
    - vertices: p781(v95) p733(v82) p222(v6)
    - neighboring facets: f373 f436 f455
- f438
    - flags: bottom simplicial
    - normal:   -0.4415   0.6562    0.612
    - offset: -0.0376463
    - vertices: p603(v96) p259(v42) p218(v26)
    - neighboring facets: f328 f439 f440
- f439
    - flags: top simplicial
    - normal:    -0.452   0.6437   0.6175
    - offset: -0.03731486
    - vertices: p603(v96) p404(v88) p218(v26)
    - neighboring facets: f394 f438 f440
- f440
    - flags: bottom simplicial
    - normal:   -0.4234   0.6365   0.6447
    - offset: -0.03652311
    - vertices: p603(v96) p404(v88) p259(v42)
    - neighboring facets: f398 f438 f439
- f441
    - flags: top simplicial
    - normal:   0.05671  -0.9743  -0.2179
    - offset: -0.04066054
    - vertices: p569(v97) p154(v93) p222(v6)
    - neighboring facets: f429 f443 f442
- f442
    - flags: bottom simplicial
    - normal:  5.503e-06       -1 -0.007787
    - offset: -0.03850006
    - vertices: p569(v97) p154(v93) p763(v34)
    - neighboring facets: f425 f444 f441
- f443
    - flags: bottom simplicial
    - normal:  -0.02052  -0.9854  -0.1689
    - offset: -0.04009231
    - vertices: p569(v97) p494(v55) p222(v6)
    - neighboring facets: f241 f441 f444
- f444
    - flags: top simplicial
    - normal:  -5.538e-06       -1 -0.007865
    - offset: -0.03850107
    - vertices: p569(v97) p494(v55) p763(v34)
    - neighboring facets: f339 f442 f443
- f445
    - flags: bottom simplicial
    - normal:    0.3377  -0.9405 -0.03817
    - offset: -0.03965919
    - vertices: p83(v98) p225(v77) p533(v75)
    - neighboring facets: f349 f446 f447
- f446
    - flags: top simplicial
    - normal:    0.3024  -0.9522 -0.04394
    - offset: -0.03971126
    - vertices: p83(v98) p154(v93) p533(v75)
    - neighboring facets: f425 f445 f449
- f447
    - flags: top simplicial
    - normal:      0.45  -0.8883  -0.0921
    - offset: -0.03960545
    - vertices: p83(v98) p225(v77) p40(v76)
    - neighboring facets: f353 f448 f445
- f448
    - flags: top simplicial
    - normal:    0.6082   -0.755   -0.245
    - offset: -0.03801674
    - vertices: p83(v98) p40(v76) p662(v29)
    - neighboring facets: f353 f449 f447
- f449
    - flags: bottom simplicial
    - normal:    0.5454  -0.7423  -0.3892
    - offset: -0.03810458
    - vertices: p83(v98) p154(v93) p662(v29)
    - neighboring facets: f429 f448 f446
- f450
    - flags: top simplicial
    - normal:     0.678  -0.1727  -0.7145
    - offset: -0.03845056
    - vertices: p301(v99) p781(v95) p448(v47)
    - neighboring facets: f435 f452 f457
- f452
    - flags: top simplicial
    - normal:    0.7219  -0.1674  -0.6714
    - offset: -0.0390537
    - vertices: p301(v99) p448(v47) p662(v29)
    - neighboring facets: f435 f453 f450
- f453
    - flags: top simplicial
    - normal:     0.848  -0.1291   -0.514
    - offset: -0.04002999
    - vertices: p301(v99) p662(v29) p944(v2)
    - neighboring facets: f112 f454 f452
- f454
    - flags: bottom simplicial
    - normal:    0.8445 -0.09192  -0.5277
    - offset: -0.0401048
    - vertices: p301(v99) p244(v62) p944(v2)
    - neighboring facets: f275 f453 f456
- f455
    - flags: bottom simplicial
    - normal:      0.26  -0.1793  -0.9488
    - offset: -0.02979852
    - vertices: p288(v100) p781(v95) p733(v82)
    - neighboring facets: f437 f461 f457
- f456
    - flags: top simplicial
    - normal:    0.5544  -0.1428  -0.8199
    - offset: -0.03632569
    - vertices: p288(v100) p301(v99) p244(v62)
    - neighboring facets: f454 f458 f457
- f457
    - flags: bottom simplicial
    - normal:    0.5723  -0.1588  -0.8045
    - offset: -0.03665735
    - vertices: p288(v100) p301(v99) p781(v95)
    - neighboring facets: f450 f455 f456
- f458
    - flags: top simplicial
    - normal:    0.1217 -0.05984  -0.9908
    - offset: -0.02559774
    - vertices: p288(v100) p244(v62) p491(v39)
    - neighboring facets: f272 f459 f456
- f459
    - flags: bottom simplicial
    - normal:    0.1081 -0.07119  -0.9916
    - offset: -0.02523543
    - vertices: p288(v100) p566(v81) p491(v39)
    - neighboring facets: f365 f458 f460
- f460
    - flags: top simplicial
    - normal:    0.1018  -0.1332  -0.9858
    - offset: -0.02524416
    - vertices: p288(v100) p566(v81) p389(v24)
    - neighboring facets: f365 f461 f459
- f461
    - flags: bottom simplicial
    - normal:    0.1014   -0.142  -0.9847
    - offset: -0.02525375
    - vertices: p288(v100) p733(v82) p389(v24)
    - neighboring facets: f373 f460 f455
