3
1000 156 234
-0.0327652 0.0113963 0.0204511 
0.00613248 -0.0189044 0.00774353 
0.00035551 0.0366 -0.0154839 
-0.0584892 0.0154912 -0.0111684 
-0.0673367 -0.0199021 -0.017756 
-0.07049999999999999 -0.009904609999999999 0.0169853 
-0.009999650000000001 -0.035 -0.00693383 
-0.009832810000000001 -0.0205 -1.43839e-05 
0.009927739999999999 -0.0259764 -0.000710601 
0.00711943 -0.0255 0.00198751 
-0.0650477 0.0153542 -0.0119845 
-0.0263988 -0.009902090000000001 0.0230956 
0.00593038 -0.0205 0.00722087 
-0.0412011 -0.0066565 0.0110853 
-0.0644289 -0.0158936 -0.0126431 
-0.0520309 0.0180888 0.00439171 
0.0135524 -0.0365592 0.007944059999999999 
-0.0575727 0.0152223 -0.00492384 
-0.03177 -0.00851351 -0.009724139999999999 
-0.0419772 -0.0105764 -0.0137132 
-0.0221111 -0.00581893 0.0233735 
-0.0348494 0.0084236 -0.0103656 
0.00339886 -0.0222749 0.00718751 
-0.029652 0.00318469 0.0105377 
-0.0303038 0.0136089 0.00510943 
0.007882709999999999 0.0172864 -0.00610146 
 0.041 0.00249702 -0.00362877 
0.0109865 0.0305488 -0.000266111 
-0.0513614 -0.0118658 -0.0098472 
0.00313033 -0.0329952 -0.00240173 
-0.07199999999999999 -0.0253912 0.00126958 
-0.0192222  -0.01 0.0162983 
-0.0689333 -0.0204729 -0.0175424 
0.00937674 -0.0367 -0.00313438 
-0.000962903 -0.0207 0.008782669999999999 
-0.00800736 0.00800375 -0.0102686 
-0.0693897 -0.00317424 0.0175157 
0.00472341 0.0100534 0.00880186 
0.00543912 -0.039 -0.00170059 
-0.0660661 0.0250406 0.00285771 
-0.0316916  0.017 0.0181811 
-0.07172000000000001 0.0102962 0.0229487 
0.0185747 0.00234862 0.00178787 
-0.0435516 -0.012175 -0.00803417 
-0.0533485 0.0134153 -0.00705576 
-0.0152813   0.01 0.00864871 
-0.07049999999999999 0.0128323 -0.0195288 
-0.0132893 0.00048352 0.0025 
-0.0342352 0.0128471 0.000972448 
-0.0555333 -0.0184097 0.00480977 
-0.007885420000000001 0.0159163 0.00604322 
-0.0092146 0.0350746 -0.0130484 
0.00367184 -0.0152425 -0.00472427 
0.00728047 -0.035 0.010976 
-0.0701686 0.008001930000000001 -0.0257535 
-0.045527 0.00355329 -0.0143362 
-0.0569963 0.0128342 0.007933249999999999 
-0.0423529 0.0143433 0.00343291 
0.00787417 0.023504 0.00107651 
-0.0317859 -0.0136279 0.0206452 
 0.041 -0.00439913 0.00490207 
-0.0418228 -0.0159662 0.0065662 
-0.0194188 -0.0064141 -4.60818e-16 
 0.043 -0.00629858 0.00159384 
-0.0170281  -0.01 0.0118448 
-0.0430362 -0.0233794 0.00075 
-0.058305 0.0162398 0.009871909999999999 
-0.0498706 0.0115493 -0.0141481 
-0.00657769 0.0279586 -0.00751696 
-0.0165647 -0.00196057 0.0025 
0.0304004 -0.00338659 0.008161099999999999 
-0.00919762 0.025029 -0.00389835 
-0.059378 0.014207 0.0133621 
8.13169e-05 -0.009306180000000001 0.00584957 
-0.070298 -0.0194212 0.0187491 
0.0228403 0.00500045 0.008845489999999999 
0.00324111 0.0262478 0.00230063 
0.0249155 0.00196276 0.00216897 
-0.0539842 -0.0247281 0.00075 
-0.0279529 0.0181093 -0.00105935 
-0.00847531 -0.0196474 -0.0050425 
-0.0005980510000000001 0.0322375 -0.00391854 
-0.07049999999999999 0.00565362 0.0173502 
0.00999098 0.0216134 -0.000143399 
-0.0412632 0.0166494 0.00447043 
-0.0271189 0.00400029 0.0109404 
-0.0100744 0.0303847 0.00440636 
-0.0366264 -0.010378 -0.012989 
-0.0352381 0.0112851 0.022721 
-0.067 -0.0177167 0.0164111 
-0.067 -0.00982391 0.0232844 
-0.0620168 0.0261945 0.000729186 
-0.00686144 0.0250516 0.00404256 
-0.0677932 -0.0161224 -0.00498569 
-0.0363851 0.00617346 0.00802887 
-0.0713776 0.0209497 -0.0133681 
-0.000298949 -0.0016627 -0.012652 
0.008862719999999999 0.0202885 0.00444352 
0.0124561 -0.00152084 0.00258453 
-0.028047 -0.00315004 -0.0152962 
-0.06397419999999999 -0.0196309 0.00489572 
0.039582 0.00735463 -0.00138307 
-0.0454045 0.00385414 0.00752252 
-0.07049999999999999 0.0151536 -0.0157642 
-0.0376927 -0.0152346 0.00703119 
-0.0106407 0.0133564 0.00259259 
-0.0418361 -0.00540098 -0.0132234 
-0.0184242 0.00276078 -1.23736e-15 
-0.0669689 0.0182273 0.0152094 
0.0104668 -0.0314638 -0.00337049 
-0.07049999999999999 -0.0105926 -0.017305 
-0.00272878 -0.0255 -0.00300623 
-0.0699114 -0.0218365 0.0158434 
-0.0659486 0.008348019999999999 0.0171196 
-0.06900000000000001 0.000139042 0.0219187 
-0.0461449 0.0136829 0.00661011 
-0.0321971 -0.00548224 0.0253574 
-0.0403202 0.009590660000000001 0.01658 
-0.0690947 -0.0102453 0.0176548 
-0.07049999999999999 0.0172659 -0.0123773 
-0.0693642 0.0113864 0.020549 
-0.06483220000000001 0.0218297 -0.00227315 
0.00333812 0.0246785 -0.00724788 
0.000863543 0.0238389 0.00995937 
0.0163707 0.0119015 0.00112559 
-0.00865258 -0.0237076 -0.00494239 
-0.0289498 -0.00562121 -0.0111716 
-0.0494658 -0.0141756 0.0114616 
-0.0596031 0.0155727 0.0110273 
-0.030525 -0.0124277 -0.00188133 
-0.07195409999999999 -0.00453863 -0.0262706 
-0.00449631 -0.0367 0.009467049999999999 
0.038065 0.00200531 0.00209779 
0.00494293 0.0243278 0.00626069 
-0.0251148 0.0108204 -0.0106159 
0.0394429 -0.0074225 -0.000737374 
0.0144783 -0.00707817 0.00835374 
-0.0349575 -0.00888273 0.00281819 
-0.0612906 -0.0208559 -0.00199445 
-0.0328114 -0.000812749 0.00185179 
-0.00306342 -0.0207297 0.009516419999999999 
-0.0139006 -0.00716574 0.0141966 
-0.0159422 -0.00256297 -0.0140099 
-0.05655 0.0177286 -0.0072952 
0.00800878  0.035 -0.0112801 
0.00828074 0.0315711 -0.00721428 
0.0166207 -0.0025139 0.009999879999999999 
-0.0289122 0.0132858 0.0219554 
0.0143968 -0.0025249 0.00157412 
0.00525695 0.00724541 -0.009007589999999999 
-0.0485391 0.00811367 -0.0129318 
0.0366809 -0.000324656 0.00291298 
-0.0417584 3.34094e-05 0.0186598 
-0.0194609  -0.01 0.0157024 
-0.0345813 0.000178794 0.0194021 
-0.07049999999999999 0.0100004 0.0170796 
-0.0359947 0.00396999 0.0180053 
-0.0669081 -0.0146081 0.0181406 
-0.0109514 0.0336378 0.0009581 
-0.0251192 -0.00731515 0.00287515 
-0.00556966 0.00662056 0.00188545 
-0.0283699  -0.01 0.0135802 
0.00345151 -0.0205 -0.0073896 
-0.0353009 0.00265159 0.0176713 
-0.0547161 0.00138409 0.0161025 
-0.0602406 -0.0135533 -0.0140362 
-0.0676365 -0.009540399999999999 -0.0195765 
-0.0338299 0.0110247 -0.0119085 
0.00135704 -0.0366321 0.0153822 
0.0424071 0.00210835 0.00343047 
-0.066201 -0.0170069 -0.008543129999999999 
-0.0225768 -0.00385955 -0.0108713 
0.0371927 -0.000213868 -0.00745891 
-0.0050143 -0.00712764 -0.00491156 
-0.00515943 -0.0198777 0.00843321 
-0.0253628 -0.0201043 -0.00075 
-0.0378916 -0.00285744 0.0314953 
-0.00848003 0.0220054 0.00520861 
-0.0656798 -0.0157538 -0.00191531 
-0.07049999999999999 -0.0184608 0.0035863 
-0.0108735 -0.0349188 -0.00125267 
0.0123403 0.000816819 -0.00285364 
-0.0692533 0.00466358 0.0194506 
0.0216931 -0.000523793 -0.0103694 
-0.00361168 0.00387876 0.00931975 
-0.067 0.0154408 0.0113169 
-9.33807e-05 -0.0320539 0.0109859 
-0.0659679 0.0200369 0.0073362 
-0.0280462 0.00737568 0.00409284 
-0.040288 0.008414110000000001 -0.0113177 
-0.06757779999999999 -0.00590066 0.025463 
-0.00855035 0.0059946 -0.0075346 
0.00367437 -0.0246333 -0.009268200000000001 
-0.0139474 -0.0351503 -0.00117653 
-0.0704502 -0.0179161 0.00291795 
-0.0460588 0.0144895 -0.00343479 
0.00908053 -0.0222845 -0.00416477 
-0.07049999999999999 0.0148852 0.0192041 
-0.0059581 0.0101854 -0.000580097 
-0.00105179 0.0207 0.00916584 
0.009548340000000001 0.0155064 0.0033193 
-0.027604 -0.000372051 -1.36067e-15 
-0.0664612 -0.00232087 -0.02451 
-0.0523614 -0.0139314 -0.0123147 
-0.0327183   0.01 0.0143883 
-0.0288206 0.00325285 0.0234596 
-0.0316853 -0.0163037 0.00268018 
0.00244925 -0.036 0.00128331 
-0.00815739 0.0345058 -0.0073524 
-0.0589151 0.00489424 0.0136064 
0.00632867 0.0135886 -0.00766271 
-0.07049999999999999 -0.0115494 0.0207206 
-0.0083506 0.0217103 0.00543143 
-0.0164896 -0.0100446 -0.00236482 
-0.0297578 0.00880978 0.0279869 
-0.064318 0.0158436 -0.00218535 
-0.0205323 0.009187020000000001 0.0208382 
-0.008397760000000001 -0.0264423 -0.00539533 
0.0135858 -0.035 -0.00667547 
-0.0711159 -0.0248206 0.0105542 
-0.0366213 0.0107712 -0.00819404 
-0.00288778 0.0205 -0.008712900000000001 
-0.0373061  0.015 0.0263662 
0.00741452 0.0373806 -0.0100165 
-0.0236291 0.00215338 0.0269836 
-0.0306951 -0.00185582 0.0243399 
0.036888 0.00743737 0.000595928 
-0.0213585 0.010263 -0.00117645 
0.0146523 0.00219568 0.009999879999999999 
-0.0481216 0.000473731 0.0131329 
-0.0533204 -0.00238065 -0.0150658 
-0.0219375 -0.00667578 -0.00939016 
-0.067 -0.0131305 0.0196222 
-0.0391672 -0.001 -0.0212616 
-0.00783404 0.0238921 -0.00140073 
0.00534776 0.0119411 -0.00271627 
-0.007993139999999999  0.035 -0.00904405 
-0.0450085 0.000791939 0.0117311 
-0.057326 0.00749191 -0.017713 
-0.0286207 -0.011742 -0.00179416 
0.0207078 0.007978560000000001 -0.00684812 
0.0008074929999999999 -0.0356915 0.0122634 
-0.0640056 0.0216386 0.00181527 
0.0423052 0.00455374 0.00651124 
-0.0634849 0.0218149 0.00159248 
-0.0298634 0.00396514 -0.0119137 
-0.0669266 0.008399139999999999 0.0205477 
0.00728059 -0.03598 -0.0142392 
0.0122229 0.036416 0.00076704 
-0.0432696 -0.0228167 0.00075 
-0.0341345 -0.0114462 -0.011512 
0.0121228 0.0367 -0.00662894 
0.0101475 0.0330274 0.00423281 
-0.0041073 0.032737 -0.0101761 
-0.0519035 -0.0243492 -0.00075 
0.0389829 -0.00666883 0.00336707 
0.0103298 0.0115673 -0.00430243 
0.0048901 -0.032528 -0.00985045 
-0.0329621 -0.012836 -0.00230969 
-0.000980273 -0.036 -0.00430535 
-0.07049999999999999 -0.00642259 0.0179144 
-0.0062035 -0.0255 -0.00456593 
0.0407946 -0.00706202 0.0009985040000000001 
-0.06630949999999999 0.0139003 0.00782588 
-0.0266736 0.0111189 -0.00491113 
-0.0124855  0.035 0.00976254 
-0.00671301 -0.00737771 -0.000799481 
0.00102514 0.00552311 0.009999879999999999 
-0.0270772  0.017 0.0236357 
-0.00526858 0.0330599 -0.00963722 
-0.0294304 -0.00443261 0.0250718 
-0.0346744 -0.0137739 -0.008852499999999999 
-0.014287 0.008368530000000001 0.0145536 
-0.027725 0.000344863 0.0260037 
-0.0154525 -0.00651876 -0.008362430000000001 
-0.0669342 -0.00877206 -0.0218084 
-0.0670065 -0.0157483 -0.0206705 
-0.0322435 -0.00743868 -0.014267 
-0.067 -0.021187 0.0122793 
 0.043 -0.00357005 0.00186014 
-0.031299 -0.010534 0.00555757 
-0.0426174 0.0110099 0.00626749 
-0.00923445 0.0207 0.000388905 
0.00175305 -0.0205 0.00823366 
-0.0193425 -0.00396132 0.0032118 
-0.0199509 -0.00632783 -4.92783e-16 
-0.0373734 0.00925667 -0.0139457 
-0.00744131 -0.0183853 0.00655284 
-0.0113239 0.0133348 -0.00482466 
-0.000208016 -0.0251583 -0.009967749999999999 
-0.0632771 -0.0267707 -6.48149e-05 
-0.007983489999999999 0.0380352 0.00575424 
-0.0350432 0.0133694 0.0219391 
0.0360991 -0.00473142 -0.00572989 
-0.0370333 0.000404078 0.031949 
-0.0636857 -0.0125171 0.00987537 
-0.0701735 0.0024971 0.0248538 
-0.0134258 -0.00889537 -0.00104346 
-0.0630986 0.0153147 0.00462734 
0.0119623 -0.000523338 0.00294312 
-0.00608691 -0.0389561 -0.000731969 
-0.0476634 0.0180698 0.00333546 
-0.07049999999999999 -0.00765333 0.0174881 
-0.0014147 0.0366 0.0122628 
0.0066078 -0.0367 -0.0106913 
-0.0668916 0.0167252 0.01638 
0.0117653 0.00749801 0.00797572 
-0.0308721 -0.0151476 -0.0048178 
-0.009585059999999999 0.0367 -0.00284585 
-0.067 -0.0168461 -0.0187899 
-0.0549158 0.00974911 0.0161504 
-0.00804819 -0.035 -0.00983881 
0.00205981 -0.035 0.0146913 
-0.0298524 -0.0091407 0.0178537 
-0.0661177 0.0153672 0.00444945 
-0.0054973 0.0205 -0.00651381 
-0.0248932 0.00360737 -0.0147086 
0.0252836 -0.00770905 -0.00584616 
-0.0176019 0.00646103 0.00492402 
-0.008574409999999999 0.0260038 -0.00506227 
0.011789 -0.000740192 -0.00288678 
-0.06548320000000001 0.0262883 0.00209981 
-0.0158932 0.00190478 -0.0144879 
0.00199188 0.000967775 -0.00553329 
0.0393379 -0.00233458 -0.00710634 
0.008336339999999999 0.0278851 0.00549169 
-0.0635435 -0.0158972 -0.00104591 
-0.0279649 0.0158519 0.0185671 
-0.00238352 -0.0308358 0.010727 
-0.0344738 0.00529307 0.0110805 
-0.06449390000000001 -0.0161629 0.010005 
-0.06688669999999999 0.0183109 -0.0140874 
-0.00583066  0.039 -0.000193421 
-0.0601368 -0.0159086 0.00114425 
-0.0353152 0.0168111 0.0288957 
0.0122866 0.0351129 0.000830759 
-0.0384669 -0.00201882 0.0216321 
-0.00666789 -0.035 -0.0133245 
-0.0457277 0.0172537 0.00441556 
-0.0130891 -0.0366 -0.00152304 
-0.0697159 0.00397121 -0.024568 
-0.0505748 -0.008106800000000001 0.0142376 
-0.0251076 -0.008606219999999999 -7.24331e-06 
-0.0423949 -0.008358000000000001 0.025488 
-0.07049999999999999 -0.0064521 0.0174615 
-0.0108929 0.030137 -0.00144352 
0.000876337 0.00499375 -0.00591993 
-0.008136350000000001 -0.0205 -0.00340608 
-0.0553453 -0.001 -0.022427 
0.0058142 -0.009504800000000001 0.00100375 
-0.0199524  0.001 -0.0178713 
0.00361966 0.00808267 -0.00474939 
-0.0676672 0.0177776 0.0100893 
-0.07199999999999999 0.0259006 0.000153112 
0.00185619 -0.035 0.0136828 
-0.07049999999999999 -0.019734 0.009129379999999999 
-0.0114907 -0.035 -0.008686040000000001 
-0.0315259 -0.0134596 0.0267275 
0.0059547 0.00609603 -0.000510877 
-0.0276567 -0.000557099 0.0315032 
-0.0527293 -0.022488 0.000864411 
-0.0700481 -0.00163886 0.0269411 
-0.0672222 0.0132276 0.00901127 
-0.0699785 -0.00315398 0.0267764 
-0.0282414 -0.00486465 -1.00111e-15 
-0.0576405 0.000471656 -0.0251958 
-0.06468409999999999 0.00118167 -0.0237284 
-0.00541524 -0.0205 0.00376255 
-0.00783813 0.0297943 -0.00740153 
-0.041532 0.00347097 0.0182008 
-0.06900000000000001 0.00501833 -0.021382 
-0.0406572 -0.0012273 -0.0188002 
-0.00302855 0.0367 0.0104212 
-0.0519159 0.0152732 0.00467307 
-0.0345822 -0.0214022 0.00075 
-0.06794070000000001 -0.0219651 0.0156282 
-0.0327606  0.003 0.008768339999999999 
0.0403997 0.00461069 0.00586986 
-0.0337323  0.015 0.0181748 
-0.0655689 -0.0152695 0.0144055 
-0.0321326 0.0127956 0.0268487 
-0.0304873 0.0116834 0.0197101 
-0.0658963 -0.014997 0.00536261 
-0.0205033 -0.007874259999999999 -0.00811097 
-0.0586735 0.0156544 -0.00312985 
0.00139254 0.0182434 -0.00582192 
-0.00372622 0.0255406 -0.00129696 
0.0272773 0.00758265 -0.00555267 
-0.0697238 -0.00327233 -0.0267824 
-0.0350109 0.016398 -0.00338223 
-0.0031031 0.0309549 -0.0105403 
-0.009789340000000001 0.0210602 0.00200717 
0.00237984 0.00542169 -0.0103779 
-0.0337724 0.0132635 0.00667136 
-0.0191459 -0.0209894 0.00075 
0.00394545 -0.0265602 0.000439673 
-0.0556885 -0.0119064 -0.009924799999999999 
-0.0701112 -0.0127209 0.012674 
-0.0112565  0.035 0.000296199 
-0.0109892 -0.035 -0.00455575 
-0.07049999999999999 -0.021811 0.00721849 
-0.0607249 0.00089287 -0.0257903 
-0.0373631 0.0049529 0.0193256 
-0.0212267 0.00137392 -0.0158558 
-0.00629154 -0.0061508 -0.000206555 
-0.0339349 0.00620729 0.0287926 
-0.0206953 -0.010121 0.00180877 
-0.0149765 0.0367155 0.00209574 
-0.0146359 -0.00957146 -0.00429334 
0.00416253 -0.0235452 0.0068072 
-0.00607776 0.0103734 0.00823071 
0.0106462 -0.0375709 -0.00255592 
-0.0579079 -0.0136345 0.0137073 
-0.0597325 -0.0170481 0.00847174 
-0.0578845 0.00220513 -0.0195834 
-0.065706 0.0216228 0.00324558 
-0.0593199 0.0143969 -0.00537863 
-0.0686479 0.000714604 0.0269604 
-0.0412135 -0.0163539 -0.00528136 
-0.0717575 -0.0237981 0.007981230000000001 
-0.00103655 -0.0366 -0.0121435 
0.00825158 0.0172057 -0.00549099 
-0.007959259999999999 0.0207925 0.00176622 
0.018309 0.0107743 -0.00173367 
-0.0607185 0.0166902 0.009091729999999999 
-0.0499721 -0.00852662 -0.0162349 
-0.00435641 0.00984631 -0.009226450000000001 
0.007850559999999999 -0.0249024 0.00133103 
-0.06816510000000001 0.0216747 0.0160739 
-0.0708604 0.0266544 -0.00410197 
-0.0675361 0.0229676 -0.0139459 
-0.00405945 0.0256484 -0.009101329999999999 
0.000228656 -0.0354795 0.0120113 
-0.0520868 0.0143187 0.011793 
0.025611 -0.009065409999999999 0.00320113 
0.00139282 0.0340543 -0.00153716 
0.0043525  0.036 -0.000240881 
-0.0273023 -0.00224413 0.0252926 
-0.0385359 -0.00585123 0.0219347 
-0.0222045 -0.0122707 -0.00828695 
-0.0427362 -0.00628689 0.0225641 
-0.009574529999999999 0.0266298 -0.00273099 
0.0105554 -0.0196103 -0.00204001 
-0.0607655 0.0069801 -0.0183993 
-0.022396 -0.00248898 -0.0148812 
-0.0392481 -0.0132748 -0.0105896 
-0.00369228 0.0126267 -0.009245990000000001 
0.0141393 0.00237966 -0.00172061 
-0.0434675 0.0193165 -0.00147087 
-0.0590908 -0.00666077 -0.0182506 
-0.0582709 0.00743353 -0.0141484 
0.0030305 0.021626 -0.00952797 
-0.0525692 -0.001 -0.0228597 
-0.0303595  -0.01 0.0145918 
-0.0416839 0.008046019999999999 0.0273814 
-0.06900000000000001 -0.000588904 -0.0222429 
-0.07049999999999999 0.0202447 0.00899718 
0.0112391 0.00513584 -0.00966708 
-0.0227222 -0.0107618 -0.00170766 
0.0153754 -0.00248015 0.00161884 
0.00521452 -0.0132562 0.008528539999999999 
0.00921137 0.0276102 0.00386657 
-0.06263970000000001 -0.001 -0.0251031 
-0.000164822 0.00649656 -0.010272 
-0.0498904 -0.000725581 0.00954257 
-0.0133973  -0.01 0.00533246 
-0.0432546 -0.0124279 -0.00749649 
-0.0122846 0.0367 -0.00692424 
-0.0512327 -0.0129471 -0.0130486 
0.00101712 -0.0207 0.008368759999999999 
0.0009864979999999999 -0.00697154 0.00584957 
-0.0259953 -0.00739353 0.0031693 
-0.0376305 0.00584813 0.00402185 
-0.0584245 -0.00656771 -0.0181712 
-0.0332105 0.0043284 0.0170935 
0.00606005 0.0199155 0.00781014 
0.0363941 0.000411663 -0.00742682 
-0.00356862 -0.039 -0.00407738 
-0.0230302 -0.00022689 0.0207149 
-0.0206751 -0.00220468 0.00431248 
-0.0291737 0.00759326 0.0246423 
-0.010796 -0.009014400000000001 -0.00421466 
-0.0365845 0.0219717 -0.00075 
0.00991846 -0.0324293 -0.00474064 
-0.00129767 0.0385766 -0.00480201 
-0.07049999999999999 -0.0167504 -0.008658620000000001 
-0.0477503 -0.0128167 -0.00814344 
-0.0338144 -0.0119601 0.00170565 
-0.0298276 0.0228337 -9.37636e-05 
0.0336904 0.0026424 0.00140239 
0.00616708 0.0205 0.00374914 
-0.03473  -0.01 0.0122037 
-0.06772540000000001 0.0174538 -0.0110046 
-0.0518621 7.22291e-05 -0.0240819 
-0.0351488 -0.00107838 0.0197765 
-0.0335642 -0.0130482 -0.00102812 
-0.06467539999999999 0.0156759 0.00284301 
0.00113329 0.0205 -0.009833160000000001 
-0.0341433 -0.009661930000000001 0.0289476 
 0.041 -0.0013779 -0.00552903 
-0.0228599 -0.000342083 0.0242629 
 0.041 -0.00049256 0.00778634 
0.00321245  0.036 0.00117717 
-0.0416693 -0.0141113 0.00381529 
0.0134339 0.0107715 -0.00313761 
-0.06293989999999999 -0.00828682 -0.0171549 
-0.0224993 -0.00441284 0.00732465 
-0.0364321 -0.00226501 0.021458 
-0.06644419999999999 -0.0166665 -0.00913276 
-0.067 0.00640611 0.0235162 
-0.00151615 -0.035 0.0110268 
-0.0335581 -0.00577926 0.0109842 
-0.026777 -0.0205274 -0.00075 
0.00394545 -0.0323303 0.000272865 
-0.0246632 -0.000572374 -0.0188387 
0.009504769999999999  0.035 -0.00564878 
-0.0543943 -0.014191 0.00552404 
-0.0270227 0.00888619 0.0218187 
-0.0178619 -0.0158776 0.000831671 
0.00181002 0.013627 0.00562087 
-0.046448 -0.00222665 0.0123792 
-0.00159151 0.0292413 -0.00366696 
 0.041 0.0045159 0.00419688 
 0.041 -0.00835325 5.88164e-06 
-0.00700523 -0.0151179 -0.00712417 
0.0284148 -0.0060028 0.00693765 
0.0059135 0.0207 -0.007915760000000001 
-0.0140886 -0.013334 -0.00383943 
0.0261867 0.006488 0.00695612 
0.00244538 0.0170545 -0.0053149 
-0.0307004 -0.00134213 0.0215502 
-0.07199999999999999 0.0208995 -0.0155915 
-0.07199999999999999 -0.0110425 0.0234486 
-0.0337187 -0.00524406 0.0190855 
-0.0199554  0.001 -0.0172351 
-0.0346237 0.0109559 -0.0121084 
-0.0409936 -0.0142328 0.000659365 
-0.0344316  0.017 0.0284285 
-0.0232368 0.0212838 0.00075 
-0.0113924 0.0065 0.00973284 
-0.0296933 0.0128532 0.0254989 
-0.0451317 -0.00841693 -0.015604 
-0.0235513 -0.0110441 -0.00404223 
-0.0353632 0.0040434 0.0281849 
0.010628 0.0336906 -0.00273165 
-0.00255266  0.035 -0.0156964 
-0.0637823 -0.010777 -0.0157172 
-0.0615003 0.00120535 -0.0150653 
-0.0572222 -0.0112818 -0.0113 
-0.065326 0.00368253 -0.0204801 
-0.0635271 -0.023624 -0.00102572 
-0.0287849 -0.00890466 3.86308e-05 
-0.0115296  0.035 -0.00983415 
0.00636795 -0.0214468 0.00477261 
-0.0210003 0.00486276 -0.0103129 
0.00362258 0.0304213 0.0103773 
-0.0540468 -0.0201643 0.00184496 
-0.0463309 -0.009169419999999999 0.0123265 
-0.0271308 0.009943169999999999 0.0199346 
0.0146589 -0.00479462 -0.00985249 
-0.0658499 -0.025752 -0.00257435 
0.00219751 0.0249152 0.00763647 
0.00334927 0.00532343 -0.0102868 
0.00631977 0.0204224 -0.000449659 
0.0114153 0.0185898 0.000129328 
-0.0293802 -0.00597749 -0.0145351 
-0.00092094 0.0346355 -0.00182888 
-0.0156948 -0.013584 -0.00381569 
0.00702298 -0.0330667 -0.008449740000000001 
-0.0366705 -0.009450439999999999 0.0222005 
-0.0400942 0.00251704 0.0119733 
-0.0510799 0.009512720000000001 -0.0158379 
-0.0592005 0.0158184 -0.00237537 
-0.0690307 -0.0174322 0.00317533 
-0.0334501 0.0137935 -0.00857919 
-0.0251482 -0.008639590000000001 -1.36008e-05 
-0.0311116 -0.00648869 0.0210743 
0.0355589 0.0073535 -0.00106752 
-0.0354932 -0.00372679 -0.0160491 
0.00328776 0.00142428 -0.00490923 
-0.0040827 -0.00258675 0.009120359999999999 
0.00346421 -0.00125685 -0.0126972 
-0.0347979 0.0104098 0.00713314 
-0.0601774 -0.0100685 0.012423 
-0.06900000000000001 0.0207202 -0.00312982 
-0.0420969 0.0143781 -0.000243153 
-0.0576426 -0.0210802 0.0014909 
-0.0260475 -0.008763089999999999 0.0303227 
-0.0296732  -0.01 0.02987 
-0.030825 -0.000795469 0.0244786 
-0.0344192 0.00922445 0.0210851 
-0.0307741 0.0133014 0.0244242 
-0.0340892 0.00597448 -0.0118183 
0.00638864 -0.0139721 0.00762143 
-0.00278192 0.0368649 -0.00759336 
-0.0668381 -0.0155196 0.0122972 
-0.0151925 -0.0065 0.009417170000000001 
-0.0296418 -0.0161946 0.0205175 
0.03624 0.00217452 -0.00716334 
0.00389804 -0.0288077 -0.000796474 
-0.030234 0.016133 0.0169954 
-0.0109158 0.0367 0.00364535 
-0.0425826 -0.00260122 0.0210487 
-0.00023409 -0.036 -0.00384092 
-0.0394148 0.00187417 -0.0175722 
0.00280267 -0.035 0.013302 
0.0233171 0.009396750000000001 -0.00361016 
-0.0602415 -0.00970764 -0.0163346 
0.00203315 0.0207147 -0.007981429999999999 
-0.0330861 0.008675799999999999 0.0170935 
-0.00718976 0.0367 0.00428972 
-0.067 0.0214473 -0.0118386 
-0.0678921 0.0149439 -0.0224392 
-0.07049999999999999 0.010664 -0.0213 
-0.0239925 0.00633767 0.00313651 
-0.0300459 -0.000485182 0.0325311 
0.009977359999999999 0.0160954 -0.00260621 
0.035481 0.00271626 -0.00105893 
-0.0127166 -0.035 -0.00915292 
0.00143226 0.0255 -0.00556956 
-0.0040632 0.0100815 0.00428689 
-0.0376282 0.0152626 0.0272558 
-0.0341068 0.00761374 0.0250199 
-0.00177501 0.006492 -0.00570912 
-0.0625569 -0.00111567 -0.0150549 
-0.0378578 -0.00738634 -0.0150896 
-0.0557328 0.00301036 0.0121734 
-0.06851980000000001 0.0175664 -0.000556328 
0.0292064 0.00122744 -0.00888741 
-0.0552795 0.0196867 -0.00232665 
-0.067 0.0169452 -0.0173833 
-0.0696637 0.0139732 0.0110138 
-0.008679340000000001 0.0111762 0.00495063 
-0.0137085 0.00486663 -0.0128274 
-0.00664839 0.0194151 0.00745542 
-0.07049999999999999 0.0155005 0.0188454 
-0.0466598 -0.0149306 0.00431521 
-0.034498 0.00780271 0.0247457 
-0.07182379999999999 0.025022 -0.00267803 
-0.0626785 0.0187953 0.00658614 
-0.0118982 -0.035 0.008867170000000001 
0.00539247  0.039 0.00171716 
 0.041 0.0022463 -0.00308434 
-0.0575631 0.0138611 0.0134078 
-0.0524921 -0.0155131 -0.00315637 
0.0343186 -0.000662273 0.0028225 
-0.00967467 -0.0215393 -0.00242558 
-0.0539083 -0.0155537 0.00367964 
-0.068289 -0.00681701 -0.0261053 
-0.0252518  -0.01 0.0101359 
-0.0337518 -0.009015570000000001 0.0252369 
-0.0515112 0.0122645 -0.0137558 
-0.00154914 -0.0339981 -0.00134113 
-0.0386398 0.0199123 0.0010268 
0.0222271 -0.00774766 0.00670186 
0.0407389 -0.00454537 -0.00146569 
-0.0659066 0.000355035 0.0159188 
0.00292403 0.0335 0.00184093 
-0.00147196 0.00728181 -0.00581544 
-0.00358722 0.032337 0.00170186 
-0.07049999999999999 0.00830213 -0.0196582 
-0.0332426 -0.00287423 0.0328911 
-0.0608006 0.0215287 -0.00144974 
-0.00599632 0.0217181 -0.007940880000000001 
-0.07049999999999999 -0.0208425 -0.00876265 
0.00238479 -0.00703615 -0.00534408 
-0.0565119 0.0168353 -0.00884046 
-0.00636799 0.00310679 0.00770742 
-0.0605409 0.0159768 0.000339574 
-0.0338507 0.0114629 -0.00649366 
-0.0604058 0.00656782 -0.0184651 
-0.00599817 -0.00954226 -8.85103e-05 
-0.0406614 -0.00562812 0.0167351 
-0.0242562 -0.00225046 0.0281182 
-0.0137263 -0.0363988 -0.00816105 
-0.0580557 -0.0157241 -0.00275363 
-0.0109385  0.035 0.0107469 
-0.0345351 -0.0118854 0.00701481 
-0.0199452 -0.00362319 -0.0105577 
-0.0177172 -0.0103149 -0.00974796 
-0.00523169 -0.0367 -0.008691020000000001 
-0.0449147 -0.0147579 0.00973776 
-0.0157261 -0.00830708 0.0156714 
-0.000942919 -0.0117488 0.00584957 
-0.00426418 -0.0205 -0.00604334 
0.00394545 -0.0273806 -4.87598e-05 
-0.0346503 -0.000618164 0.0264231 
0.00553531 -0.0179968 -0.002036 
-0.0302961 0.00136128 0.0231085 
0.00245427 -0.027966 0.0031094 
-0.0699611 0.00670105 0.0212877 
-0.0254138 0.00454733 0.00820857 
0.00566592 -0.0157648 0.00151416 
-0.014596 0.000638122 0.0025 
-0.0272172 -0.0225265 0.000242925 
0.0194251 0.00745538 -0.00768975 
-0.00181057 0.0309693 -0.0108399 
-0.0410171 -0.00957641 0.00554684 
-0.0420686 -0.00800261 0.0192885 
-0.00395499 -0.0273027 -0.000269745 
0.036126 -0.00451908 0.00592171 
-0.0380097 -0.00570142 0.00419261 
-0.0497082 -0.0111447 0.0138473 
1.81186e-05 0.0335 -0.0021468 
-0.0193785 -0.00614691 -0.00931919 
-0.0657652 -0.0129554 0.0164393 
-0.0640492 -0.0176218 -0.0075772 
0.00421984  0.035 -0.0115067 
-0.06900000000000001 -0.00108538 -0.0224554 
0.00226918 -0.0243431 -0.009702260000000001 
-0.00272703 0.0364146 -0.0157207 
-0.0591925  0.001 -0.0232237 
-0.07049999999999999 0.016275 0.0161885 
-0.00607019 0.0191756 0.007843859999999999 
0.00330869 -0.0295084 -0.00996756 
-0.0685929 -0.019166 0.0094304 
-0.0221311 -0.021264 0.00075 
-0.0270948 -0.00316679 0.00936503 
0.00153946 0.0282202 -0.00363305 
-0.0062674 -0.0339344 -0.009002909999999999 
-0.0335966 0.00875624 0.0268146 
-0.00360661 0.00228846 0.00475568 
 0.041 0.00231777 0.000436676 
0.0121516 -0.035 0.00297543 
-0.06257550000000001 -0.00190355 -0.0150547 
0.00545281 -0.010812 -0.00249697 
-0.071406 -0.00583485 0.0263222 
-0.0671363 -0.0254117 0.00720349 
0.00599429 -0.0121042 0.000119071 
-0.0291616 0.00751561 -0.0100398 
0.00446285  0.035 0.0115722 
-0.0035525 0.00591907 -0.0109628 
0.0307338 -0.00608391 -0.00631411 
-0.06334380000000001 -0.000750261 0.0156007 
-0.0549301 0.0120219 0.009297700000000001 
0.0423511 -0.007825479999999999 -0.000822749 
-0.0131414 0.008811319999999999 -0.00100621 
-0.00692914 -0.00483627 -0.00784987 
-0.07049999999999999 0.0134556 0.0150496 
-0.0138598 -0.0367 -0.00527431 
-0.00172289 -0.008562800000000001 -0.00988555 
-0.0204031   0.01 0.0169752 
-0.0179064 -0.00760081 -0.007867330000000001 
0.0392888 0.00261343 -0.0014619 
0.00603773 0.0255032 0.00794218 
-0.067 -0.0212543 0.0136559 
-0.009474659999999999 0.0314866 0.00556799 
-0.0562779 0.0139316 0.0130804 
0.0150636  0.035 0.00128861 
-0.0304144 -0.009822259999999999 0.032173 
-0.06443740000000001 0.0124721 -0.00996668 
-0.0526228 -0.00476409 -0.0179538 
-0.0399927  -0.01 0.0177384 
0.0162976 0.00210906 -0.00207763 
0.0107174 -0.0360297 0.011805 
0.0117072 -0.0366 0.00115014 
-0.0700215 -0.0268974 0.00207234 
0.0428858 -0.00499349 -0.0047099 
-0.0321815 0.0218797 -0.00075 
-0.00839198 -0.0272184 -0.00540441 
-0.0298657 0.0121859 0.0202278 
0.0244894 -0.00348884 0.00925456 
0.008520099999999999 0.0331934 0.00690736 
-0.0357161 -0.00364892 0.0203032 
0.0215429 0.00534452 0.008916189999999999 
0.000803992 0.037165 0.0109511 
0.000433867 0.00428028 0.009999879999999999 
 0.041 -0.00208513 -0.00750087 
0.00554542 -0.0191701 0.00200152 
-0.0174811 -0.0065 0.0157583 
-0.00498411 -0.000462001 0.0031321 
-0.070026 0.0173735 0.00381685 
-0.0506135 -0.0081931 -0.0132305 
0.0398608 0.00443424 -0.00331409 
-0.0608701 -0.0188255 -0.0056675 
-0.0448474 0.0146987 -0.00119529 
-0.0229141 0.0186864 0.000780086 
0.0280689 0.00157588 -0.00254794 
-0.0288383 0.013694 0.0223636 
-0.0172517 0.00158193 0.00255817 
-0.0672219 0.0133616 0.0229447 
-0.032497 0.00564993 0.00171018 
0.029008 0.00885086 -0.00160963 
-0.0454662 -0.0148648 0.00231771 
0.00151375 0.0388806 -0.00626613 
-0.0538964 0.0230751 0.000771947 
-0.00181736 -0.035 0.0114552 
-0.056248 -0.0177823 -0.00699029 
0.00317436 0.0376118 0.00384782 
-0.0230379 -0.00271481 0.0250845 
0.00579971 -0.0164431 -0.000877641 
-0.0330471 -0.0178183 0.00153938 
-0.000787645 -0.000729154 -0.00632454 
-0.0358329 -0.00434052 0.0076529 
-0.047843 -0.0249274 -0.00038662 
-0.07057289999999999 0.02636 -0.00584354 
-0.0150576 0.0040116 -0.00972925 
-0.0719796 0.00842599 -0.0238763 
-0.0136039  0.035 -0.00614749 
-0.0402427 -0.00775588 0.00519812 
-0.0682799 0.00457461 0.0167956 
-0.0474902 0.0173697 -0.00476166 
-0.0701608 0.00874662 -0.015705 
0.00550987 -0.0164927 0.00229748 
0.0129241 0.00734067 -0.00817029 
0.00237138 0.0293162 -0.0100309 
-0.056151 0.00827699 -0.0136745 
-0.067 0.011816 0.0210416 
-0.0589301 -0.001 -0.0227154 
-0.0112137 -0.00202552 -0.0137175 
-0.00185964 0.0199575 -0.00559698 
-0.0334617 0.0126981 -0.00338557 
-0.0122771 -0.00656003 -0.00777016 
-0.057891 0.0130645 0.0142292 
-0.0639271 -0.0187686 0.00733151 
-0.0261446 -0.019883 -0.00075 
-0.00614283 0.0005191800000000001 -0.0152685 
-0.0623399 -0.000364488 0.0151486 
0.0351604 0.00744779 -0.000496708 
-0.0700301 0.0133244 -0.0117553 
0.0292409 0.00740233 -0.00513129 
-0.0521449 0.0178177 0.00526198 
0.0030731 0.00600823 -0.00998958 
-0.042044 -0.000187248 0.0266221 
-0.0347984 0.00987002 0.026349 
0.00593847 -0.0253004 0.00528444 
-0.024593 0.00886958 -0.0122547 
-0.019233 0.0111235 -0.00921902 
-0.00399396 0.0143792 0.00437371 
-0.06577180000000001 0.00730405 -0.019856 
0.00127164 -0.0276075 0.009915999999999999 
-0.0496222 0.0113563 -0.0142872 
0.00105654 0.00359955 0.00584957 
0.0176708 -0.0100332 0.00450668 
-0.0109833 0.0314822 0.000296347 
-0.0068203 0.00237877 -0.012909 
0.0116049 0.0369071 -0.00846355 
-0.035019 0.0225649 0.00075 
0.0048647 -0.0240681 0.00628446 
-0.0266502 -0.0146323 -0.0047015 
-0.0711382 -0.0154571 -0.0221157 
-0.00821817 0.0207 0.00556893 
-0.0550524 -0.00444223 -0.0183663 
-0.0577051 -0.0119993 0.00930773 
-0.0620854 0.0034669 0.0194209 
-0.0141731 0.00652061 0.0133852 
-0.0273765 -0.00746171 0.0255667 
0.00732569 0.0247873 -0.00676516 
-0.07060959999999999 0.026357 0.00585472 
-0.0128644 -0.0367 0.007853560000000001 
0.0122947  0.035 0.00558252 
-0.0471716 -0.0172176 -0.00509304 
0.00458322 0.0345227 0.009947070000000001 
 0.041 -0.00103854 0.000617689 
-0.01918 -0.0143817 -0.00322274 
0.0425392 -0.00517193 0.00551316 
0.00580989 -0.0134578 -0.000833114 
-0.07049999999999999 0.0196317 -0.009022219999999999 
-0.0440187 -0.00705178 -0.0161132 
-0.0502142 0.0166617 0.00773463 
-0.0694159 0.0171801 -0.00477834 
0.00342203 0.0015174 0.00484457 
-0.00717398 0.00342442 -0.0124475 
-0.062437 0.0230348 -0.000963143 
-0.008646890000000001 -0.0376426 0.00745494 
-0.0316606 -0.012932 0.0207123 
0.02916 -0.00185841 -0.008779230000000001 
0.00493312 0.0255 -0.00577806 
-0.0484497 -0.0152864 0.0018069 
-0.0126772   0.01 0.00615646 
-0.0280374 -0.00933903 0.0316055 
-0.0634349 0.0156688 0.00280071 
-0.010484 -0.0367 0.006203 
-0.0657211 0.00745812 0.0189178 
0.00293785 0.0322729 -0.00265819 
-0.00129746 0.0314741 0.0109106 
-0.000167095 0.0354856 0.00204735 
-0.0232234 -0.00617802 0.0109672 
0.0104036 -0.0367 -0.00272386 
 0.041 0.000336335 0.00670309 
-0.07049999999999999 0.0176292 0.0141834 
-0.0222239 0.00631157 0.00978892 
-0.0228655 0.00237431 0.024309 
-0.00309862 0.00951431 0.0102025 
-0.0299853 -0.00205733 -0.0161351 
-0.0621951 0.0181164 -0.00732264 
0.010136 -0.0144184 0.00254337 
-0.0495728 0.0167409 -0.00720236 
-0.061983 -0.0126642 0.0152783 
0.00799622 0.0164597 -0.00595116 
-0.0292288 0.00230264 -0.0158464 
-0.0357171 0.00838354 0.00316023 
0.00183918 -0.0145684 -0.00982745 
-0.0546618 -0.007976810000000001 0.016078 
0.00467349 0.0186629 0.008787369999999999 
-0.0211229 0.0192364 -0.00075 
-0.00191663 -0.000169313 0.00556953 
-0.0637383 -0.001 -0.0248478 
-0.0336904 -0.0221213 0.00075 
-0.0145109 -0.000429271 -0.0168816 
0.00702159 -0.0228171 -0.00707401 
0.00199213 -0.0316841 0.00341133 
-0.00301217 0.0214532 0.00735431 
0.0423383 -0.000875618 0.007062 
-0.0132492 0.00263138 -0.00995395 
0.00300035 -0.0141441 -0.00946804 
-0.0702373 0.0233956 0.00673376 
0.0421295 -0.00721446 0.00402495 
-0.06281340000000001 -0.0185174 0.0073034 
0.00482736 -0.0144229 -0.00875285 
-0.0707378 0.0183368 -0.0167993 
-0.043438 -0.0121768 0.00656748 
0.0286509 0.0057124 -0.00705601 
-0.00988094 0.021441 -0.00113864 
-0.0469296 0.0163824 -0.00722629 
-0.0640709 -0.0249821 0.00121328 
-0.067 0.00505301 0.0235332 
0.0395353 -0.0029616 -0.00015432 
-0.0460274 0.0133733 -0.00656723 
 0.041 -0.00116856 0.00535071 
0.006323 0.0358731 0.0146661 
-0.0618102 -0.021683 -0.00142918 
-0.01417 -0.0366489 -0.00233569 
-0.0291932 0.0118116 -0.00134478 
0.036229 -0.000401803 -0.00745891 
0.0366874 -0.00385178 -0.00642124 
-0.0296631 -0.0142854 -0.0066697 
-0.0719442 -0.00495349 -0.0262172 
0.00527705 0.0367 -0.00898941 
-0.0360728 -0.0074881 0.00777341 
0.0304299 -0.00362633 0.00806431 
-0.0239936 0.00633872 0.0142626 
-0.0501711 0.00733066 -0.0136728 
-0.0429925 -0.0142877 0.0100323 
-0.05327 0.00480348 -0.0180294 
-0.000726364 -0.00527605 -0.0108836 
0.00150309 0.0260071 -0.003649 
-0.0337168 -0.00240463 -0.0163915 
0.0300055 -0.00830621 -0.00294431 
-0.0608879 -0.0140536 0.0138186 
-0.0286065 -0.0102581 -0.00708946 
-0.0454275 -0.0168777 0.00543019 
-0.0409217 0.000789075 0.0286605 
-0.009944730000000001 0.00968833 0.0117531 
0.0036071 -0.0229233 -0.009290440000000001 
-0.0313712 0.0153673 0.0208807 
-0.0632062 0.009951750000000001 -0.0161937 
0.00541911 0.0296155 0.00912075 
-0.0623588 0.0172617 0.008101850000000001 
-0.000695202 0.0252743 -0.00995468 
-0.0425891 0.00729139 0.0210715 
-0.00146361 -0.0207 0.00945329 
-0.0017939 0.0300277 -0.00354084 
-0.0308273 -0.00185867 -0.0126578 
0.0209084 0.0100963 0.0027695 
-0.0132208 0.008477449999999999 -0.00585267 
-0.00684047 0.0212779 0.00408432 
-0.0165882 0.00833571 -0.000295503 
-0.00196234 0.0366 -0.014207 
 0.031 -0.00611397 -0.00493101 
-0.0375742 -0.0136166 0.00164036 
0.0143725 0.0105534 -0.00343758 
0.00255679 -0.0128857 0.009657829999999999 
-0.0256748 -0.00982043 -0.00699079 
-0.0455104 0.0155267 0.00857721 
-0.0289493 0.00105232 0.0218563 
-0.0274409 0.008400029999999999 0.00382026 
 0.041 -0.00451573 -0.00578262 
0.0331547 -0.000193921 0.00297097 
-0.00555386 0.008717300000000001 -0.00223448 
0.0140085 -0.0356548 0.00113568 
0.00213876 -0.0366033 0.0154304 
-0.067 -0.008128059999999999 -0.0233707 
-0.0651665 -0.00640356 -0.0146468 
-0.0203224 -0.0065 0.011561 
-0.0180045 0.000354683 -0.0175551 
-0.0640341 -0.00725679 0.0188174 
-0.0218026 -0.00625931 0.0197222 
-0.00106209 0.0385227 -0.00781486 
-0.00194283 -0.0205 0.009611979999999999 
-0.0452281 -0.012192 -0.008418230000000001 
-0.00815607 0.0290062 -0.00579593 
-0.0108799 0.0299259 -0.000907547 
-0.0330162 -0.00149134 -0.0172424 
-0.0195321 0.00649023 0.00692284 
-0.0116139 -0.0361232 0.0109433 
-0.0713635 -0.010357 0.0249118 
-0.0390549 -0.00587621 -0.015854 
0.006076 0.0338792 0.00915185 
-0.0316074   0.01 0.0141612 
-0.008195239999999999 0.0222666 0.00570309 
-0.061311 0.00563246 0.0146601 
-0.030108 -0.00497373 0.0177306 
-0.038847 0.0139295 0.0008823839999999999 
0.00297506 0.0239045 -0.00740368 
-0.0367758 -0.00492219 0.0272971 
0.00645328 0.027561 0.00763027 
-0.024924   0.01 0.0135492 
-0.0337867 -0.0136342 -0.008853990000000001 
-0.00671051 -0.035 -0.0111507 
3 291 848 332 
3 641 291 332 
3 870 501 971 
3 501 754 971 
3 291 303 848 
3 334 303 920 
3 294 334 661 
3 41 353 848 
3 401 54 388 
3 54 401 2 
3 247 401 388 
3 247 757 767 
3 247 767 2 
3 401 247 2 
3 784 641 332 
3 767 836 2 
3 784 836 641 
3 797 531 30 
3 54 531 797 
3 848 429 332 
3 353 429 848 
3 429 467 332 
3 531 429 353 
3 130 54 797 
3 130 797 30 
3 927 130 30 
3 130 927 388 
3 54 130 388 
3 749 726 661 
3 749 870 971 
3 501 615 920 
3 334 615 661 
3 615 334 920 
3 615 501 870 
3 615 749 661 
3 749 615 870 
3 756 219 864 
3 219 756 30 
3 907 855 63 
3 907 754 855 
3 754 903 855 
3 903 754 501 
3 303 428 848 
3 428 303 334 
3 428 41 848 
3 765 641 920 
3 303 765 920 
3 641 765 291 
3 765 303 291 
3 417 294 661 
3 294 417 334 
3 927 648 388 
3 648 247 388 
3 247 218 757 
3 467 978 332 
3 978 784 332 
3 784 978 2 
3 223 784 2 
3 836 223 2 
3 223 836 784 
3 641 248 920 
3 612 531 54 
3 978 710 2 
3 710 978 467 
3 612 710 531 
3 710 54 2 
3 710 612 54 
3 749 986 726 
3 74 986 749 
3 219 74 112 
3 219 985 864 
3 855 279 63 
3 903 279 855 
3 279 757 63 
3 101 836 767 
3 780 428 334 
3 428 780 41 
3 417 780 334 
3 780 417 41 
3 41 361 726 
3 417 361 41 
3 726 361 661 
3 361 417 661 
3 756 32 30 
3 757 735 63 
3 218 735 757 
3 970 735 218 
3 735 907 63 
3 300 756 864 
3 300 477 756 
3 754 16 971 
3 907 16 754 
3 735 16 907 
3 16 735 970 
3 795 429 531 
3 429 795 467 
3 795 710 467 
3 419 219 30 
3 532 74 219 
3 74 532 986 
3 419 532 219 
3 532 419 30 
3 986 532 726 
3 532 41 726 
3 41 532 353 
3 985 168 864 
3 168 300 864 
3 168 985 219 
3 168 219 112 
3 74 168 112 
3 168 749 971 
3 168 74 749 
3 757 26 767 
3 26 101 767 
3 248 748 920 
3 648 840 247 
3 840 648 927 
3 840 927 30 
3 32 840 30 
3 477 674 756 
3 674 32 756 
3 477 38 247 
3 300 38 477 
3 16 38 971 
3 38 168 971 
3 168 38 300 
3 710 430 531 
3 430 795 531 
3 795 430 710 
3 279 243 757 
3 243 26 757 
3 243 279 903 
3 26 243 101 
3 243 748 101 
3 748 243 920 
3 243 501 920 
3 243 903 501 
3 101 251 836 
3 748 251 101 
3 251 748 248 
3 836 251 641 
3 251 248 641 
3 674 337 32 
3 840 337 247 
3 337 840 32 
3 411 218 247 
3 38 411 247 
3 411 970 218 
3 411 16 970 
3 411 38 16 
3 337 420 247 
3 420 337 674 
3 420 477 247 
3 420 674 477 
3 532 531 353 
3 531 532 30 
Vertices and facets:
- p291(v14): -0.008 0.038 0.0058
  neighbors: f43 f64 f112 f213 f214
- p848(v5): -0.071 0.026 0.0059
  neighbors: f43 f112 f121 f162 f163 f207 f209
- p332(v3): -0.0058 0.039 -0.00019
  neighbors: f43 f64 f146 f162 f164 f236 f237
- p641(v19): 0.0054 0.039 0.0017
  neighbors: f64 f146 f152 f211 f213 f243 f383 f384
- p501(v25): 0.041 -0.00049 0.0078
  neighbors: f97 f108 f178 f181 f200 f378 f379
- p870(v24): -0.028 -0.0093 0.032
  neighbors: f97 f177 f181 f183
- p971(v7): 0.0021 -0.037 0.015
  neighbors: f97 f108 f177 f340 f310 f366 f367
- p754(v27): 0.011 -0.036 0.012
  neighbors: f108 f196 f199 f200 f310 f313
- p303(v28): -0.0014 0.037 0.012
  neighbors: f112 f114 f207 f208 f212 f214
- p334(v15): -0.035 0.017 0.029
  neighbors: f114 f118 f179 f180 f208 f218 f281 f283
- p920(v8): 0.0063 0.036 0.015
  neighbors: f114 f178 f180 f349 f211 f212 f243 f377 f378
- p294(v29): -0.037 0.0004 0.032
  neighbors: f118 f217 f218
- p661(v4): -0.033 -0.0029 0.033
  neighbors: f118 f173 f179 f182 f217 f287 f288
- p41(v30): -0.072  0.01 0.023
  neighbors: f121 f209 f282 f284 f285 f286 f331 f333
- p353(v22): -0.072 0.026 0.00015
  neighbors: f121 f163 f165 f333 f398
- p401(v31): -0.061 0.00089 -0.026
  neighbors: f128 f129 f136 f139
- p54(v23): -0.07 0.008 -0.026
  neighbors: f128 f129 f158 f168 f172 f249 f255 f256
- p388(v6): -0.07 -0.0033 -0.027
  neighbors: f128 f136 f171 f172 f220 f221
- p2(v10): 0.00036 0.037 -0.015
  neighbors: f129 f138 f139 f150 f239 f240 f241 f251 f255
- p247(v33): 0.0073 -0.036 -0.014
  neighbors: f136 f137 f138 f139 f221 f227 f387 f361 f390 f352 f389 f394 f396
- p757(v32): 0.043 -0.005 -0.0047
  neighbors: f137 f227 f272 f302 f301 f342 f372 f373
- p767(v18): 0.041 -0.0021 -0.0075
  neighbors: f137 f138 f150 f274 f342 f343
- p784(v34): 0.0015 0.039 -0.0063
  neighbors: f146 f152 f237 f239 f240 f242
- p836(v35): 0.012 0.037 -0.0085
  neighbors: f150 f152 f241 f242 f274 f380 f383
- p531(v36): -0.072 0.021 -0.016
  neighbors: f156 f158 f165 f249 f254 f319 f369 f370 f398 f399
- p797(v11): -0.072 0.0084 -0.024
  neighbors: f156 f158 f168 f169
- p30(v1): -0.072 -0.025 0.0013
  neighbors: f156 f169 f170 f192 f292 f329 f323 f355 f356 f399
- p429(v37): -0.071 0.027 -0.0041
  neighbors: f162 f163 f164 f165 f319 f321
- p467(v20): -0.012 0.037 -0.0069
  neighbors: f164 f236 f252 f321 f322
- p130(v38): -0.072 -0.0045 -0.026
  neighbors: f168 f169 f170 f171 f172
- p927(v21): -0.072 -0.005 -0.026
  neighbors: f170 f171 f220 f354 f355
- p749(v39): -0.03 -0.0098 0.032
  neighbors: f173 f177 f182 f183 f257 f264 f340 f341
- p726(v9): -0.071 -0.0058 0.026
  neighbors: f173 f257 f285 f287 f330 f331
- p615(v40): -0.03 -0.00049 0.033
  neighbors: f178 f179 f180 f181 f182 f183
- p219(v42): -0.071 -0.025 0.011
  neighbors: f328 f191 f192 f265 f326 f269 f323 f337 f338
- p756(v41): -0.07 -0.027 0.0021
  neighbors: f191 f192 f309 f292 f308 f359 f360
- p864(v26): -0.0086 -0.038 0.0075
  neighbors: f191 f308 f269 f334 f336
- p907(v43): 0.042 -0.0072 0.004
  neighbors: f195 f196 f304 f313 f315
- p855(v12): 0.043 -0.0052 0.0055
  neighbors: f195 f196 f199 f270 f271
- p63(v2): 0.043 -0.0063 0.0016
  neighbors: f195 f270 f272 f301 f304
- p903(v44): 0.042 -0.00088 0.0071
  neighbors: f199 f200 f271 f374 f379
- p428(v45): -0.068 0.022 0.016
  neighbors: f207 f208 f209 f281 f282
- p765(v46): 0.0008 0.037 0.011
  neighbors: f211 f212 f213 f214
- p417(v47): -0.069 0.00071 0.027
  neighbors: f217 f218 f283 f284 f286 f288
- p648(v48): -0.068 -0.0068 -0.026
  neighbors: f220 f221 f352 f354
- p218(v49): 0.014 -0.035 -0.0067
  neighbors: f227 f302 f303 f389 f391
- p978(v51): -0.0011 0.039 -0.0078
  neighbors: f236 f237 f239 f251 f252
- p223(v52): 0.0074 0.037 -0.01
  neighbors: f240 f241 f242
- p248(v53): 0.012 0.036 0.00077
  neighbors: f243 f349 f382 f384
- p612(v54): -0.068 0.015 -0.022
  neighbors: f249 f254 f256
- p710(v55): -0.0027 0.036 -0.016
  neighbors: f251 f252 f254 f255 f256 f322 f369 f371
- p986(v56): -0.071 -0.01 0.025
  neighbors: f257 f264 f327 f330
- p74(v57): -0.07 -0.019 0.019
  neighbors: f327 f326 f264 f265 f339 f341
- p112(v16): -0.07 -0.022 0.016
  neighbors: f265 f338 f339
- p985(v58): -0.012 -0.036 0.011
  neighbors: f269 f334 f337
- p279(v59): 0.043 -0.0036 0.0019
  neighbors: f270 f271 f272 f372 f374
- p101(v60):  0.04 0.0074 -0.0014
  neighbors: f274 f376 f343 f375 f380 f381
- p780(v61): -0.067 0.013 0.023
  neighbors: f281 f282 f283 f284
- p361(v62): -0.07 -0.0016 0.027
  neighbors: f285 f286 f287 f288
- p32(v63): -0.069 -0.02 -0.018
  neighbors: f292 f356 f360 f386 f388
- p735(v65): 0.042 -0.0078 -0.00082
  neighbors: f301 f302 f303 f304 f315 f316
- p970(v64): 0.014 -0.036 0.0011
  neighbors: f303 f316 f391 f392
- p300(v66): -0.0061 -0.039 -0.00073
  neighbors: f336 f308 f309 f363 f368
- p477(v50): -0.0036 -0.039 -0.0041
  neighbors: f359 f363 f309 f361 f396 f397
- p16(v67): 0.014 -0.037 0.0079
  neighbors: f310 f316 f315 f313 f366 f392 f393
- p795(v68): -0.071 0.026 -0.0058
  neighbors: f319 f322 f321 f370 f371
- p419(v69): -0.072 -0.024 0.008
  neighbors: f323 f328 f329
- p532(v70): -0.072 -0.011 0.023
  neighbors: f326 f327 f328 f329 f330 f331 f333 f398 f399
- p168(v71): 0.0014 -0.037 0.015
  neighbors: f334 f341 f336 f337 f338 f339 f340 f367 f368
- p26(v72): 0.041 0.0025 -0.0036
  neighbors: f342 f343 f373 f375
- p748(v73): 0.015 0.035 0.0013
  neighbors: f377 f376 f349 f381 f382
- p840(v74): -0.071 -0.015 -0.022
  neighbors: f352 f356 f354 f355 f387 f388
- p674(v75): -0.014 -0.036 -0.0082
  neighbors: f386 f360 f359 f395 f397
- p38(v76): 0.0054 -0.039 -0.0017
  neighbors: f361 f368 f363 f367 f366 f390 f393
- p430(v77): -0.068 0.023 -0.014
  neighbors: f369 f370 f371
- p243(v78): 0.042 0.0046 0.0065
  neighbors: f372 f373 f374 f375 f376 f377 f378 f379
- p251(v79): 0.012 0.037 -0.0066
  neighbors: f380 f381 f382 f383 f384
- p337(v80): -0.0067 -0.035 -0.013
  neighbors: f388 f386 f387 f394 f395
- p411(v81): 0.011 -0.038 -0.0026
  neighbors: f389 f390 f391 f392 f393
- p420(v82): -0.001 -0.037 -0.012
  neighbors: f394 f395 f396 f397
- f43
    - flags: top simplicial
    - normal:   -0.1824   0.9788  0.09277
    - offset: -0.03922029
    - vertices: p291(v14) p848(v5) p332(v3)
    - neighboring facets: f162 f64 f112
- f64
    - flags: top simplicial
    - normal:  -0.02571   0.9882    0.151
    - offset: -0.03866047
    - vertices: p641(v19) p291(v14) p332(v3)
    - neighboring facets: f43 f146 f213
- f97
    - flags: bottom simplicial
    - normal:    0.3409  -0.1711   0.9244
    - offset: -0.02125753
    - vertices: p501(v25) p870(v24) p971(v7)
    - neighboring facets: f177 f108 f181
- f108
    - flags: bottom simplicial
    - normal:    0.3917  -0.2332     0.89
    - offset: -0.02310601
    - vertices: p754(v27) p501(v25) p971(v7)
    - neighboring facets: f97 f310 f200
- f112
    - flags: bottom simplicial
    - normal:   -0.1696   0.9125   0.3723
    - offset: -0.03820245
    - vertices: p303(v28) p291(v14) p848(v5)
    - neighboring facets: f43 f207 f214
- f114
    - flags: bottom simplicial
    - normal:   -0.1278   0.7573   0.6405
    - offset: -0.03575075
    - vertices: p303(v28) p334(v15) p920(v8)
    - neighboring facets: f180 f212 f208
- f118
    - flags: top simplicial
    - normal:  -0.07859   0.1903   0.9786
    - offset: -0.0342517
    - vertices: p294(v29) p334(v15) p661(v4)
    - neighboring facets: f179 f217 f218
- f121
    - flags: top simplicial
    - normal:   -0.9366   0.2837   0.2057
    - offset: -0.07481405
    - center: -0.0714432 0.02085126666666666 0.009652177333333335 
    - vertices: p41(v30) p353(v22) p848(v5)
    - neighboring facets: f163 f209 f333
- f128
    - flags: top simplicial
    - normal:   0.06635  0.09328  -0.9934
    - offset: -0.02167512
    - vertices: p401(v31) p54(v23) p388(v6)
    - neighboring facets: f172 f136 f129
- f129
    - flags: bottom simplicial
    - normal:   0.09211   0.1275  -0.9876
    - offset: -0.01998957
    - vertices: p401(v31) p54(v23) p2(v10)
    - neighboring facets: f255 f139 f128
- f136
    - flags: top simplicial
    - normal:    0.1362 -0.05865  -0.9889
    - offset: -0.01718359
    - vertices: p247(v33) p401(v31) p388(v6)
    - neighboring facets: f128 f221 f139
- f137
    - flags: top simplicial
    - normal:     0.533  -0.3799   -0.756
    - offset: -0.02831545
    - vertices: p247(v33) p757(v32) p767(v18)
    - neighboring facets: f342 f138 f227
- f138
    - flags: top simplicial
    - normal:    0.1943 0.001716  -0.9809
    - offset: -0.01532068
    - vertices: p247(v33) p767(v18) p2(v10)
    - neighboring facets: f150 f139 f137
- f139
    - flags: bottom simplicial
    - normal:    0.1669 -0.0009804   -0.986
    - offset: -0.01529007
    - vertices: p247(v33) p401(v31) p2(v10)
    - neighboring facets: f129 f138 f136
- f146
    - flags: top simplicial
    - normal:  0.002775   0.9999  -0.0163
    - offset: -0.03898164
    - vertices: p784(v34) p641(v19) p332(v3)
    - neighboring facets: f64 f237 f152
- f150
    - flags: bottom simplicial
    - normal:    0.4892   0.3491  -0.7992
    - offset: -0.02532603
    - vertices: p836(v35) p767(v18) p2(v10)
    - neighboring facets: f138 f241 f274
- f152
    - flags: bottom simplicial
    - normal:    0.1705   0.9805 -0.09751
    - offset: -0.03899224
    - vertices: p836(v35) p784(v34) p641(v19)
    - neighboring facets: f146 f383 f242
- f156
    - flags: bottom simplicial
    - normal:        -1 -0.0005792 -0.00159
    - offset: -0.07201259
    - center: -0.07199319999999999 0.001311430000000001 -0.01273274 
    - vertices: p531(v36) p797(v11) p30(v1)
    - neighboring facets: f169 f399 f158
    - ridges:
- f158
    - flags: bottom simplicial
    - normal:   -0.5921   0.4452  -0.6718
    - offset: -0.0624067
    - vertices: p531(v36) p54(v23) p797(v11)
    - neighboring facets: f168 f156 f249
- f162
    - flags: bottom simplicial
    - normal:   -0.1884   0.9815  0.03406
    - offset: -0.0393705
    - vertices: p429(v37) p848(v5) p332(v3)
    - neighboring facets: f43 f164 f163
- f163
    - flags: bottom simplicial
    - normal:   -0.4488   0.8928  0.03797
    - offset: -0.0554434
    - vertices: p429(v37) p353(v22) p848(v5)
    - neighboring facets: f121 f162 f165
- f164
    - flags: top simplicial
    - normal:   -0.1744   0.9708  -0.1645
    - offset: -0.03891131
    - vertices: p429(v37) p467(v20) p332(v3)
    - neighboring facets: f236 f162 f321
- f165
    - flags: bottom simplicial
    - normal:   -0.8696   0.4707  -0.1495
    - offset: -0.07477539
    - center: -0.07162013333333334 0.02448483333333333 -0.006513452666666665 
    - vertices: p429(v37) p531(v36) p353(v22)
    - neighboring facets: f398 f163 f319
    - ridges:
- f168
    - flags: top simplicial
    - normal:    -0.699   0.1285  -0.7034
    - offset: -0.06819538
    - vertices: p130(v38) p54(v23) p797(v11)
    - neighboring facets: f158 f169 f172
- f169
    - flags: top simplicial
    - normal:        -1 -0.001456 -0.002769
    - offset: -0.07203309
    - vertices: p130(v38) p797(v11) p30(v1)
    - neighboring facets: f156 f170 f168
- f170
    - flags: bottom simplicial
    - normal:   -0.9994 -0.02666 -0.02185
    - offset: -0.07260644
    - vertices: p130(v38) p927(v21) p30(v1)
    - neighboring facets: f355 f169 f171
- f171
    - flags: top simplicial
    - normal:   -0.1512  -0.1297  -0.9799
    - offset: -0.03721285
    - vertices: p130(v38) p927(v21) p388(v6)
    - neighboring facets: f220 f172 f170
- f172
    - flags: bottom simplicial
    - normal:   -0.2645  0.07729  -0.9613
    - offset: -0.04393311
    - vertices: p130(v38) p54(v23) p388(v6)
    - neighboring facets: f128 f171 f168
- f173
    - flags: top simplicial
    - normal:    -0.155  -0.1638   0.9742
    - offset: -0.03766694
    - vertices: p749(v39) p726(v9) p661(v4)
    - neighboring facets: f287 f182 f257
- f177
    - flags: top simplicial
    - normal:    0.2726  -0.2496   0.9292
    - offset: -0.02405618
    - vertices: p749(v39) p870(v24) p971(v7)
    - neighboring facets: f97 f340 f183
- f178
    - flags: bottom simplicial
    - normal:     0.326   0.1338   0.9359
    - offset: -0.02058582
    - vertices: p615(v40) p501(v25) p920(v8)
    - neighboring facets: f378 f180 f181
- f179
    - flags: bottom simplicial
    - normal:   -0.0355   0.1952   0.9801
    - offset: -0.03285634
    - vertices: p615(v40) p334(v15) p661(v4)
    - neighboring facets: f118 f182 f180
- f180
    - flags: top simplicial
    - normal:    0.2034   0.2603   0.9439
    - offset: -0.02446782
    - vertices: p615(v40) p334(v15) p920(v8)
    - neighboring facets: f114 f178 f179
- f181
    - flags: top simplicial
    - normal:    0.3288  -0.0241   0.9441
    - offset: -0.0208443
    - vertices: p615(v40) p501(v25) p870(v24)
    - neighboring facets: f97 f183 f178
- f182
    - flags: top simplicial
    - normal:    0.1439  -0.0436   0.9886
    - offset: -0.02785822
    - vertices: p615(v40) p749(v39) p661(v4)
    - neighboring facets: f173 f179 f183
- f183
    - flags: bottom simplicial
    - normal:    0.2409 -0.04669   0.9694
    - offset: -0.02431972
    - vertices: p615(v40) p749(v39) p870(v24)
    - neighboring facets: f177 f181 f182
- f191
    - flags: bottom simplicial
    - normal:   -0.1865  -0.9596   0.2109
    - offset: -0.0393049
    - vertices: p219(v42) p756(v41) p864(v26)
    - neighboring facets: f308 f269 f192
- f192
    - flags: top simplicial
    - normal:   -0.6294  -0.7696   0.1072
    - offset: -0.06499612
    - vertices: p219(v42) p756(v41) p30(v1)
    - neighboring facets: f292 f323 f191
- f195
    - flags: top simplicial
    - normal:    0.9205  -0.3333    0.204
    - offset: -0.04200518
    - vertices: p907(v43) p855(v12) p63(v2)
    - neighboring facets: f270 f304 f196
- f196
    - flags: top simplicial
    - normal:    0.6305  -0.5357   0.5617
    - offset: -0.0326892
    - vertices: p907(v43) p754(v27) p855(v12)
    - neighboring facets: f199 f195 f313
- f199
    - flags: bottom simplicial
    - normal:    0.4446  -0.2853   0.8491
    - offset: -0.0250679
    - vertices: p903(v44) p754(v27) p855(v12)
    - neighboring facets: f196 f271 f200
- f200
    - flags: top simplicial
    - normal:    0.4059  -0.2463   0.8801
    - offset: -0.02361421
    - vertices: p903(v44) p754(v27) p501(v25)
    - neighboring facets: f108 f379 f199
- f207
    - flags: bottom simplicial
    - normal:   -0.1713   0.8795    0.444
    - offset: -0.03787689
    - vertices: p428(v45) p303(v28) p848(v5)
    - neighboring facets: f112 f209 f208
- f208
    - flags: top simplicial
    - normal:   -0.1343   0.7623   0.6332
    - offset: -0.03585328
    - vertices: p428(v45) p303(v28) p334(v15)
    - neighboring facets: f114 f281 f207
- f209
    - flags: top simplicial
    - normal:   -0.7718   0.4877   0.4081
    - offset: -0.06973846
    - vertices: p428(v45) p41(v30) p848(v5)
    - neighboring facets: f121 f207 f282
- f211
    - flags: top simplicial
    - normal:   0.07297   0.9707   0.2291
    - offset: -0.03864241
    - vertices: p765(v46) p641(v19) p920(v8)
    - neighboring facets: f243 f212 f213
- f212
    - flags: bottom simplicial
    - normal:  -0.02436   0.9325   0.3604
    - offset: -0.03858264
    - vertices: p765(v46) p303(v28) p920(v8)
    - neighboring facets: f114 f211 f214
- f213
    - flags: bottom simplicial
    - normal:  -0.01404    0.982   0.1882
    - offset: -0.03854678
    - vertices: p765(v46) p641(v19) p291(v14)
    - neighboring facets: f64 f214 f211
- f214
    - flags: top simplicial
    - normal:  -0.07437   0.9554   0.2857
    - offset: -0.03857744
    - vertices: p765(v46) p303(v28) p291(v14)
    - neighboring facets: f112 f213 f212
- f217
    - flags: top simplicial
    - normal:    -0.154   0.1043   0.9826
    - offset: -0.0371374
    - vertices: p417(v47) p294(v29) p661(v4)
    - neighboring facets: f118 f288 f218
- f218
    - flags: bottom simplicial
    - normal:    -0.151   0.1961   0.9689
    - offset: -0.03662486
    - vertices: p417(v47) p294(v29) p334(v15)
    - neighboring facets: f118 f283 f217
- f220
    - flags: bottom simplicial
    - normal:  -0.08181  -0.2188  -0.9723
    - offset: -0.03246118
    - vertices: p648(v48) p927(v21) p388(v6)
    - neighboring facets: f171 f221 f354
- f221
    - flags: top simplicial
    - normal:   0.09716  -0.1487  -0.9841
    - offset: -0.02006883
    - vertices: p648(v48) p247(v33) p388(v6)
    - neighboring facets: f136 f220 f352
- f227
    - flags: bottom simplicial
    - normal:    0.6492  -0.6035  -0.4629
    - offset: -0.03303397
    - vertices: p218(v49) p247(v33) p757(v32)
    - neighboring facets: f137 f302 f389
- f236
    - flags: bottom simplicial
    - normal:    -0.171   0.9709  -0.1678
    - offset: -0.03889374
    - vertices: p978(v51) p467(v20) p332(v3)
    - neighboring facets: f164 f237 f252
- f237
    - flags: top simplicial
    - normal:  -0.07298   0.9915  -0.1078
    - offset: -0.03911467
    - vertices: p978(v51) p784(v34) p332(v3)
    - neighboring facets: f146 f236 f239
- f239
    - flags: bottom simplicial
    - normal:    0.0103   0.9704  -0.2414
    - offset: -0.03925692
    - vertices: p978(v51) p784(v34) p2(v10)
    - neighboring facets: f240 f251 f237
- f240
    - flags: top simplicial
    - normal:    0.0866   0.9645  -0.2495
    - offset: -0.0391946
    - vertices: p223(v52) p784(v34) p2(v10)
    - neighboring facets: f239 f241 f242
- f241
    - flags: bottom simplicial
    - normal:    0.2681   0.8429  -0.4665
    - offset: -0.03816845
    - vertices: p223(v52) p836(v35) p2(v10)
    - neighboring facets: f150 f240 f242
- f242
    - flags: top simplicial
    - normal:    0.1613   0.9773  -0.1372
    - offset: -0.03910288
    - vertices: p223(v52) p836(v35) p784(v34)
    - neighboring facets: f152 f240 f241
- f243
    - flags: bottom simplicial
    - normal:    0.3705   0.9086   0.1928
    - offset: -0.03776417
    - vertices: p248(v53) p641(v19) p920(v8)
    - neighboring facets: f211 f349 f384
- f249
    - flags: top simplicial
    - normal:    -0.477   0.5011   -0.722
    - offset: -0.05607639
    - vertices: p612(v54) p531(v36) p54(v23)
    - neighboring facets: f158 f256 f254
- f251
    - flags: bottom simplicial
    - normal:    -0.039   0.9675  -0.2498
    - offset: -0.03926479
    - vertices: p710(v55) p978(v51) p2(v10)
    - neighboring facets: f239 f255 f252
- f252
    - flags: top simplicial
    - normal:   -0.1734   0.9601  -0.2195
    - offset: -0.03888466
    - vertices: p710(v55) p978(v51) p467(v20)
    - neighboring facets: f236 f322 f251
- f254
    - flags: bottom simplicial
    - normal:   -0.1573   0.6965  -0.7001
    - offset: -0.03679761
    - vertices: p710(v55) p612(v54) p531(v36)
    - neighboring facets: f249 f369 f256
- f255
    - flags: top simplicial
    - normal:   0.06346    0.195  -0.9788
    - offset: -0.02231353
    - vertices: p710(v55) p54(v23) p2(v10)
    - neighboring facets: f129 f251 f256
- f256
    - flags: top simplicial
    - normal:  -0.05433   0.4447   -0.894
    - offset: -0.03039544
    - vertices: p710(v55) p612(v54) p54(v23)
    - neighboring facets: f249 f255 f254
- f257
    - flags: bottom simplicial
    - normal:   -0.1631  -0.2952   0.9414
    - offset: -0.03814772
    - center: -0.05772796666666666 -0.008671369999999998 0.02780233333333333 
    - vertices: p986(v56) p749(v39) p726(v9)
    - neighboring facets: f173 f330 f264
- f264
    - flags: top simplicial
    - normal:   -0.1365  -0.5679   0.8117
    - offset: -0.03584469
    - center: -0.05735863333333333 -0.01320015333333333 0.02527796666666666 
    - vertices: p74(v57) p986(v56) p749(v39)
    - neighboring facets: f257 f341 f327
- f265
    - flags: bottom simplicial
    - normal:   -0.5126  -0.6926   0.5075
    - offset: -0.05900277
    - center: -0.07044176666666667 -0.0220261 0.0150489 
    - vertices: p74(v57) p219(v42) p112(v16)
    - neighboring facets: f338 f339 f326
- f269
    - flags: bottom simplicial
    - normal:   -0.1819  -0.9487   0.2585
    - offset: -0.03921264
    - vertices: p985(v58) p219(v42) p864(v26)
    - neighboring facets: f191 f334 f337
- f270
    - flags: bottom simplicial
    - normal:    0.9927 -0.01172   0.1201
    - offset: -0.04295109
    - vertices: p279(v59) p855(v12) p63(v2)
    - neighboring facets: f195 f272 f271
- f271
    - flags: bottom simplicial
    - normal:    0.9921 0.001102   0.1256
    - offset: -0.04288906
    - vertices: p279(v59) p903(v44) p855(v12)
    - neighboring facets: f199 f270 f374
- f272
    - flags: top simplicial
    - normal:    0.9998 0.001733 -0.01775
    - offset: -0.04295395
    - vertices: p279(v59) p757(v32) p63(v2)
    - neighboring facets: f301 f270 f372
- f274
    - flags: top simplicial
    - normal:    0.6537   0.4783  -0.5865
    - offset: -0.0302017
    - vertices: p101(v60) p836(v35) p767(v18)
    - neighboring facets: f150 f343 f380
- f281
    - flags: top simplicial
    - normal:   -0.2086   0.6089   0.7653
    - offset: -0.03971706
    - vertices: p780(v61) p428(v45) p334(v15)
    - neighboring facets: f208 f283 f282
- f282
    - flags: bottom simplicial
    - normal:   -0.3826   0.5624    0.733
    - offset: -0.05005405
    - vertices: p780(v61) p428(v45) p41(v30)
    - neighboring facets: f209 f284 f281
- f283
    - flags: bottom simplicial
    - normal:   -0.2069   0.3172   0.9255
    - offset: -0.03938295
    - vertices: p780(v61) p417(v47) p334(v15)
    - neighboring facets: f218 f281 f284
- f284
    - flags: top simplicial
    - normal:   -0.2156   0.3175   0.9234
    - offset: -0.03992066
    - vertices: p780(v61) p417(v47) p41(v30)
    - neighboring facets: f286 f282 f283
- f285
    - flags: bottom simplicial
    - normal:   -0.7146   0.1299   0.6874
    - offset: -0.06836047
    - center: -0.07105803333333334 0.0009408299999999998 0.025404 
    - vertices: p361(v62) p41(v30) p726(v9)
    - neighboring facets: f331 f287 f286
- f286
    - flags: bottom simplicial
    - normal:   -0.4105    0.237   0.8805
    - offset: -0.05209028
    - vertices: p361(v62) p417(v47) p41(v30)
    - neighboring facets: f284 f285 f288
- f287
    - flags: bottom simplicial
    - normal:   -0.1619 -0.09251   0.9825
    - offset: -0.03796293
    - vertices: p361(v62) p726(v9) p661(v4)
    - neighboring facets: f173 f288 f285
- f288
    - flags: top simplicial
    - normal:   -0.1562  0.08488   0.9841
    - offset: -0.03731671
    - vertices: p361(v62) p417(v47) p661(v4)
    - neighboring facets: f217 f287 f286
- f292
    - flags: bottom simplicial
    - normal:   -0.5004  -0.8142  -0.2944
    - offset: -0.0563268
    - vertices: p32(v63) p756(v41) p30(v1)
    - neighboring facets: f192 f356 f360
- f301
    - flags: bottom simplicial
    - normal:    0.9554  -0.2852 -0.07635
    - offset: -0.04275785
    - vertices: p735(v65) p757(v32) p63(v2)
    - neighboring facets: f272 f304 f302
- f302
    - flags: bottom simplicial
    - normal:    0.6766  -0.6364  -0.3706
    - offset: -0.03393783
    - vertices: p735(v65) p218(v49) p757(v32)
    - neighboring facets: f227 f301 f303
- f303
    - flags: bottom simplicial
    - normal:    0.6939  -0.7135 -0.09736
    - offset: -0.03504911
    - vertices: p735(v65) p970(v64) p218(v49)
    - neighboring facets: f391 f302 f316
- f304
    - flags: top simplicial
    - normal:    0.8447  -0.5248   0.1048
    - offset: -0.03979673
    - vertices: p735(v65) p907(v43) p63(v2)
    - neighboring facets: f195 f301 f315
- f308
    - flags: top simplicial
    - normal:   -0.1801  -0.9785   0.1007
    - offset: -0.03914047
    - vertices: p300(v66) p756(v41) p864(v26)
    - neighboring facets: f191 f336 f309
- f309
    - flags: top simplicial
    - normal:   -0.1893  -0.9733  -0.1297
    - offset: -0.03916382
    - vertices: p300(v66) p477(v50) p756(v41)
    - neighboring facets: f359 f308 f363
- f310
    - flags: bottom simplicial
    - normal:    0.1721   -0.951   0.2568
    - offset: -0.03914097
    - vertices: p16(v67) p754(v27) p971(v7)
    - neighboring facets: f108 f366 f313
- f313
    - flags: bottom simplicial
    - normal:    0.6368  -0.5477   0.5427
    - offset: -0.03296402
    - vertices: p16(v67) p907(v43) p754(v27)
    - neighboring facets: f196 f310 f315
- f315
    - flags: bottom simplicial
    - normal:    0.7192  -0.6845   0.1192
    - offset: -0.03571812
    - vertices: p16(v67) p735(v65) p907(v43)
    - neighboring facets: f304 f313 f316
- f316
    - flags: top simplicial
    - normal:    0.6981  -0.7144 -0.04813
    - offset: -0.03519559
    - vertices: p16(v67) p735(v65) p970(v64)
    - neighboring facets: f303 f392 f315
- f319
    - flags: top simplicial
    - normal:   -0.7616   0.6065  -0.2283
    - offset: -0.07107005
    - vertices: p795(v68) p429(v37) p531(v36)
    - neighboring facets: f165 f370 f321
- f321
    - flags: bottom simplicial
    - normal:   -0.1749   0.9657  -0.1921
    - offset: -0.03891841
    - vertices: p795(v68) p429(v37) p467(v20)
    - neighboring facets: f164 f322 f319
- f322
    - flags: top simplicial
    - normal:   -0.1743   0.9597  -0.2205
    - offset: -0.0388886
    - vertices: p795(v68) p710(v55) p467(v20)
    - neighboring facets: f252 f321 f371
- f323
    - flags: top simplicial
    - normal:   -0.9423  -0.3165   0.1092
    - offset: -0.07601974
    - center: -0.07162446666666668 -0.02466996666666667 0.00660167 
    - vertices: p419(v69) p219(v42) p30(v1)
    - neighboring facets: f192 f329 f328
- f326
    - flags: top simplicial tested
    - normal:    -0.875  -0.3596   0.3243
    - offset: -0.07457087
    - center: -0.07113796666666665 -0.0184281 0.01758396666666667 
    - vertices: p532(v70) p74(v57) p219(v42)
    - neighboring facets: f265 f328 f327
- f327
    - flags: bottom simplicial tested
    - normal:   -0.7284  -0.4417   0.5238
    - offset: -0.06960188
    - center: -0.07122049999999999 -0.0136069 0.02236983333333334 
    - vertices: p532(v70) p74(v57) p986(v56)
    - neighboring facets: f264 f330 f326
- f328
    - flags: bottom simplicial tested
    - normal:   -0.9651  -0.2093   0.1575
    - offset: -0.07549012
    - center: -0.07162446666666665 -0.01988706666666666 0.01399467666666666 
    - vertices: p532(v70) p419(v69) p219(v42)
    - neighboring facets: f323 f326 f329
- f329
    - flags: top simplicial tested
    - normal:   -0.9945 -0.08773  0.05676
    - offset: -0.07390552
    - center: -0.07191916666666667 -0.02007726666666667 0.01089980333333333 
    - vertices: p532(v70) p419(v69) p30(v1)
    - neighboring facets: f323 f399 f328
    - ridges:
- f330
    - flags: bottom simplicial tested
    - normal:   -0.8792  -0.1494   0.4524
    - offset: -0.07556071
    - center: -0.07158983333333332 -0.009078116666666667 0.0248942 
    - vertices: p532(v70) p986(v56) p726(v9)
    - neighboring facets: f257 f331 f327
- f331
    - flags: top simplicial tested
    - normal:   -0.9848  0.01697   0.1728
    - offset: -0.07477104
    - center: -0.07170866666666667 -0.002193716666666667 0.02423983333333334 
    - vertices: p532(v70) p41(v30) p726(v9)
    - neighboring facets: f285 f330 f333
- f333
    - flags: bottom simplicial tested
    - normal:   -0.9997  0.01362   0.0216
    - offset: -0.07233268
    - center: -0.07190666666666666 0.008384766666666666 0.015516804 
    - vertices: p532(v70) p41(v30) p353(v22)
    - neighboring facets: f121 f398 f331
    - ridges:
- f334
    - flags: bottom simplicial
    - normal:   -0.1379  -0.9456   0.2946
    - offset: -0.0389843
    - vertices: p168(v71) p985(v58) p864(v26)
    - neighboring facets: f269 f336 f337
- f336
    - flags: top simplicial
    - normal:  -0.02069  -0.9882   0.1521
    - offset: -0.03850922
    - vertices: p168(v71) p300(v66) p864(v26)
    - neighboring facets: f308 f334 f368
- f337
    - flags: top simplicial
    - normal:   -0.1733  -0.8985   0.4034
    - offset: -0.03888255
    - vertices: p168(v71) p985(v58) p219(v42)
    - neighboring facets: f269 f338 f334
- f338
    - flags: top simplicial
    - normal:   -0.1712  -0.8409   0.5134
    - offset: -0.03846828
    - vertices: p168(v71) p219(v42) p112(v16)
    - neighboring facets: f265 f339 f337
- f339
    - flags: bottom simplicial
    - normal:   -0.1558  -0.7697   0.6191
    - offset: -0.03750782
    - vertices: p168(v71) p74(v57) p112(v16)
    - neighboring facets: f265 f338 f341
- f340
    - flags: top simplicial
    - normal:   -0.0307  -0.5564   0.8303
    - offset: -0.03311338
    - vertices: p168(v71) p749(v39) p971(v7)
    - neighboring facets: f177 f367 f341
- f341
    - flags: top simplicial
    - normal:   -0.1123  -0.6196   0.7768
    - offset: -0.03449504
    - vertices: p168(v71) p74(v57) p749(v39)
    - neighboring facets: f264 f340 f339
- f342
    - flags: bottom simplicial
    - normal:    0.9049   0.2747  -0.3251
    - offset: -0.0389661
    - vertices: p26(v72) p757(v32) p767(v18)
    - neighboring facets: f137 f343 f373
- f343
    - flags: top simplicial
    - normal:    0.7076   0.4561  -0.5397
    - offset: -0.03210956
    - vertices: p26(v72) p101(v60) p767(v18)
    - neighboring facets: f274 f342 f375
- f349
    - flags: bottom simplicial
    - normal:    0.4057   0.8902    0.207
    - offset: -0.03753698
    - vertices: p748(v73) p248(v53) p920(v8)
    - neighboring facets: f243 f377 f382
- f352
    - flags: bottom simplicial
    - normal:  -0.01709  -0.4145  -0.9099
    - offset: -0.0277456
    - vertices: p840(v74) p648(v48) p247(v33)
    - neighboring facets: f221 f387 f354
- f354
    - flags: top simplicial
    - normal:   -0.1605  -0.3697  -0.9152
    - offset: -0.0373691
    - vertices: p840(v74) p648(v48) p927(v21)
    - neighboring facets: f220 f355 f352
- f355
    - flags: top simplicial
    - normal:   -0.9907  -0.1082 -0.08249
    - offset: -0.07397364
    - vertices: p840(v74) p927(v21) p30(v1)
    - neighboring facets: f170 f356 f354
- f356
    - flags: bottom simplicial
    - normal:   -0.7604  -0.5873  -0.2775
    - offset: -0.06930422
    - vertices: p840(v74) p32(v63) p30(v1)
    - neighboring facets: f292 f355 f388
- f359
    - flags: bottom simplicial
    - normal:   -0.1903  -0.9709  -0.1452
    - offset: -0.03913751
    - vertices: p674(v75) p477(v50) p756(v41)
    - neighboring facets: f309 f360 f397
- f360
    - flags: top simplicial
    - normal:   -0.2133  -0.9249  -0.3148
    - offset: -0.0391617
    - vertices: p674(v75) p32(v63) p756(v41)
    - neighboring facets: f292 f359 f386
- f361
    - flags: bottom simplicial
    - normal:   0.05949  -0.9724  -0.2255
    - offset: -0.03863181
    - vertices: p38(v76) p477(v50) p247(v33)
    - neighboring facets: f396 f390 f363
- f363
    - flags: bottom simplicial
    - normal:  -0.002889  -0.9999  0.01095
    - offset: -0.03896317
    - vertices: p38(v76) p300(v66) p477(v50)
    - neighboring facets: f309 f361 f368
- f366
    - flags: bottom simplicial
    - normal:    0.1074  -0.9816    0.158
    - offset: -0.03859697
    - vertices: p38(v76) p16(v67) p971(v7)
    - neighboring facets: f310 f367 f393
- f367
    - flags: top simplicial
    - normal:   0.02758  -0.9892   0.1437
    - offset: -0.0384858
    - vertices: p38(v76) p168(v71) p971(v7)
    - neighboring facets: f340 f366 f368
- f368
    - flags: bottom simplicial
    - normal:  0.007923  -0.9902   0.1392
    - offset: -0.03842578
    - vertices: p38(v76) p168(v71) p300(v66)
    - neighboring facets: f336 f363 f367
- f369
    - flags: bottom simplicial
    - normal:   -0.1859   0.8254  -0.5331
    - offset: -0.03894343
    - vertices: p430(v77) p710(v55) p531(v36)
    - neighboring facets: f254 f370 f371
- f370
    - flags: top simplicial
    - normal:   -0.2341   0.8624  -0.4488
    - offset: -0.04187658
    - vertices: p430(v77) p795(v68) p531(v36)
    - neighboring facets: f319 f369 f371
- f371
    - flags: bottom simplicial
    - normal:    -0.194   0.8769  -0.4398
    - offset: -0.03937465
    - vertices: p430(v77) p795(v68) p710(v55)
    - neighboring facets: f322 f369 f370
- f372
    - flags: bottom simplicial
    - normal:    0.9933   0.1083 -0.04072
    - offset: -0.04224909
    - vertices: p243(v78) p279(v59) p757(v32)
    - neighboring facets: f272 f373 f374
- f373
    - flags: top simplicial
    - normal:    0.9484   0.2641  -0.1756
    - offset: -0.04017981
    - vertices: p243(v78) p26(v72) p757(v32)
    - neighboring facets: f342 f372 f375
- f374
    - flags: top simplicial
    - normal:     0.993  0.01792    0.117
    - offset: -0.04285128
    - vertices: p243(v78) p279(v59) p903(v44)
    - neighboring facets: f271 f379 f372
- f375
    - flags: bottom simplicial
    - normal:    0.9154    0.355  -0.1898
    - offset: -0.03910662
    - vertices: p243(v78) p26(v72) p101(v60)
    - neighboring facets: f343 f376 f373
- f376
    - flags: top simplicial
    - normal:    0.7469   0.6646 -0.02187
    - offset: -0.03448246
    - vertices: p243(v78) p748(v73) p101(v60)
    - neighboring facets: f381 f375 f377
- f377
    - flags: bottom simplicial
    - normal:    0.6541   0.6512   0.3848
    - offset: -0.03314145
    - vertices: p243(v78) p748(v73) p920(v8)
    - neighboring facets: f349 f378 f376
- f378
    - flags: top simplicial
    - normal:    0.3387   0.1472   0.9293
    - offset: -0.02105154
    - vertices: p243(v78) p501(v25) p920(v8)
    - neighboring facets: f178 f377 f379
- f379
    - flags: top simplicial
    - normal:     0.494  0.09073   0.8647
    - offset: -0.02694191
    - vertices: p243(v78) p903(v44) p501(v25)
    - neighboring facets: f200 f378 f374
- f380
    - flags: bottom simplicial
    - normal:    0.7355   0.6645  -0.1326
    - offset:  -0.034181
    - vertices: p251(v79) p101(v60) p836(v35)
    - neighboring facets: f274 f383 f381
- f381
    - flags: bottom simplicial
    - normal:    0.7355   0.6649  -0.1304
    - offset: -0.0341818
    - vertices: p251(v79) p748(v73) p101(v60)
    - neighboring facets: f376 f380 f382
- f382
    - flags: top simplicial
    - normal:    0.4417   0.8967  0.02845
    - offset: -0.03807506
    - vertices: p251(v79) p748(v73) p248(v53)
    - neighboring facets: f349 f384 f381
- f383
    - flags: bottom simplicial
    - normal:     0.336   0.9418  0.01145
    - offset: -0.0385611
    - vertices: p251(v79) p836(v35) p641(v19)
    - neighboring facets: f152 f384 f380
- f384
    - flags: top simplicial
    - normal:    0.3574   0.9334  0.03101
    - offset: -0.03838422
    - vertices: p251(v79) p248(v53) p641(v19)
    - neighboring facets: f243 f383 f382
- f386
    - flags: bottom simplicial
    - normal:   -0.1706  -0.8671  -0.4681
    - offset: -0.03772164
    - vertices: p337(v80) p674(v75) p32(v63)
    - neighboring facets: f360 f388 f395
- f387
    - flags: bottom simplicial
    - normal:  -0.09514  -0.6522  -0.7521
    - offset: -0.03348146
    - vertices: p337(v80) p840(v74) p247(v33)
    - neighboring facets: f352 f394 f388
- f388
    - flags: top simplicial
    - normal:   -0.1145  -0.6963  -0.7085
    - offset: -0.03457585
    - vertices: p337(v80) p840(v74) p32(v63)
    - neighboring facets: f356 f386 f387
- f389
    - flags: top simplicial
    - normal:     0.425  -0.8725  -0.2412
    - offset: -0.03792039
    - vertices: p411(v81) p218(v49) p247(v33)
    - neighboring facets: f227 f390 f391
- f390
    - flags: bottom simplicial
    - normal:    0.2295  -0.9534  -0.1959
    - offset: -0.03876356
    - vertices: p411(v81) p38(v76) p247(v33)
    - neighboring facets: f361 f389 f393
- f391
    - flags: top simplicial
    - normal:    0.5727  -0.8138 -0.09921
    - offset: -0.03692409
    - vertices: p411(v81) p970(v64) p218(v49)
    - neighboring facets: f303 f389 f392
- f392
    - flags: top simplicial
    - normal:    0.5532  -0.8298 -0.07317
    - offset: -0.03725355
    - vertices: p411(v81) p16(v67) p970(v64)
    - neighboring facets: f316 f391 f393
- f393
    - flags: top simplicial
    - normal:    0.2675  -0.9634  0.01879
    - offset: -0.03899469
    - vertices: p411(v81) p38(v76) p16(v67)
    - neighboring facets: f366 f392 f390
- f394
    - flags: bottom simplicial
    - normal:  -0.09528  -0.7861  -0.6107
    - offset: -0.03628645
    - vertices: p420(v82) p337(v80) p247(v33)
    - neighboring facets: f387 f396 f395
- f395
    - flags: top simplicial
    - normal:   -0.1553  -0.8792  -0.4505
    - offset: -0.03780906
    - vertices: p420(v82) p337(v80) p674(v75)
    - neighboring facets: f386 f397 f394
- f396
    - flags: top simplicial
    - normal:  -0.000445  -0.9584  -0.2853
    - offset: -0.03854385
    - vertices: p420(v82) p477(v50) p247(v33)
    - neighboring facets: f361 f394 f397
- f397
    - flags: top simplicial
    - normal:   -0.1141  -0.9418  -0.3161
    - offset: -0.03842809
    - vertices: p420(v82) p674(v75) p477(v50)
    - neighboring facets: f359 f396 f395
- f398
    - flags: top simplicial tricoplanar keepcentrum
    - owner of normal & centrum is facet f398
    - normal:        -1        0        0
    - offset:     -0.072
    - center: -0.07199999999999999 0.0025916 0.002319948 
    - vertices: p532(v70) p531(v36) p353(v22)
    - neighboring facets: f165 f333 f399
- f399
    - flags: bottom simplicial tricoplanar
    - owner of normal & centrum is facet f398
    - normal:        -1        0        0
    - offset:     -0.072
    - center: -0.07199999999999999 0.0025916 0.002319948 
    - vertices: p532(v70) p531(v36) p30(v1)
    - neighboring facets: f156 f329 f398
