3
1000 156 234
-0.0180032 0.0267597 0.0275351 
-0.0140735 -0.0246478 -0.182889 
-0.0310765 0.0236291 -0.0110093 
0.0157682 0.0245433 -0.0966968 
-0.00259707 -0.0342448 -0.127774 
-0.034 0.0160975 -0.129406 
-0.00385132 -0.00641266 -0.0154175 
-0.029 -0.0192962 -0.100456 
0.0215812 0.00386775 -0.0141019 
-0.013104 -0.0189974 -0.0418139 
0.0149285 0.0206622 -0.0732227 
0.009629250000000001 -0.029161 -0.150206 
-0.029 -0.0347086 -0.111377 
-0.0106358 -0.0200311 -0.06940780000000001 
-0.00196989 0.0179122 -0.0803797 
-0.0228401 -0.00821348 -0.0475104 
0.00722357 -0.012837 0.023819 
 0.031 -0.00706629 -0.07623829999999999 
0.000101216 0.00662381 -0.086436 
0.0153891 -0.0341784 -0.178088 
-0.00419715 0.0208406 -0.151426 
-0.00764389 0.00360123 -0.0801033 
0.013836 -0.0323679 -0.0164173 
-0.0211405 -0.00673694 -0.14239 
0.0334564 -0.038859 -0.06680659999999999 
0.0346558 -0.0102356 -0.0908939 
0.008978760000000001 0.0116644 -0.178667 
-0.00810526 -0.0270321 -0.008862409999999999 
-0.0175481 0.000556914 -0.13125 
-0.025933 -0.0226281 -0.009387670000000001 
-0.0274641 -0.0173908 -0.155522 
 0.035 -0.0301411 -0.109862 
0.0222205 -0.0127703 -0.153415 
-0.00377102 -0.0208962 -0.0239633 
0.013024 -0.0291626 0.0170253 
0.0242355 -0.0390829 -0.162923 
-0.0123141 -0.005164 -0.147776 
-0.0215153 -0.0284058 -0.113336 
-0.00839411 -0.019261 -0.0246209 
0.0110693 0.0268579 -0.0500261 
-0.008218329999999999 0.0245093 0.0323655 
0.00648139 0.0214695 -0.07904129999999999 
-0.00332633 -0.0234632 -0.0856391 
-0.0182848 0.0112176 -0.09201520000000001 
8.322000000000001e-05 0.00514601 -0.116998 
-0.0213885 -0.0362559 -0.07477490000000001 
-0.0312807 0.0291877 -0.0729919 
-0.0220032 -0.0210613 -0.146717 
0.0242768 -0.0162381 -0.136931 
-0.0125994 0.0257146 -0.225482 
0.0305782 0.0233576 -0.108508 
-0.00623763 0.0280776 -0.0218814 
-0.00435309 -0.0408424 -0.146408 
-0.00156968 -0.00364218 -0.0151434 
-0.00684392 0.0250102 -0.169469 
0.023158 0.00599758 -0.0803108 
0.0184558 -0.00814491 -0.127491 
-0.00478686 -0.0146747 -0.162079 
-0.0121198 0.0245099 0.031889 
0.0174389 0.0256394 -0.0320114 
-0.00430884 0.0133768 -0.180208 
0.008182190000000001 0.0278943 -0.213598 
-0.00968021 0.0136923 -0.0689979 
-0.00157427 0.0120843 -0.0295086 
 0.035 -0.0176458 -0.0909605 
0.00647622 -0.018219 -0.0925228 
0.009969860000000001 0.0236376 -0.0884842 
-0.0332847 -0.0284715 -0.14996 
0.00303991 -0.0313806 -0.00743283 
-0.0157822 -0.0272894 -0.155945 
0.00522072 0.022223 -0.137425 
0.00269619 -0.0237186 0.00640719 
-0.0122699 -0.0282107 -0.110692 
-0.0218063 -0.0414776 -0.136709 
-0.009686139999999999 0.0296704 -0.119803 
0.00420937 0.0170382 -0.149496 
-0.0256103 0.0103428 0.0246162 
0.00215899 -0.0234532 -0.09358900000000001 
0.00490226 -0.0161717 -0.0884617 
0.0204598 -0.00298723 -0.0508117 
0.0340223 0.0192631 -0.0898322 
0.0344855 0.0109898 -0.00964453 
-0.020208 0.0170261 -0.139892 
-0.00616231 -0.0350396 -0.00826493 
0.0230061 -0.028196 -0.12238 
-0.0208802 0.00959788 -0.133364 
-0.00978072 -0.0320026 0.00202517 
0.0156007 -0.0353714 -0.177504 
-0.0237126 -0.0365628 0.0101528 
0.0202731 0.0243076 -0.0535187 
0.0208276 -0.0330883 -0.0524394 
0.00462912 -0.0300676 -0.144961 
0.00773902 0.0245918 -0.03321 
0.0170329 -0.0123559 -0.148864 
0.0147273 -0.0199896 -0.127477 
-0.024455 0.009852349999999999 -0.16076 
0.0057692 -0.00857992 -0.105511 
0.00488465 0.0253187 -0.207331 
0.0150257 -0.023226 -0.0722989 
-0.00508372 -0.0282155 -0.106846 
-0.00216936 0.017908 -0.07708280000000001 
-0.00102708 0.0169462 -0.130144 
0.0270435 0.0297435 -0.0742444 
-0.0347492 -0.0163538 -0.140417 
0.0122999 -0.035913 -0.102545 
-0.00681518 0.0152295 -0.120243 
-0.00466546 0.0113805 -0.0859089 
-0.00507 0.0133471 -0.07614 
0.0158148 0.0114394 -0.07873330000000001 
-0.0269608 -0.00212732 -0.0112489 
-0.029 -0.0255773 -0.13362 
0.0197387 -0.0190226 -0.02179 
-0.0194697 0.028697 -0.132784 
0.00082818 0.0218039 -0.0723902 
0.0148592 -0.00350349 -0.126672 
0.014587 -0.000528371 -0.122761 
-0.0126769 -0.0350215 -0.0226953 
-0.0103209 0.01933 -0.14018 
-0.0185045 -0.03215 -0.0515405 
0.01595 -0.0392941 -0.0955898 
0.0253578 -0.0307779 -0.125065 
0.0204079 0.0194632 -0.106976 
0.0349733 0.0245543 -0.0034257 
0.00781811 -0.0353657 -0.0167305 
0.0162148 -0.0240046 -0.09023689999999999 
-0.00146217 -0.0225045 -0.036139 
-0.0172917 0.0113712 -0.07851909999999999 
0.0049277 0.022138 -0.0575538 
-0.0143594 0.0235156 -0.0750039 
-0.0183416 -0.0361535 -0.15615 
-0.00628424 -0.0360797 -0.135342 
-0.0162553 -0.0198042 0.00331913 
-0.00484179 -0.0234606 -0.0877124 
-0.0356193 0.0245381 0.009460400000000001 
-0.014 0.0268973 -0.200523 
-0.0072789 0.00223055 -0.136815 
-0.0297222 -0.0402056 -0.114716 
0.0021509 0.0297891 -0.110533 
0.00456127 -0.0265496 -0.0515335 
0.0285865 0.0298408 -0.151579 
0.0238105 -0.00467347 -0.0137647 
-0.008882019999999999 0.0208115 -0.128299 
-0.000131637 -0.0275783 -0.105535 
0.0127593 -0.0332042 -0.115886 
0.000963611 0.0280238 0.0207994 
-0.0140737 -0.0288029 0.00231025 
-0.0347066 0.0215061 -0.0148204 
0.0233566 -0.0290037 0.00886284 
0.009414219999999999 -0.0272245 -0.0687305 
0.0188752 0.00442737 -0.0362716 
-0.00970035 0.00490052 -0.09825680000000001 
0.0167487 -0.0229069 -0.0947109 
0.00858459 -0.031953 -0.09296260000000001 
 0.035 -0.0221176 -0.129601 
-0.0133159 0.0270073 0.0339577 
-0.029 -0.0324771 -0.0669138 
0.0022207 -0.0362524 -0.0775947 
0.00467808 0.0179209 -0.08732139999999999 
0.0142345 -0.030786 0.00584367 
-0.014928 -0.0199874 -0.129173 
 0.031 -0.0148678 -0.101808 
 0.035 0.009140850000000001 -0.0974462 
-0.029 -0.0297663 -0.0756433 
0.0126852 -0.0362494 -0.0799411 
-0.0025 0.0276693 -0.18728 
 0.014 -0.0369349 -0.192066 
0.0265098 -0.0396502 -0.0607943 
-0.0333279 -0.00529038 -0.149857 
0.0136439 -0.0253438 0.00673708 
0.0330981 0.0133342 -0.0141069 
0.00942309 0.0257444 -0.0749841 
0.00514391 0.0113608 -0.0702417 
-0.0019783 -0.00770371 -0.130659 
-0.00103855 0.007861160000000001 -0.146985 
-0.00181909 0.0308116 -0.196269 
-0.00740269 -0.0156966 -0.08246439999999999 
-0.000866431 -0.0271946 -0.0924981 
-0.00477637 -0.0239081 -0.00513239 
0.0122058 -0.0410559 -0.23367 
-0.034 0.0089868 -0.1393 
-0.0270124 -0.00951512 0.00511182 
0.0160848 -0.0205297 -0.0912447 
0.015568 -0.000874351 -0.129083 
0.009329809999999999 0.013056 -0.130243 
-0.0244545 -0.016915 -0.137799 
-0.0314159 0.0167411 -0.0562229 
0.0122075 0.0038573 -0.0272781 
0.0148546 0.0107031 -0.08372159999999999 
0.0312796 -0.0400142 -0.122629 
-0.0114417 0.00520584 -0.0837666 
-0.00655517 0.0167054 -0.0749953 
0.00442721 0.00361056 -0.0875184 
0.0258762 -0.0230582 0.00648944 
0.00676702 -0.0238173 0.0136982 
0.0131997 0.016499 -0.157208 
0.0186113 0.00896134 -0.0688875 
0.00554677 0.00381641 0.0266916 
-0.034 -0.0253484 -0.123173 
-0.0329043 0.0112096 -0.0861825 
0.0263487 0.0208452 0.0198033 
0.0140099 -0.0234826 -0.07027029999999999 
-0.009892160000000001 0.00859118 -0.07659829999999999 
0.00425564 0.0297969 -0.116708 
-0.035 -0.0331339 -0.14097 
 0.035 0.0105939 -0.0722814 
-0.028602 -0.0255789 -0.00718109 
0.0107692 0.0222732 -0.051472 
0.0221612 0.00208045 0.013609 
0.00393701 -0.0297776 -0.0177849 
0.0232073 0.0257514 -0.08057549999999999 
0.0329269 -0.0102272 -0.0976007 
-0.034 0.0224996 -0.124473 
-0.00410634 -0.0274346 -0.0056952 
-0.0022216 -0.0332109 -0.110561 
0.000871159 -0.0378629 -0.125 
 0.031 -0.022829 -0.134458 
-0.00420363 0.0240372 -0.148751 
0.0188634 -0.0224973 -0.0418976 
-0.00627549 -0.00101754 -0.0226449 
-0.0169135 0.0270776 -0.100066 
0.0238715 0.00978971 -0.0931993 
-0.0307618 0.0219434 -0.0761314 
0.0197918 0.0245881 -0.0302366 
0.0178385 0.0295507 -0.000522237 
-0.0137541 -0.0346272 -0.071824 
0.0217213 0.0245198 0.0239839 
0.00813201 0.0160304 -0.143279 
-0.0150005 -0.0362012 -0.118244 
0.0200758 0.0196192 0.0320392 
-0.0274962 -0.00910965 -0.0535568 
-0.0187555 0.00801843 -0.135519 
-0.0113795 0.0255003 -0.0474679 
0.0303249 -0.0206215 -0.051541 
-0.00521298 -0.017224 -0.08164150000000001 
0.0206018 0.0133758 -0.0204868 
-0.0310035 -0.0120635 -0.108071 
0.0194307 0.0280497 0.000227884 
0.00281951 0.0239654 -0.184606 
-0.00117162 0.0206888 -0.09440170000000001 
-0.008690430000000001 -0.0361498 -0.159104 
0.00939223 -0.0384002 -0.119025 
0.0118311 -0.0217124 0.0106266 
0.0311383 -0.0189369 -0.051501 
0.0337938 0.0222609 -0.000135462 
0.0228955 -0.0302668 -0.0489167 
0.024088 0.00601422 -0.0952597 
-0.00906713 0.023288 -0.09250369999999999 
-0.00757588 -0.00686107 -0.0160448 
0.0308128 0.0234237 -0.01176 
0.00593029 -0.0157733 -0.0933512 
0.00524222 0.0299361 -0.177811 
-0.023552 0.0225884 0.0298177 
-0.00932436 -0.0295823 -0.00758483 
0.016553 -0.0298077 0.0061187 
-0.00529273 -0.0157029 -0.0774566 
0.00716658 -0.00430629 -0.140614 
0.00150569 -0.0234685 -0.0814723 
0.0223453 -0.0103063 0.0158956 
0.00347969 0.0141601 -0.0707773 
-0.0222317 0.000826187 -0.0138686 
-0.034 0.0107828 -0.121215 
0.0174175 -0.0190054 -0.0354633 
0.00743629 -0.0368117 -0.155454 
 0.031 -0.0169065 -0.0917956 
0.00430462 0.00828363 -0.0872571 
0.0136185 -0.0274299 -0.00630626 
-0.000200719 0.00964842 -0.129934 
0.0264877 0.0178763 0.0243789 
-0.0347403 0.0245622 -0.00968422 
0.014642 -0.0297863 -0.010929 
0.0148039 -0.0260355 0.0244191 
0.0190902 -0.00781146 -0.170316 
 0.031 0.0216882 -0.09581190000000001 
0.0105979 -0.0366062 -0.12582 
-0.0161901 0.0107406 -0.0780888 
0.0105387 0.0178972 -0.0684457 
-0.000984801 -0.0315538 -0.131258 
-0.0189757 0.00286931 -0.170494 
-0.00245732 0.0289996 -0.0550938 
-0.0238283 0.008145660000000001 -0.0120092 
0.0117207 -0.0304728 -0.062327 
0.0132617 0.0297366 -0.06876839999999999 
0.0128196 0.0179615 0.0303138 
-0.029 -0.0225907 -0.07894230000000001 
-0.0175155 -0.0174932 -0.124614 
-0.00265603 0.011988 -0.0929417 
0.0267162 0.0217378 -0.159303 
0.00242529 0.0301805 -0.199955 
-0.0168431 -0.0190022 -0.0379953 
-0.011803 -0.0178609 -0.025372 
-0.007898779999999999 -0.0162191 -0.08517429999999999 
0.02246 0.0249684 0.0150088 
0.0191787 -0.0365333 -0.0133144 
-0.00158712 -0.00596669 -0.145643 
0.0101925 -0.0271913 -0.095122 
-0.0101441 0.0309149 -0.210466 
-0.000639972 -0.0373515 -0.0525304 
0.0128069 -0.0332043 -0.115811 
 0.031 0.008272379999999999 -0.08048039999999999 
0.00828831 -0.0246626 -0.0861567 
-0.023489 -0.00858335 0.00483568 
-0.0216399 -0.0174114 -0.0475219 
-0.034 0.010172 -0.121805 
0.00387878 0.0195194 -0.0327264 
-0.007821099999999999 -0.0208556 0.0229139 
0.0145448 0.00843463 -0.077636 
0.0132213 0.009783729999999999 -0.0449877 
-0.0314779 0.0271363 -0.152496 
-0.0292058 0.00383905 0.008699200000000001 
0.0147619 0.0245099 -0.0667334 
0.00165171 -0.0373159 -0.156924 
-0.0158232 -0.00615143 -0.00146381 
0.0137848 -0.00266292 0.0102669 
0.00254661 -0.0339943 -0.0856162 
 0.031 0.0124048 -0.0852311 
-0.0313825 -0.029675 -0.07614650000000001 
-0.0226017 -0.0335944 -0.161051 
-0.00531457 0.0155037 -0.122069 
-0.0171164 -0.0138561 -0.154079 
0.00470071 -0.0347774 0.0051152 
-0.00269733 -0.0218666 -0.0840489 
-0.00151405 -0.0300689 -0.143883 
0.0148188 -0.00913373 -0.105512 
0.00506826 -0.0413861 -0.130279 
-0.00634207 -0.009480509999999999 -0.134662 
0.009332200000000001 -0.0363725 0.0190642 
0.00350698 -0.0410506 -0.237866 
-0.0178394 -0.023075 0.0198212 
-0.00433861 0.0028724 -0.0296168 
-0.00714941 -0.0340173 -0.119375 
-0.0139646 0.0257625 -0.0893439 
0.0120513 0.0167216 -0.0878589 
0.0224273 0.0249754 -0.00426934 
0.0123996 0.0309061 -0.20344 
-0.0106566 -0.0350633 0.0105328 
0.0305289 0.0195554 -0.012429 
-0.00982133 -0.0362427 -0.08529390000000001 
-0.00786445 0.00106793 0.0225749 
-0.0263145 -0.00248399 -0.0475032 
0.015794 -0.0287966 -0.00268208 
-0.013187 -0.0361749 -0.139099 
-0.00756355 0.0183607 -0.183287 
0.00483633 -0.0330902 -0.13163 
-0.00489425 -0.0319646 -0.0837575 
-0.034 0.0125632 -0.122471 
-0.0116368 -0.029814 0.0111281 
-0.0109576 -0.0380223 -0.130945 
-0.0337492 0.00660621 -0.0654887 
0.00321018 -0.0160981 -0.0857575 
-0.0274096 -0.000432245 -0.103501 
-0.0161919 -0.0187041 -0.0930438 
-0.00790248 -0.0382812 -0.142812 
-0.0121388 -0.0361935 -0.231145 
-0.0218951 0.0171273 -0.155103 
0.0144107 -0.00266058 0.00840422 
-0.034 -0.0230714 -0.100622 
0.0130366 -0.008037849999999999 -0.00965621 
-0.0277111 -0.0232659 0.00375378 
-0.029 0.00674383 -0.101944 
-0.00438222 -0.0284059 -0.0835108 
0.0219409 -0.0302322 -0.0515381 
-0.000947354 0.0281348 -0.116346 
0.0053908 0.0167087 -0.07762960000000001 
0.00975788 0.0293744 -0.126671 
-0.00969835 0.0142088 -0.07766530000000001 
-0.0095 -0.0138934 -0.175853 
0.0299334 0.0297808 -0.103893 
-0.029 -0.0349145 -0.0981165 
0.0379973 0.0165704 -0.000290607 
-0.0065534 -0.0311804 -0.07117270000000001 
-0.0175381 -0.008776529999999999 -0.133216 
-0.00814439 0.00661458 -0.105492 
0.0068229 0.00487948 0.0292088 
0.0101139 0.009681810000000001 -0.154508 
-0.00269468 -0.0176381 -0.0921535 
-0.00583896 -0.0330271 -0.138564 
0.0008555909999999999 -0.0338534 -0.158927 
0.00682627 0.0231727 -0.131178 
0.00171537 0.0245973 -0.037581 
-0.00714194 0.0179291 -0.0938047 
0.00133903 -0.0239943 -0.0304851 
-0.0243807 -0.0306602 0.00527918 
0.000135552 -0.0410924 -0.20469 
0.00555563 0.00521843 -0.0937698 
 0.031 -0.0241888 -0.0744118 
-0.00537219 -0.0413601 -0.150872 
0.0341142 0.00764536 0.00327725 
-0.0187481 -0.0361701 -0.14292 
-0.0244913 0.0277375 -0.0930497 
-0.0231896 0.0114263 -0.106986 
0.00401409 -0.0298206 0.0163614 
-0.00616385 -0.0345691 0.00326825 
0.0200719 -0.0222996 -0.168848 
-0.0259585 -0.0151445 -0.0617667 
0.009001220000000001 -0.0183741 -0.0929991 
0.000905876 -0.0180327 -0.0284673 
-0.0167657 0.00515371 -0.129643 
0.0195003 0.0170284 -0.141692 
-0.013968 -0.0269847 0.00539808 
-0.0101871 -0.00266575 0.0125143 
-0.034 -0.00585074 -0.100584 
-0.0095 -0.0128273 -0.178981 
0.00875394 -0.0362533 -0.0768698 
-0.00286784 -0.00746677 -0.107009 
-0.00723211 0.0105501 -0.133841 
-3.08809e-06 -0.0345243 -0.0768226 
0.0101053 0.0104181 -0.157416 
-0.00339316 0.0242445 0.0146243 
0.0139317 0.0129756 -0.08310670000000001 
0.0122428 -0.0301294 -0.0176938 
-0.0190629 0.0131965 -0.127535 
-0.0240739 -0.0193044 -0.00277666 
0.00188049 -0.0403457 -0.210925 
0.0117226 0.0257734 -0.09803480000000001 
0.0111328 -0.00827341 -0.10701 
0.0334979 -0.0104067 -0.0506697 
0.00815747 0.00321955 -0.1214 
0.0251017 0.0259935 -0.0924415 
-0.0211315 0.0271921 -0.167272 
-0.009819339999999999 0.0206906 -0.09579269999999999 
-0.0183358 -0.0277874 -0.0195737 
0.0343594 -0.0102356 -0.09088069999999999 
0.0229957 0.0114114 0.0106181 
0.0118538 -0.0361563 -0.15389 
0.0130779 0.0239573 -0.0884751 
-0.0191191 0.0143137 -0.170239 
0.0044177 0.00732434 -0.0354908 
0.0150916 -0.0341677 0.0152275 
-0.0187078 -0.039981 -0.0940218 
-0.0121834 -0.0179171 -0.1687 
-0.000801959 -0.0330807 -0.134536 
0.0062655 -0.0254955 0.00493949 
0.0130815 -0.0224735 0.009037079999999999 
0.0278179 -0.0281816 -0.133813 
0.0210431 0.0178805 -0.147653 
-0.0324263 0.010331 -0.0144082 
-0.0131137 0.0118986 -0.0385977 
0.0136341 -0.0432219 -0.144997 
-0.00759229 -0.0362365 -0.090235 
0.0192767 0.012025 -0.169978 
0.00524337 -0.0319827 -0.0693711 
0.00677418 -0.0272712 0.00164977 
0.0030813 0.0188395 -0.153142 
-0.01189 -0.036035 -0.108839 
0.0138506 0.00449806 -0.105494 
0.013866 -0.0366725 -0.234705 
0.031556 0.0208108 -0.127712 
-0.00349087 -0.0202583 -0.09065479999999999 
0.00501692 -0.0176819 -0.0355223 
0.0247579 -0.00810457 -0.141314 
-0.0298557 -0.0274384 -0.0655346 
-0.00639297 -0.0152212 0.00477654 
0.00100263 -0.0165288 -0.07775799999999999 
 0.035 -0.0319564 -0.07494679999999999 
0.0187892 -0.030672 -0.0843453 
0.0178982 -0.00771787 -0.142925 
-0.034 0.00231601 -0.0910666 
  0.02 0.009424200000000001 -0.0342329 
0.00444153 -0.033207 -0.113651 
0.00417904 -0.0266399 -0.07069259999999999 
-0.029024 -0.0360012 -0.0589429 
-0.00656715 -0.0356306 -0.00247559 
-0.00208577 -0.0156985 -0.0809496 
-0.0191483 0.00530809 -0.0365436 
-0.0269494 0.0297806 -0.103736 
 0.035 -0.0209847 -0.139962 
0.011514 0.0129633 -0.07334309999999999 
0.0297644 0.00509261 -0.0025361 
-0.0177778 -0.0387231 -0.223982 
0.0110415 -0.0272189 0.018366 
0.0135784 -0.0361814 -0.133987 
-0.00291809 -0.0328977 -0.0617945 
-0.0248204 0.0257538 -0.08248519999999999 
0.0245551 0.00655172 -0.142411 
-0.0130345 -0.0316528 -0.0811122 
-0.00136578 0.0269154 -0.0644671 
0.008426390000000001 -0.00386855 -0.139242 
0.0131812 -0.0195664 -0.0223007 
0.00364616 -0.031169 -0.0802976 
-0.0186334 -0.0174703 -0.142754 
0.0142318 -0.0272846 -0.0216371 
-0.0185411 -0.0331975 -0.12122 
0.0202344 -0.0189549 -0.09339509999999999 
-0.0295094 -0.0016334 0.00173193 
0.0173196 0.023099 -0.00709574 
-0.034 -0.0228942 -0.139025 
0.0038245 0.0141947 -0.09827950000000001 
-0.0016971 -0.0361476 -0.160818 
0.0237143 -0.0202643 -0.0779744 
0.0162209 -0.0217788 -0.0969414 
-0.0301247 -0.0362016 -0.117922 
 0.031 0.00645575 -0.11909 
-0.00708495 -0.0332043 -0.114415 
-0.0095 -0.0123513 -0.172837 
-0.0240019 0.027019 0.0246126 
-0.0177452 -0.0361528 -0.156734 
-0.0305307 0.00707688 -0.0654911 
-0.0332264 0.0254178 -0.0688617 
-0.0142504 -0.0291824 -0.133186 
0.028866 0.00840459 0.00619993 
0.0170406 -0.0311513 -0.0942895 
-0.0162768 0.00809818 0.0197922 
-0.0116522 0.0118928 -0.033957 
-0.0131016 -0.0361969 -0.121626 
0.008364999999999999 -0.0224764 -0.0751742 
0.00307747 0.0240291 -0.0938167 
0.0140472 -0.0352782 -0.120302 
-0.034618 0.0270604 -0.00821055 
0.00469019 0.0257504 -0.0797566 
-0.0333724 -0.0147899 -0.0542545 
-0.000287014 -0.00267671 0.0212209 
0.0169403 -0.0242644 -0.127104 
-0.00430633 -0.015696 -0.0829342 
0.0172125 -0.0222182 -0.0233334 
0.00696061 0.0297765 -0.100479 
-0.0198787 0.0280451 0.00391074 
-0.0100488 0.00416963 -0.122414 
-0.000398783 -0.0311578 -0.0892013 
-0.000965042 0.0214637 -0.0744644 
-0.0163033 -0.0374118 -0.133764 
0.0335891 0.0282508 -0.122912 
0.0320028 0.00805467 -0.0126702 
0.0035727 -0.0402629 -0.0692141 
0.008355319999999999 0.0114712 -0.0285574 
0.031082 -0.0152429 -0.0850901 
0.0124058 0.0170147 -0.130872 
-0.014295 0.019761 0.0297195 
0.0124557 0.0139584 -0.0514825 
0.00743561 0.0168126 -0.146354 
-0.00529915 -0.0413919 -0.125598 
0.00158172 0.0256106 -0.0303046 
-0.0173596 -0.0268305 -0.161874 
-0.0203996 -0.0120462 -0.165515 
0.0237041 0.0270233 0.0212549 
-0.0270219 -0.0192396 -0.08086749999999999 
0.0347804 -0.0218189 -0.145802 
0.00300277 -0.0239903 -0.135107 
-0.0195967 0.0245879 -0.0300866 
-0.009088580000000001 -0.0202702 -0.08117099999999999 
0.0207754 -0.0221648 -0.127559 
0.00157329 -0.0249731 0.0303809 
-0.0141673 0.0195495 -0.183907 
0.000650956 0.0129639 -0.0737699 
-0.0117612 -0.034551 -0.06847930000000001 
0.0167228 -0.028807 0.00556221 
-0.000586673 -0.0250047 -0.0107825 
0.00140781 0.0240156 -0.0830661 
-0.0174518 -0.00451936 -0.125968 
-0.0116549 -0.0347215 -0.197142 
-0.0147589 0.0179122 -0.0803841 
-0.0129109 0.00340556 -0.044142 
0.0299315 0.0298374 -0.148848 
0.00771341 -0.0249881 -0.009500669999999999 
0.0212432 -0.0329806 0.00284873 
0.0231956 0.00566947 -0.09095159999999999 
0.009955240000000001 -0.026815 0.00322752 
-0.0300266 0.00274025 -0.0514966 
0.0346393 0.0265449 -0.117462 
0.0105953 -0.0291787 -0.136103 
-0.0162148 -0.0402517 -0.0781477 
0.01948 0.00840284 -0.0419759 
-0.0245399 0.0245856 -0.02823 
0.0208716 0.00543377 -0.167671 
0.0100025 -0.0295337 -0.126406 
0.0149448 -0.0191117 -0.0878799 
0.0124172 -0.028803 -0.159996 
-0.0250227 0.008027980000000001 -0.0236171 
0.00869985 0.0033988 -0.0387674 
0.0255628 -0.009070740000000001 0.0100902 
-0.019144 0.0270833 -0.0264683 
-0.0105116 -0.0200194 -0.0786342 
0.0308831 0.0218419 -0.153352 
 0.031 -0.0209647 -0.128539 
0.00584888 -0.00515555 -0.154493 
-0.009432879999999999 -0.035084 -0.211378 
0.00487766 -0.0230866 -0.133433 
0.000794517 0.0258984 0.0331554 
0.00476464 0.00153065 -0.13093 
-0.00058946 -0.031381 -0.113662 
0.0064817 -0.0390112 -0.144729 
-0.01587 -0.0189431 -0.156261 
0.00367593 -0.0101421 -0.105513 
0.0313714 0.0295745 -0.128214 
-0.013153 -0.0401386 -0.167973 
0.00820594 -0.0131614 -0.156891 
-0.0112528 0.00560702 -0.0877421 
-0.0177995 0.0128559 -0.0544839 
0.00951224 -0.0283939 -0.09306159999999999 
 0.035 -0.0243114 -0.0938572 
0.0214001 0.0245183 0.0251625 
-0.00775891 -0.0365806 0.0243053 
0.009967500000000001 0.0245113 0.0307459 
0.0198305 0.00716692 -0.0882797 
-0.0116488 0.02517 -0.236892 
-0.0079039 0.0224381 -0.0371077 
-0.008161099999999999 0.0206562 -0.0684915 
0.011425 -0.0252031 -0.15548 
-0.0331046 0.0252683 -0.0184692 
-0.00370412 -0.00525975 -0.14614 
-0.0157035 -0.01648 -0.0220945 
0.00603432 -0.0350709 0.0165588 
-0.00967117 0.008728130000000001 0.0208105 
-0.0017116 -0.0319465 -0.0981057 
-0.0221979 -0.00212361 -0.0132591 
-0.000195749 -0.0194387 -0.107025 
0.0170978 -0.00265312 0.00248135 
-0.0126503 -0.0361521 -0.157225 
0.000908161 0.0240078 -0.07689120000000001 
0.0296594 0.009948719999999999 0.00102689 
-0.012889 -0.0319434 -0.0856517 
-0.0176188 0.0111611 0.0147229 
-0.0346784 -0.00571373 -0.0586437 
-0.00551772 -0.0330728 -0.140817 
-0.0298984 -0.0373557 -0.0749581 
-0.0197489 -0.0199693 -0.14358 
0.0173077 -0.0283961 -0.0913447 
0.0122404 -0.0232351 -0.0758374 
0.0114965 -0.0202721 -0.0797359 
0.0104233 0.00302497 0.0215147 
-0.0160357 0.00681866 0.024906 
0.01331 0.0216977 -0.10386 
-0.0187117 0.0247888 0.0330864 
-0.00887402 -0.035047 -0.00242478 
-0.0329411 -0.0196055 -0.0824761 
-0.0167117 -0.009938209999999999 -0.125008 
-0.0177829 0.010242 -0.172488 
-0.0134051 0.0257759 -0.0999999 
-0.000211949 -0.00454969 -0.149942 
0.00472728 0.0125107 -0.12763 
0.0112698 -0.0140039 -0.0366148 
0.0140992 0.0295434 -0.0611084 
0.0188371 0.0204655 -0.0743511 
-0.0323582 0.021867 -0.0655086 
0.0167144 -0.036176 -0.111387 
0.0289547 0.0252221 -0.0754211 
-0.034 -0.0274636 -0.0739836 
-0.000893961 0.00687058 -0.15747 
0.0066123 -0.0365577 0.0061259 
0.0113062 0.0214872 -0.09312280000000001 
-0.0101774 -0.0282084 -0.11251 
-0.0180151 -0.00266165 0.009255859999999999 
-0.0213109 0.026956 -0.00411461 
0.00898697 0.0116332 -0.17484 
-0.00634792 -0.0282102 -0.111093 
0.0178837 0.01419 -0.0945146 
0.0169877 -0.0225262 -0.07091550000000001 
0.00344134 -0.0224995 -0.0401537 
0.000254994 0.0308855 -0.18705 
-0.0114688 -0.028147 -0.16127 
 0.035 -0.0217222 -0.137882 
0.0174761 -0.0350273 -0.0180731 
-0.0349975 -0.0177491 -0.144455 
-0.0179108 -0.00218016 0.0193464 
-0.00919067 -0.022976 -0.047529 
0.0146891 0.0189457 -0.135548 
-0.00940089 0.0175163 -0.132141 
0.0118275 -0.0200913 -0.181164 
-0.0304464 0.00531494 0.0130811 
-0.0300584 0.00892243 -0.0826707 
0.0200581 0.0122472 0.0304281 
0.0207362 -0.0400019 -0.114262 
-0.007154 -0.0272112 -0.0793215 
-0.0128366 -0.0139907 -0.047123 
0.00798566 -0.0220063 -0.000397795 
-0.029 -0.00660456 -0.107476 
-0.00706922 -0.0399427 -0.144077 
-0.0137797 0.0255671 -0.069116 
0.00608872 -0.028619 -0.161226 
-0.015042 0.0203228 -0.0654745 
-0.0110286 0.00839667 -0.0920342 
-0.0132296 -0.038573 -0.109533 
-0.00832564 -0.0258834 -0.0995327 
0.0163373 -0.0336778 -0.07010379999999999 
-0.0140681 -0.0293163 -0.06977170000000001 
-0.0177663 -0.00515457 0.00363035 
0.0126032 -0.0410973 -0.20081 
0.0130055 -0.0281718 -0.00750723 
-0.0248786 -0.0177624 -0.0531271 
0.00274254 0.011396 -0.0981633 
0.0141848 -0.0293838 -0.18381 
0.0185344 -0.0260643 0.0113389 
0.0122869 0.0196866 -0.0571671 
 0.031 -0.0144093 -0.124263 
0.0256088 -0.0200541 -0.102113 
-0.0322573 0.0257627 -0.0895082 
-0.000896125 -0.0184781 -0.0275268 
-0.0102177 -0.0258359 -0.0148243 
-0.012435 -0.0258866 -0.103533 
0.00197111 0.0245901 -0.0318406 
0.0129374 -0.0210872 0.0248767 
0.000741831 -0.0010101 -0.12034 
0.00850298 -0.0237796 -0.157075 
-0.00381545 -0.0236983 -0.10353 
-0.0234891 -0.0241707 -0.139209 
-0.00352679 -0.0141134 -0.0691687 
0.0151194 -0.0383957 -0.122603 
-0.0149965 -0.0297917 -0.00661159 
-0.0196793 0.0298207 -0.135596 
0.0151767 -0.0319784 -0.07282660000000001 
-0.0284044 -0.0222055 -0.0109085 
0.00726724 0.00627386 -0.139274 
0.0226884 0.0297299 -0.0634551 
-0.0025 0.0274028 -0.18866 
-0.0350118 0.0109917 -0.00738806 
-0.0261218 0.007975909999999999 -0.0894925 
-0.0107277 0.0240112 -0.0796275 
0.0184758 0.021224 -0.0701965 
-0.00678412 -0.0287327 0.007986409999999999 
-0.0135648 -0.0102732 -0.130606 
-0.02901 -0.0207939 -0.00937406 
-0.0214146 0.0280637 -0.010892 
-0.0265274 -0.017995 -0.0886425 
-0.034 -0.0174547 -0.089757 
0.0296629 0.024666 -0.0776541 
-0.0246014 -0.0207781 -0.008287350000000001 
0.0273944 -0.0238238 -0.05153 
0.00447622 -0.0188527 -0.0925511 
-0.00583283 -0.00663717 -0.159188 
0.0259104 0.00890986 -0.0231896 
-0.0127911 -0.00711021 0.0243217 
0.0172851 -0.0333443 -0.0126187 
0.0120358 0.0190512 -0.101798 
-0.0170936 0.00881199 -0.016981 
-0.0106657 -0.00263009 -0.0158154 
-0.0178147 0.0105588 -0.126456 
-0.0306052 -0.0105926 -0.105308 
0.0184406 0.0277482 -0.138529 
-0.00535497 0.0170179 -0.1334 
-0.0240344 -0.00250385 -0.103503 
-0.008664160000000001 0.0036046 -0.0827822 
0.0134875 -0.0287336 -0.00605928 
0.0201751 -0.0230771 -0.168701 
-0.0163149 0.01552 -0.135025 
-0.02706 0.0258004 -0.119483 
0.0167704 0.00363865 -0.125085 
0.0309075 0.0196625 0.0164346 
0.00139511 -0.0311988 -0.120114 
0.0136748 0.0165896 -0.0907063 
-0.029 0.0212598 -0.07131940000000001 
0.0209506 -0.0238588 -0.0122202 
0.00228694 0.0136924 -0.0514828 
 0.035 0.0118225 -0.11081 
0.00163314 0.00669847 -0.0808648 
-0.0175602 -0.020264 -0.08609650000000001 
0.01906 -0.0365213 -0.009376870000000001 
0.0152236 0.0259703 -0.0527328 
0.0108934 -0.0320014 0.00105375 
-0.0169245 -0.0282021 -0.117549 
-0.0116559 -0.027681 0.00266831 
0.00994695 0.0218358 -0.147577 
-0.0330025 -0.0106385 -0.0655134 
-0.021779 0.000423354 -0.150756 
0.0275037 0.00263042 -0.140215 
-0.0124598 -0.021876 -0.07657310000000001 
0.0178269 -0.0051379 -0.009616009999999999 
0.0138005 -0.0262723 0.00641075 
0.0257236 0.0270177 -0.103035 
-0.0362864 0.0175802 -0.00293411 
0.0188996 -0.018959 -0.0900705 
0.0191402 -0.0224969 -0.0421914 
0.0031496 -0.0335371 0.02475 
-0.00126829 0.0233139 -0.132974 
0.0109672 -0.0289991 -0.00075339 
-0.0355053 0.0270396 0.00828915 
0.0112414 0.0170322 -0.144773 
0.00867514 0.0202114 -0.0317706 
0.0353266 0.0170118 0.00692112 
0.0244635 0.0103703 0.00948279 
0.00999537 -0.0277386 -0.103535 
-0.021722 -0.0330394 -0.127446 
-0.0259605 0.0217778 -0.101519 
0.0218488 0.0143631 -0.145468 
-0.0266106 -0.00187629 -0.0475024 
-0.0066876 0.0175371 -0.148605 
-0.0317966 0.0205401 -0.152049 
0.0194188 0.009494270000000001 -0.07525179999999999 
-0.00376966 -0.0371505 -0.0475468 
-0.00994744 -0.021418 -0.0958323 
0.0004947900000000001 -0.0276508 0.0168259 
-0.007973849999999999 -0.0174981 -0.120717 
-0.00826345 -0.0291685 -0.144255 
-0.00175435 0.0297362 -0.0684936 
0.0200957 -0.0361847 -0.131352 
-0.00503798 -0.0358289 -0.14382 
-0.00862042 0.0243237 0.0122763 
-0.00912204 -0.0256428 -0.0475323 
-0.000520003 -0.00267437 0.0193623 
-0.0300988 -0.0149082 -0.154518 
-0.010503 0.0261956 -0.0206845 
0.018328 -0.0311673 -0.08161599999999999 
-0.00393477 -0.0260161 -0.103533 
0.0250674 -0.0118433 -0.054515 
0.0169283 0.0142158 -0.0832886 
-0.0146379 0.00761938 -0.154223 
-0.0112231 0.017015 -0.131108 
-0.0131487 -0.0128567 -0.167847 
0.0233484 0.008467479999999999 -0.0755328 
-0.00498751 0.0214587 -0.0704692 
0.0137239 -0.0274316 0.00601513 
0.00522187 0.0298351 -0.147034 
-0.0114484 -0.0079273 -0.143593 
0.0315715 -0.0389133 -0.143518 
-0.0054723 0.0150004 -0.116227 
-0.0282224 -0.0183172 -0.103523 
-0.00420664 0.00839991 -0.0396509 
0.0330132 0.0236682 0.0188107 
-0.035 0.0152588 -0.0616429 
-0.019703 -0.0338371 -0.0523422 
0.00410122 -0.0170063 -0.08322740000000001 
0.00602174 0.00294013 -0.105496 
-0.0339838 -0.0238982 -0.06952709999999999 
0.0187081 0.00581328 -0.0693115 
-0.0189472 0.00903726 -0.08120869999999999 
-0.0288606 0.00748285 -0.140338 
0.00295519 0.0179076 -0.0767617 
0.00604005 -0.0157004 -0.0794825 
-0.0095 0.00241821 -0.171901 
-0.0273549 0.0258197 -0.134782 
0.0055712 0.0167256 -0.144747 
0.0120856 0.0143501 -0.118973 
-0.0187225 -0.0361658 -0.146382 
0.0180777 -0.0282071 -0.113529 
-0.0158559 -0.0189928 -0.0454466 
-0.011157 -0.0315546 -0.0983398 
-0.0141289 -0.0275292 0.0141121 
0.0212165 -0.0344469 -0.00311001 
0.0228378 0.0237248 -0.16484 
0.00117266 0.0249135 -0.209369 
-0.0105047 -0.0282205 -0.102928 
0.0151558 0.0167335 -0.0973353 
0.0247611 -0.00862037 -0.0117867 
-0.0349201 -0.0222441 -0.14528 
-0.0156611 -0.0361726 -0.140971 
0.0119355 -0.0402153 -0.107023 
0.0137168 -0.0306481 0.006456 
0.000640282 0.00411213 -0.106995 
0.0189993 0.0251097 0.013278 
0.0062635 -0.0202815 -0.0722395 
0.0132144 -0.029814 -0.016955 
-0.0274025 -0.0385123 -0.158399 
0.0216229 0.0191457 -0.151269 
0.0184268 0.0230727 0.0273823 
-0.024144 0.0118524 -0.144667 
0.0172008 -0.000383336 -0.151368 
-0.0230736 -0.0330534 -0.152821 
0.0120488 0.020833 -0.145403 
0.0109357 -0.0362463 -0.150583 
-0.00557332 -0.0349572 -0.00664648 
-0.0128307 0.0293915 -0.168073 
0.00366414 -0.0216453 -0.0168292 
0.0143586 -0.0263615 -0.00205002 
0.0168467 -0.0366422 -0.21785 
0.00610803 -0.0287243 0.0084563 
-0.0163048 0.00701288 -0.0198777 
0.00790971 0.00339774 -0.0379295 
-0.0126758 0.0154242 0.0336631 
0.0191734 -0.0259295 -0.103533 
-0.0285742 0.009490510000000001 -0.15636 
0.00937899 -0.0310342 -0.115469 
0.0283841 -0.0108445 -0.06551369999999999 
0.0138219 -0.00518984 -0.127245 
0.0163835 -0.0464797 -0.136965 
0.000639869 -0.0332905 -0.170467 
-0.0194951 -0.0234427 -0.10703 
0.00572101 -0.00968041 0.0241561 
0.0351823 0.0269093 -0.00297277 
-0.007722 0.0153223 -0.149811 
-0.0256522 0.00685157 -0.00124358 
-0.00370311 -0.0359156 -0.141495 
-0.0212639 -0.0362253 -0.09912029999999999 
-0.000913334 0.0218413 -0.152004 
-0.0295428 0.00415042 -0.06549480000000001 
0.0115865 -0.0215676 -0.0127549 
-0.00863827 0.0229777 -0.0923532 
-0.0140356 0.0134898 -0.0331141 
-0.009792489999999999 -0.0279956 0.00196267 
-0.0174692 0.00460493 -0.0277746 
0.0265905 -0.0354796 -0.143075 
-0.00190966 -0.0201666 -0.0241771 
-0.0182979 0.0100974 0.0218919 
-0.034 0.016467 -0.06693590000000001 
-0.0254745 -0.0331887 -0.151445 
0.0141025 -0.0311764 -0.07438210000000001 
-0.00209595 0.0240104 -0.127457 
0.00465274 0.0134267 -0.105483 
0.00442102 0.0206818 -0.08878030000000001 
0.00366155 -0.0234625 -0.08620990000000001 
0.0254558 -0.033193 -0.124737 
0.0277513 -0.0071642 -0.0597101 
0.0326142 -0.0102247 -0.0995526 
-0.008689560000000001 0.0215185 -0.105473 
-0.00497022 0.0257418 -0.07293959999999999 
0.0331199 -0.000240352 -0.0871141 
0.008953849999999999 -0.0396916 -0.204401 
-0.029 -0.0325133 -0.11948 
0.023158 -0.0177746 -0.0945266 
0.0114068 -0.0232222 -0.101546 
0.00610122 -0.0159631 -0.0727589 
-0.0044648 -0.0164404 -0.093662 
0.0288585 0.0297994 -0.118657 
-0.0239686 -0.0230331 -0.0134138 
0.0104215 -0.0203302 0.0259024 
0.0173318 0.0245902 -0.0319086 
0.0266517 0.0135526 -0.0241145 
0.00994778 0.00979025 -0.0936216 
-0.0142634 0.0276029 -0.0694766 
0.014711 -0.0128667 -0.122524 
0.0168513 0.0179847 0.0292747 
-0.00619052 0.0206589 -0.0706387 
0.0332065 -0.00801839 -0.120725 
0.0196479 -0.00391714 -0.165505 
0.0146999 -0.0331499 -0.159006 
-0.0202918 -0.0383839 -0.131997 
0.00648968 -0.0335267 0.00252855 
0.0223382 -0.0331941 -0.12388 
-0.0256909 0.0168718 -0.0501957 
-0.0327868 -0.0204734 -0.0559574 
-0.009305799999999999 -0.0218612 -0.0883796 
-0.00252378 0.00769018 -0.0742902 
-0.00734862 -0.0402659 -0.06684030000000001 
0.011656 0.0242442 -0.0149193 
-0.0254534 0.0109859 -0.0514442 
0.0138724 -0.0288116 0.009224059999999999 
0.00473365 -0.0164549 -0.11456 
8.5467e-05 -0.00788145 -0.146614 
-0.00164085 -0.0103594 -0.136648 
-0.0222142 0.0181124 -0.165737 
-0.00527657 -0.0360799 -0.135191 
-0.0106636 0.00867328 -0.0202598 
-0.0147726 -0.0181132 -0.140914 
0.00472717 0.0160515 -0.145755 
-0.00556999 -0.017858 -0.154428 
0.0233335 0.00683039 -0.0892101 
-0.00937371 -0.0407388 -0.232472 
-0.0212305 -0.0365264 -0.162413 
-0.01838 -0.033821 -0.171541 
0.0265624 0.0109244 -0.0238646 
0.0102228 -0.0268175 -0.105534 
-0.0152527 0.0170437 -0.153903 
-0.00358876 -0.0362554 -0.21126 
-0.00261194 0.0142342 -0.0978641 
-0.00420234 0.0269757 -0.23563 
0.0180176 -0.0307246 -0.07355970000000001 
0.000398428 0.0239419 -0.128518 
0.00719863 -0.0230823 0.0256841 
0.0352894 0.0269801 0.00309037 
0.00728354 0.0257668 -0.0928002 
0.00746599 0.007904400000000001 0.0290271 
0.00190288 0.0230628 -0.09215470000000001 
0.00440268 -0.0245421 0.00662245 
0.0147215 -0.0319714 -0.07833229999999999 
0.00801405 -0.0337143 0.0198401 
0.0363611 0.0122499 -0.0017395 
0.00701029 0.00980468 -0.0682864 
-0.0117493 0.0190402 -0.151115 
0.00322622 0.0072774 -0.0739887 
0.0318373 0.0228336 0.008618000000000001 
0.0166915 -0.0295141 -0.14649 
-0.032641 0.0222144 0.00465589 
0.0218688 -0.0402694 -0.06404319999999999 
0.0138294 -0.0362026 -0.117146 
0.0097854 -0.0234696 -0.080536 
0.0323346 -0.0387436 -0.06431149999999999 
-0.0160943 0.0104815 -0.07704279999999999 
0.0218473 0.0182143 -0.0654771 
-0.008836490000000001 -0.0308822 0.0195341 
0.0322532 0.0292058 -0.099761 
0.0191455 0.00852458 0.0220883 
0.00473566 -0.0246499 -0.0961978 
-0.030811 0.0217594 -0.08687549999999999 
-0.014998 -0.0241074 0.00220567 
-0.0150262 -0.0133085 0.019835 
0.0299333 -0.0348305 -0.0895252 
-0.0328333 0.028932 -0.135028 
0.0190827 -0.021749 -0.145743 
0.0095 -0.00257783 -0.177507 
0.0192 0.0176409 -0.0878486 
-0.00304955 -0.0357768 -0.11823 
0.00170531 0.0245172 0.0260774 
-0.03047 -0.0163397 -0.0655176 
-0.0156619 0.0107282 -0.0818567 
0.0335445 0.0232734 -0.0178226 
0.0262346 0.00993279 0.0136782 
-0.0115765 -0.0141082 -0.105518 
0.0230427 -0.0138774 -0.137165 
-0.00243952 -0.005126 -0.0190685 
0.00341256 0.0263372 -0.145467 
-0.0237941 -0.009310850000000001 -0.14611 
-0.009062590000000001 -0.0282315 -0.00532919 
 0.035 0.009652930000000001 -0.061734 
-0.00426779 -0.0312583 -0.00557991 
-0.0101327 -0.0143223 -0.120711 
-0.00738923 -0.0325575 -0.07418379999999999 
0.000137883 -0.0250865 -0.144801 
0.0130969 0.0245059 0.0350707 
-0.0149528 -0.0345048 -0.0843732 
-0.0200594 -0.0356473 -0.0131866 
 0.035 0.0238186 -0.125739 
0.0151098 0.0190965 -0.178981 
0.0158501 -0.00592609 -0.00124174 
3 590 325 861 
3 635 203 757 
3 205 635 757 
3 88 590 861 
3 136 88 861 
3 88 635 205 
3 533 144 223 
3 945 533 223 
3 24 192 368 
3 147 192 24 
3 166 24 861 
3 325 166 861 
3 166 325 24 
3 997 551 571 
3 46 464 223 
3 647 464 295 
3 464 647 223 
3 533 154 144 
3 144 154 223 
3 136 839 203 
3 839 468 203 
3 468 839 136 
3 73 136 861 
3 445 941 326 
3 551 333 571 
3 333 445 571 
3 941 333 295 
3 333 647 295 
3 647 333 223 
3 941 593 326 
3 593 941 295 
3 24 188 861 
3 188 801 861 
3 801 188 24 
3 997 465 368 
3 613 88 136 
3 88 613 635 
3 613 136 203 
3 635 613 203 
3 357 205 757 
3 357 88 205 
3 133 357 757 
3 357 133 88 
3 366 333 551 
3 325 744 24 
3 744 825 24 
3 825 744 325 
3 427 825 325 
3 997 520 551 
3 154 515 223 
3 515 46 223 
3 994 154 533 
3 445 61 941 
3 61 333 941 
3 333 61 445 
3 593 933 326 
3 326 933 861 
3 933 73 861 
3 933 468 136 
3 73 933 136 
3 445 178 801 
3 801 178 861 
3 178 445 326 
3 178 326 861 
3 453 24 368 
3 88 76 590 
3 763 133 757 
3 515 763 46 
3 333 102 223 
3 366 102 333 
3 102 945 223 
3 102 366 945 
3 553 427 147 
3 427 553 825 
3 553 147 24 
3 825 553 24 
3 520 557 945 
3 557 520 997 
3 945 557 368 
3 557 997 368 
3 366 966 945 
3 966 520 945 
3 593 307 468 
3 307 593 295 
3 228 540 994 
3 352 593 468 
3 933 352 468 
3 352 933 593 
3 31 453 368 
3 31 801 24 
3 453 31 24 
3 133 657 88 
3 657 76 88 
3 76 657 133 
3 251 621 590 
3 76 251 590 
3 251 76 133 
3 763 251 133 
3 494 515 154 
3 494 763 515 
3 494 154 621 
3 251 494 621 
3 494 251 763 
3 760 325 590 
3 540 760 590 
3 427 270 147 
3 270 228 659 
3 228 270 540 
3 270 427 325 
3 760 270 325 
3 270 760 540 
3 994 855 154 
3 540 855 994 
3 154 855 621 
3 621 855 590 
3 855 540 590 
3 520 582 551 
3 966 582 520 
3 582 366 551 
3 582 966 366 
3 203 651 757 
3 228 805 659 
3 805 270 659 
3 270 805 147 
3 805 945 368 
3 945 805 533 
3 805 192 147 
3 192 805 368 
3 805 994 533 
3 805 228 994 
3 31 535 801 
3 535 445 801 
3 445 535 571 
3 535 997 571 
3 535 465 997 
3 307 167 468 
3 167 651 468 
3 651 167 307 
3 468 831 203 
3 831 651 203 
3 651 831 468 
3 651 211 757 
3 211 763 757 
3 535 649 465 
3 649 535 31 
3 465 649 368 
3 649 31 368 
3 179 651 307 
3 179 211 651 
3 973 179 307 
3 179 973 211 
3 211 973 763 
3 763 973 46 
3 973 464 46 
3 464 973 295 
3 973 307 295 
Vertices and facets:
- p325(v18): 0.0093 -0.036 0.019
- p590(v5): -0.0078 -0.037 0.024
- p861(v3): 0.016 -0.046 -0.14
- p635(v25): -0.034 -0.027 -0.074
- p203(v7): -0.035 -0.033 -0.14
- p757(v1): -0.036 0.018 -0.0029
- p205(v13): -0.029 -0.026 -0.0072
- p88(v26): -0.024 -0.037  0.01
- p136(v14): -0.03 -0.04 -0.11
- p533(v28): 0.024 0.027 0.021
- p144(v11): 0.00096 0.028 0.021
- p223(v6): 0.018  0.03 -0.00052
- p945(v30): 0.035 0.027 0.0031
- p192(v31): 0.026 -0.023 0.0065
- p24(v9): 0.033 -0.039 -0.067
- p368(v2): 0.038 0.017 -0.00029
- p147(v17): 0.023 -0.029 0.0089
- p166(v32): 0.027 -0.04 -0.061
- p997(v34): 0.035 0.024 -0.13
- p551(v16):  0.03  0.03 -0.15
- p571(v8): 0.031 0.022 -0.15
- p464(v35): -0.027  0.03  -0.1
- p46(v20): -0.031 0.029 -0.073
- p647(v29): 0.00025 0.031 -0.19
- p295(v4): -0.01 0.031 -0.21
- p154(v39): -0.013 0.027 0.034
- p839(v41): -0.027 -0.039 -0.16
- p468(v22): -0.018 -0.039 -0.22
- p73(v42): -0.022 -0.041 -0.14
- p445(v43): 0.014 -0.037 -0.23
- p941(v23): -0.0042 0.027 -0.24
- p326(v12): 0.0035 -0.041 -0.24
- p333(v45): 0.012 0.031  -0.2
- p593(v47): -0.012 0.025 -0.24
- p188(v48): 0.031 -0.04 -0.12
- p801(v24): 0.032 -0.039 -0.14
- p465(v50): 0.035 -0.021 -0.14
- p613(v52): -0.03 -0.037 -0.075
- p357(v53): -0.028 -0.023 0.0038
- p133(v54): -0.036 0.025 0.0095
- p366(v56):  0.03  0.03  -0.1
- p744(v57): 0.019 -0.037 -0.0094
- p825(v33): 0.021 -0.034 -0.0031
- p427(v58): 0.015 -0.034 0.015
- p520(v59): 0.034 0.028 -0.12
- p515(v61): -0.02 0.028 0.0039
- p994(v62): 0.013 0.025 0.035
- p61(v63): 0.0082 0.028 -0.21
- p933(v64): -0.0094 -0.041 -0.23
- p178(v65): 0.012 -0.041 -0.23
- p453(v66): 0.035 -0.032 -0.075
- p76(v67): -0.026  0.01 0.025
- p763(v68): -0.036 0.027 0.0083
- p102(v71): 0.027  0.03 -0.074
- p553(v72): 0.021 -0.033 0.0028
- p557(v73): 0.035 0.027 -0.12
- p966(v74): 0.032 0.029  -0.1
- p307(v75): -0.031 0.027 -0.15
- p228(v76):  0.02  0.02 0.032
- p540(v70): 0.0016 -0.025  0.03
- p352(v77): -0.012 -0.036 -0.23
- p31(v78): 0.035 -0.03 -0.11
- p657(v79): -0.03 0.0053 0.013
- p251(v80): -0.024 0.023  0.03
- p621(v21): -0.019 0.025 0.033
- p494(v81): -0.024 0.027 0.025
- p760(v82): 0.0031 -0.034 0.025
- p270(v83): 0.015 -0.026 0.024
- p659(v55):  0.02 0.012  0.03
- p855(v84): -0.013 0.015 0.034
- p582(v85): 0.031  0.03 -0.13
- p651(v86): -0.035 -0.018 -0.14
- p805(v87): 0.033 0.024 0.019
- p535(v88): 0.035 -0.022 -0.15
- p167(v89): -0.033 -0.0053 -0.15
- p831(v90): -0.035 -0.022 -0.15
- p211(v91): -0.034 0.022 -0.12
- p649(v92): 0.035 -0.022 -0.14
- p179(v93): -0.034 0.009 -0.14
- p973(v94): -0.033 0.029 -0.14
- f59
    - flags: bottom simplicial
    - normal:    0.0324  -0.9973  0.06607
    - offset: -0.03783578
    - vertices: p325(v18) p590(v5) p861(v3)
    - neighboring facets: f101 f132 f370
- f97
    - flags: top simplicial
    - normal:   -0.9961 -0.08542   0.0221
    - offset: -0.03457828
    - vertices: p635(v25) p203(v7) p757(v1)
    - neighboring facets: f393 f98 f226
- f98
    - flags: bottom simplicial
    - normal:   -0.9795  -0.1827  0.08431
    - offset: -0.03208491
    - vertices: p635(v25) p205(v13) p757(v1)
    - neighboring facets: f227 f97 f104
- f101
    - flags: top simplicial
    - normal:  -0.04892  -0.9973   0.0539
    - offset: -0.0381731
    - vertices: p88(v26) p590(v5) p861(v3)
    - neighboring facets: f59 f102 f295
- f102
    - flags: bottom simplicial
    - normal:   -0.1183  -0.9924  0.03465
    - offset: -0.03944136
    - vertices: p88(v26) p136(v14) p861(v3)
    - neighboring facets: f176 f101 f223
- f104
    - flags: top simplicial
    - normal:   -0.9533  -0.2899  0.08521
    - offset: -0.03406801
    - vertices: p88(v26) p635(v25) p205(v13)
    - neighboring facets: f98 f229 f224
- f115
    - flags: top simplicial
    - normal:   0.04163   0.9937   0.1041
    - offset: -0.03005266
    - vertices: p533(v28) p144(v11) p223(v6)
    - neighboring facets: f162 f125 f161
- f125
    - flags: top simplicial
    - normal:     0.129   0.9884  0.07995
    - offset: -0.03146844
    - vertices: p945(v30) p533(v28) p223(v6)
    - neighboring facets: f115 f319 f399
- f128
    - flags: bottom simplicial
    - normal:    0.9518  -0.2645   0.1555
    - offset: -0.03173629
    - vertices: p192(v31) p24(v9) p368(v2)
    - neighboring facets: f288 f401 f130
- f130
    - flags: bottom simplicial
    - normal:      0.93  -0.3275   0.1668
    - offset: -0.03269966
    - vertices: p192(v31) p147(v17) p24(v9)
    - neighboring facets: f323 f128 f400
- f131
    - flags: top simplicial
    - normal:    0.1689  -0.9834  0.06572
    - offset: -0.03947541
    - vertices: p166(v32) p24(v9) p861(v3)
    - neighboring facets: f207 f132 f133
- f132
    - flags: bottom simplicial
    - normal:     0.138  -0.9879  0.07023
    - offset: -0.03856059
    - vertices: p166(v32) p325(v18) p861(v3)
    - neighboring facets: f59 f131 f133
- f133
    - flags: top simplicial
    - normal:      0.18  -0.9805  0.07897
    - offset: -0.0388482
    - vertices: p166(v32) p325(v18) p24(v9)
    - neighboring facets: f249 f131 f132
- f137
    - flags: top simplicial
    - normal:     0.966   0.2043  -0.1586
    - offset: -0.05862343
    - vertices: p997(v34) p551(v16) p571(v8)
    - neighboring facets: f187 f408 f256
- f143
    - flags: bottom simplicial
    - normal:  -0.02966   0.9994   0.0151
    - offset: -0.02899739
    - vertices: p464(v35) p46(v20) p223(v6)
    - neighboring facets: f270 f145 f431
- f144
    - flags: bottom simplicial
    - normal:  -0.01558   0.9998 0.008173
    - offset: -0.02934793
    - vertices: p464(v35) p647(v29) p295(v4)
    - neighboring facets: f191 f432 f145
- f145
    - flags: top simplicial
    - normal:  -0.01451   0.9999 0.008523
    - offset: -0.02928326
    - vertices: p464(v35) p647(v29) p223(v6)
    - neighboring facets: f193 f143 f144
- f161
    - flags: bottom simplicial
    - normal:    0.0412   0.9918   0.1213
    - offset: -0.03035607
    - vertices: p154(v39) p533(v28) p144(v11)
    - neighboring facets: f115 f162 f271
- f162
    - flags: bottom simplicial
    - normal:  -0.01916   0.9982  0.05632
    - offset: -0.02912714
    - vertices: p154(v39) p144(v11) p223(v6)
    - neighboring facets: f115 f269 f161
- f173
    - flags: bottom simplicial
    - normal:   -0.6706   -0.739 -0.06426
    - offset: -0.05701638
    - vertices: p839(v41) p136(v14) p203(v7)
    - neighboring facets: f225 f174 f175
- f174
    - flags: top simplicial
    - normal:   -0.7222  -0.6838  -0.1038
    - offset: -0.06256699
    - vertices: p839(v41) p468(v22) p203(v7)
    - neighboring facets: f413 f173 f175
- f175
    - flags: bottom simplicial
    - normal:   -0.4084   -0.911   -0.057
    - offset: -0.05530495
    - vertices: p839(v41) p468(v22) p136(v14)
    - neighboring facets: f282 f173 f174
- f176
    - flags: top simplicial
    - normal:   -0.1298  -0.9915  0.01063
    - offset: -0.04250178
    - vertices: p73(v42) p136(v14) p861(v3)
    - neighboring facets: f102 f281 f283
- f181
    - flags: top simplicial
    - normal:    0.2673   0.0619  -0.9616
    - offset: -0.2271354
    - vertices: p445(v43) p941(v23) p326(v12)
    - neighboring facets: f201 f286 f275
- f187
    - flags: bottom simplicial
    - normal:    0.9177   0.2722  -0.2894
    - offset: -0.07866413
    - vertices: p333(v45) p551(v16) p571(v8)
    - neighboring facets: f137 f188 f248
- f188
    - flags: top simplicial
    - normal:    0.9345   0.1659  -0.3148
    - offset: -0.08076568
    - vertices: p333(v45) p445(v43) p571(v8)
    - neighboring facets: f407 f187 f277
- f190
    - flags: bottom simplicial
    - normal:   0.04528   0.9885  -0.1441
    - offset: -0.06041954
    - vertices: p333(v45) p941(v23) p295(v4)
    - neighboring facets: f203 f191 f276
- f191
    - flags: top simplicial
    - normal:  -1.107e-06        1 0.001256
    - offset: -0.03065053
    - vertices: p333(v45) p647(v29) p295(v4)
    - neighboring facets: f144 f190 f193
- f193
    - flags: bottom simplicial
    - normal:  0.007062        1  0.00649
    - offset: -0.02967194
    - vertices: p333(v45) p647(v29) p223(v6)
    - neighboring facets: f145 f317 f191
- f201
    - flags: bottom simplicial
    - normal:    0.1551  0.05001  -0.9866
    - offset: -0.2331779
    - vertices: p593(v47) p941(v23) p326(v12)
    - neighboring facets: f181 f278 f203
- f203
    - flags: top simplicial
    - normal:   -0.1993   0.9599  -0.1973
    - offset: -0.07322533
    - vertices: p593(v47) p941(v23) p295(v4)
    - neighboring facets: f190 f338 f201
- f207
    - flags: bottom simplicial
    - normal:    0.3952  -0.9186 0.003597
    - offset: -0.04867768
    - vertices: p188(v48) p24(v9) p861(v3)
    - neighboring facets: f131 f208 f209
- f208
    - flags: top simplicial
    - normal:    0.4311  -0.9013 -0.04148
    - offset: -0.05463824
    - vertices: p188(v48) p801(v24) p861(v3)
    - neighboring facets: f285 f207 f209
- f209
    - flags: bottom simplicial
    - normal:    0.8107  -0.5851 -0.01951
    - offset: -0.05116343
    - vertices: p188(v48) p801(v24) p24(v9)
    - neighboring facets: f355 f207 f208
- f216
    - flags: bottom simplicial
    - normal:    0.9997 0.007446 -0.02346
    - offset: -0.03811599
    - vertices: p465(v50) p997(v34) p368(v2)
    - neighboring facets: f328 f422 f409
- f223
    - flags: top simplicial
    - normal:    -0.628  -0.7764  0.05287
    - offset: -0.04381644
    - vertices: p613(v52) p88(v26) p136(v14)
    - neighboring facets: f102 f225 f224
- f224
    - flags: bottom simplicial
    - normal:    -0.919   -0.388  0.07041
    - offset: -0.03669159
    - vertices: p613(v52) p88(v26) p635(v25)
    - neighboring facets: f104 f226 f223
- f225
    - flags: top simplicial
    - normal:   -0.8561  -0.5158  0.03318
    - offset: -0.04237544
    - vertices: p613(v52) p136(v14) p203(v7)
    - neighboring facets: f173 f226 f223
- f226
    - flags: bottom simplicial
    - normal:   -0.9211  -0.3865  0.04647
    - offset: -0.03849489
    - vertices: p613(v52) p635(v25) p203(v7)
    - neighboring facets: f97 f225 f224
- f227
    - flags: top simplicial
    - normal:   -0.9755  -0.1854   0.1187
    - offset: -0.03178964
    - vertices: p357(v53) p205(v13) p757(v1)
    - neighboring facets: f98 f231 f229
- f229
    - flags: top simplicial
    - normal:   -0.9651  -0.2291   0.1271
    - offset: -0.03254968
    - vertices: p357(v53) p88(v26) p205(v13)
    - neighboring facets: f104 f227 f232
- f231
    - flags: top simplicial
    - normal:   -0.9719   -0.179   0.1528
    - offset: -0.03167132
    - vertices: p133(v54) p357(v53) p757(v1)
    - neighboring facets: f227 f297 f232
- f232
    - flags: bottom simplicial
    - normal:   -0.9588  -0.1844    0.216
    - offset: -0.03167116
    - vertices: p133(v54) p357(v53) p88(v26)
    - neighboring facets: f229 f357 f231
- f248
    - flags: top simplicial
    - normal:   0.05695   0.9984 0.001255
    - offset: -0.03130686
    - vertices: p366(v56) p333(v45) p551(v16)
    - neighboring facets: f187 f388 f318
- f249
    - flags: bottom simplicial
    - normal:     0.359  -0.9246   0.1276
    - offset: -0.03941231
    - vertices: p744(v57) p325(v18) p24(v9)
    - neighboring facets: f133 f250 f251
- f250
    - flags: top simplicial
    - normal:     0.434  -0.8892    0.145
    - offset: -0.03938615
    - vertices: p744(v57) p825(v33) p24(v9)
    - neighboring facets: f324 f249 f251
- f251
    - flags: bottom simplicial
    - normal:    0.4241  -0.8932   0.1497
    - offset: -0.03929852
    - vertices: p744(v57) p825(v33) p325(v18)
    - neighboring facets: f253 f249 f250
- f253
    - flags: top simplicial
    - normal:    0.4451  -0.8807   0.1621
    - offset: -0.0392765
    - vertices: p427(v58) p825(v33) p325(v18)
    - neighboring facets: f251 f376 f322
- f256
    - flags: bottom simplicial
    - normal:    0.9253   0.3636  -0.1082
    - offset: -0.05465401
    - vertices: p520(v59) p997(v34) p551(v16)
    - neighboring facets: f137 f386 f326
- f269
    - flags: bottom simplicial
    - normal:  -0.03491   0.9985  0.04211
    - offset: -0.02886174
    - vertices: p515(v61) p154(v39) p223(v6)
    - neighboring facets: f162 f270 f365
- f270
    - flags: top simplicial
    - normal:  -0.03748   0.9991   0.0204
    - offset: -0.02884447
    - vertices: p515(v61) p46(v20) p223(v6)
    - neighboring facets: f143 f269 f303
- f271
    - flags: top simplicial
    - normal:   0.08157   0.9676   0.2389
    - offset: -0.03315984
    - vertices: p994(v62) p154(v39) p533(v28)
    - neighboring facets: f161 f402 f381
- f275
    - flags: bottom simplicial
    - normal:    0.8437   0.2325  -0.4839
    - offset:  -0.116754
    - vertices: p61(v63) p445(v43) p941(v23)
    - neighboring facets: f181 f276 f277
- f276
    - flags: top simplicial
    - normal:    0.7724   0.4454  -0.4528
    - offset: -0.1154521
    - vertices: p61(v63) p333(v45) p941(v23)
    - neighboring facets: f190 f275 f277
- f277
    - flags: bottom simplicial
    - normal:     0.877   0.2173  -0.4285
    - offset: -0.1047728
    - vertices: p61(v63) p333(v45) p445(v43)
    - neighboring facets: f188 f275 f276
- f278
    - flags: bottom simplicial
    - normal:   -0.3867 -0.07499  -0.9191
    - offset: -0.2203549
    - vertices: p933(v64) p593(v47) p326(v12)
    - neighboring facets: f201 f280 f351
- f280
    - flags: bottom simplicial
    - normal:  -0.04427  -0.9979 -0.04804
    - offset: -0.05223503
    - vertices: p933(v64) p326(v12) p861(v3)
    - neighboring facets: f287 f281 f278
- f281
    - flags: top simplicial
    - normal:     -0.13  -0.9912 -0.02452
    - offset: -0.04730036
    - vertices: p933(v64) p73(v42) p861(v3)
    - neighboring facets: f176 f280 f283
- f282
    - flags: top simplicial
    - normal:   -0.2739  -0.9608 -0.04297
    - offset: -0.05169932
    - vertices: p933(v64) p468(v22) p136(v14)
    - neighboring facets: f175 f283 f350
- f283
    - flags: bottom simplicial
    - normal:   -0.2737  -0.9608 -0.04295
    - offset: -0.05169428
    - vertices: p933(v64) p73(v42) p136(v14)
    - neighboring facets: f176 f282 f281
- f284
    - flags: bottom simplicial
    - normal:    0.9038   -0.386   -0.185
    - offset: -0.07009939
    - vertices: p178(v65) p445(v43) p801(v24)
    - neighboring facets: f406 f285 f286
- f285
    - flags: bottom simplicial
    - normal:    0.4209  -0.9045 -0.06891
    - offset: -0.05837466
    - vertices: p178(v65) p801(v24) p861(v3)
    - neighboring facets: f208 f287 f284
- f286
    - flags: top simplicial
    - normal:    0.4063  -0.3529  -0.8428
    - offset: -0.2163911
    - vertices: p178(v65) p445(v43) p326(v12)
    - neighboring facets: f181 f287 f284
- f287
    - flags: top simplicial
    - normal:   0.02695   -0.998 -0.05714
    - offset: -0.0546544
    - vertices: p178(v65) p326(v12) p861(v3)
    - neighboring facets: f280 f285 f286
- f288
    - flags: top simplicial
    - normal:    0.9867  -0.1514  0.05877
    - offset: -0.03496801
    - vertices: p453(v66) p24(v9) p368(v2)
    - neighboring facets: f128 f353 f356
- f295
    - flags: bottom simplicial
    - normal:   -0.6428  -0.2493   0.7243
    - offset: -0.0317133
    - vertices: p76(v67) p88(v26) p590(v5)
    - neighboring facets: f101 f361 f358
- f297
    - flags: top simplicial
    - normal:   -0.9982  0.05594  0.02232
    - offset: -0.03713849
    - vertices: p763(v68) p133(v54) p757(v1)
    - neighboring facets: f231 f418 f364
- f303
    - flags: bottom simplicial
    - normal:  -0.05767   0.9981  0.02338
    - offset: -0.02922858
    - vertices: p763(v68) p515(v61) p46(v20)
    - neighboring facets: f270 f430 f366
- f317
    - flags: bottom simplicial
    - normal:   0.02679   0.9996 0.005959
    - offset: -0.03001432
    - vertices: p102(v71) p333(v45) p223(v6)
    - neighboring facets: f193 f319 f318
- f318
    - flags: bottom simplicial
    - normal:   0.03669   0.9993 0.004834
    - offset: -0.03035654
    - vertices: p102(v71) p366(v56) p333(v45)
    - neighboring facets: f248 f317 f320
- f319
    - flags: top simplicial
    - normal:    0.1416   0.9897  0.02027
    - offset: -0.03176208
    - vertices: p102(v71) p945(v30) p223(v6)
    - neighboring facets: f125 f317 f320
- f320
    - flags: top simplicial
    - normal:    0.1665   0.9859  0.01747
    - offset: -0.03252989
    - vertices: p102(v71) p366(v56) p945(v30)
    - neighboring facets: f329 f319 f318
- f321
    - flags: top simplicial
    - normal:    0.6445  -0.7222    0.251
    - offset: -0.03822512
    - vertices: p553(v72) p427(v58) p147(v17)
    - neighboring facets: f373 f323 f322
- f322
    - flags: bottom simplicial
    - normal:    0.5524    -0.81   0.1968
    - offset: -0.0390099
    - vertices: p553(v72) p427(v58) p825(v33)
    - neighboring facets: f253 f324 f321
- f323
    - flags: top simplicial
    - normal:     0.726  -0.6629   0.1832
    - offset: -0.03780585
    - vertices: p553(v72) p147(v17) p24(v9)
    - neighboring facets: f130 f324 f321
- f324
    - flags: bottom simplicial
    - normal:     0.658  -0.7319   0.1771
    - offset: -0.03862035
    - vertices: p553(v72) p825(v33) p24(v9)
    - neighboring facets: f250 f323 f322
- f325
    - flags: bottom simplicial
    - normal:    0.8607   0.5091 -0.006479
    - offset: -0.0440888
    - vertices: p557(v73) p520(v59) p945(v30)
    - neighboring facets: f330 f327 f326
- f326
    - flags: top simplicial
    - normal:    0.9361   0.3443 -0.07261
    - offset: -0.05009218
    - vertices: p557(v73) p520(v59) p997(v34)
    - neighboring facets: f256 f328 f325
- f327
    - flags: bottom simplicial
    - normal:    0.9673   0.2536 -0.006132
    - offset: -0.04095853
    - vertices: p557(v73) p945(v30) p368(v2)
    - neighboring facets: f398 f328 f325
- f328
    - flags: top simplicial
    - normal:    0.9851   0.1717 -0.01362
    - offset: -0.04027822
    - vertices: p557(v73) p997(v34) p368(v2)
    - neighboring facets: f216 f327 f326
- f329
    - flags: bottom simplicial
    - normal:    0.2157   0.9763  0.01476
    - offset: -0.03399987
    - vertices: p966(v74) p366(v56) p945(v30)
    - neighboring facets: f320 f330 f389
- f330
    - flags: top simplicial
    - normal:    0.5849   0.8111 0.000288
    - offset: -0.04252462
    - vertices: p966(v74) p520(v59) p945(v30)
    - neighboring facets: f325 f329 f387
- f334
    - flags: bottom simplicial
    - normal:   -0.9722  0.04688  -0.2295
    - offset: -0.06687342
    - vertices: p307(v75) p593(v47) p468(v22)
    - neighboring facets: f349 f410 f338
- f338
    - flags: top simplicial
    - normal:   -0.5476   0.8236  -0.1479
    - offset: -0.06213372
    - vertices: p307(v75) p593(v47) p295(v4)
    - neighboring facets: f203 f433 f334
- f346
    - flags: top simplicial
    - normal:    0.2979  -0.1586   0.9413
    - offset: -0.03302812
    - vertices: p228(v76) p540(v70) p994(v62)
    - neighboring facets: f382 f403 f375
- f349
    - flags: top simplicial
    - normal:   -0.7755 -0.05273  -0.6291
    - offset: -0.1567429
    - vertices: p352(v77) p593(v47) p468(v22)
    - neighboring facets: f334 f350 f351
- f350
    - flags: bottom simplicial
    - normal:   -0.7174  -0.2462  -0.6517
    - offset: -0.1682571
    - vertices: p352(v77) p933(v64) p468(v22)
    - neighboring facets: f282 f349 f351
- f351
    - flags: top simplicial
    - normal:   -0.5289 -0.07495  -0.8454
    - offset:  -0.204535
    - vertices: p352(v77) p933(v64) p593(v47)
    - neighboring facets: f278 f349 f350
- f353
    - flags: top simplicial
    - normal:    0.9984  -0.0571 -0.002969
    - offset: -0.03698987
    - vertices: p31(v78) p453(v66) p368(v2)
    - neighboring facets: f288 f423 f356
- f355
    - flags: top simplicial
    - normal:    0.9583   -0.285 -0.02334
    - offset: -0.04469252
    - vertices: p31(v78) p801(v24) p24(v9)
    - neighboring facets: f209 f356 f404
- f356
    - flags: bottom simplicial
    - normal:    0.9727  -0.2317 -0.01205
    - offset: -0.04235292
    - vertices: p31(v78) p453(v66) p24(v9)
    - neighboring facets: f288 f355 f353
- f357
    - flags: bottom simplicial
    - normal:   -0.9083  -0.1727   0.3809
    - offset: -0.03172059
    - vertices: p657(v79) p133(v54) p88(v26)
    - neighboring facets: f232 f358 f359
- f358
    - flags: top simplicial
    - normal:   -0.8794  -0.1724   0.4438
    - offset: -0.03166278
    - vertices: p657(v79) p76(v67) p88(v26)
    - neighboring facets: f295 f357 f359
- f359
    - flags: bottom simplicial
    - normal:    -0.885  -0.1555   0.4388
    - offset: -0.03185935
    - vertices: p657(v79) p76(v67) p133(v54)
    - neighboring facets: f362 f357 f358
- f360
    - flags: top simplicial
    - normal:   -0.4808  -0.2077   0.8519
    - offset: -0.03203328
    - vertices: p251(v80) p621(v21) p590(v5)
    - neighboring facets: f384 f361 f368
- f361
    - flags: bottom simplicial
    - normal:     -0.59  -0.2296    0.774
    - offset: -0.03179027
    - vertices: p251(v80) p76(v67) p590(v5)
    - neighboring facets: f295 f360 f362
- f362
    - flags: top simplicial
    - normal:   -0.8611 -0.06926   0.5038
    - offset: -0.03373659
    - vertices: p251(v80) p76(v67) p133(v54)
    - neighboring facets: f359 f364 f361
- f364
    - flags: bottom simplicial
    - normal:   -0.8151   0.2757   0.5096
    - offset: -0.0406184
    - vertices: p251(v80) p763(v68) p133(v54)
    - neighboring facets: f297 f362 f369
- f365
    - flags: top simplicial
    - normal:  -0.03593   0.9985  0.04233
    - offset: -0.02888159
    - vertices: p494(v81) p515(v61) p154(v39)
    - neighboring facets: f269 f367 f366
- f366
    - flags: top simplicial
    - normal:  -0.05332   0.9978  0.03884
    - offset: -0.02919589
    - vertices: p494(v81) p763(v68) p515(v61)
    - neighboring facets: f303 f365 f369
- f367
    - flags: top simplicial
    - normal:   -0.4003   0.7934   0.4587
    - offset: -0.0423318
    - vertices: p494(v81) p154(v39) p621(v21)
    - neighboring facets: f383 f368 f365
- f368
    - flags: bottom simplicial
    - normal:    -0.622   0.5689    0.538
    - offset: -0.04354259
    - vertices: p494(v81) p251(v80) p621(v21)
    - neighboring facets: f360 f367 f369
- f369
    - flags: top simplicial
    - normal:   -0.7024   0.5109   0.4956
    - offset: -0.04286127
    - vertices: p494(v81) p251(v80) p763(v68)
    - neighboring facets: f364 f366 f368
- f370
    - flags: top simplicial
    - normal:    0.1928  -0.7782   0.5977
    - offset: -0.04149885
    - vertices: p760(v82) p325(v18) p590(v5)
    - neighboring facets: f59 f371 f379
- f371
    - flags: bottom simplicial
    - normal:    0.1139  -0.5311   0.8396
    - offset: -0.03895058
    - vertices: p760(v82) p540(v70) p590(v5)
    - neighboring facets: f385 f370 f380
- f373
    - flags: bottom simplicial
    - normal:    0.7005  -0.5234    0.485
    - offset: -0.03584257
    - vertices: p270(v83) p427(v58) p147(v17)
    - neighboring facets: f321 f397 f376
- f374
    - flags: top simplicial
    - normal:    0.4073  -0.1959    0.892
    - offset: -0.03291333
    - vertices: p270(v83) p228(v76) p659(v55)
    - neighboring facets: f395 f396 f375
- f375
    - flags: bottom simplicial
    - normal:    0.3898  -0.1952   0.8999
    - offset: -0.03282995
    - vertices: p270(v83) p228(v76) p540(v70)
    - neighboring facets: f346 f380 f374
- f376
    - flags: top simplicial
    - normal:    0.5908   -0.595   0.5449
    - offset: -0.03754372
    - vertices: p270(v83) p427(v58) p325(v18)
    - neighboring facets: f253 f379 f373
- f379
    - flags: bottom simplicial
    - normal:    0.3925  -0.5783   0.7152
    - offset: -0.03833133
    - vertices: p270(v83) p760(v82) p325(v18)
    - neighboring facets: f370 f376 f380
- f380
    - flags: top simplicial
    - normal:    0.3293  -0.4757   0.8156
    - offset: -0.03717711
    - vertices: p270(v83) p760(v82) p540(v70)
    - neighboring facets: f371 f375 f379
- f381
    - flags: bottom simplicial
    - normal:  -0.04472 -0.02787   0.9986
    - offset: -0.03375332
    - vertices: p855(v84) p994(v62) p154(v39)
    - neighboring facets: f271 f383 f382
- f382
    - flags: bottom simplicial
    - normal:  -0.02302 -0.08902   0.9958
    - offset: -0.03243914
    - vertices: p855(v84) p540(v70) p994(v62)
    - neighboring facets: f346 f381 f385
- f383
    - flags: bottom simplicial
    - normal:    -0.146 -0.03322   0.9887
    - offset: -0.03462197
    - vertices: p855(v84) p154(v39) p621(v21)
    - neighboring facets: f367 f384 f381
- f384
    - flags: bottom simplicial
    - normal:   -0.3941  -0.1987   0.8973
    - offset: -0.03213719
    - vertices: p855(v84) p621(v21) p590(v5)
    - neighboring facets: f360 f385 f383
- f385
    - flags: top simplicial
    - normal:     -0.35  -0.1978   0.9156
    - offset: -0.0322074
    - vertices: p855(v84) p540(v70) p590(v5)
    - neighboring facets: f371 f384 f382
- f386
    - flags: bottom simplicial
    - normal:     0.562   0.8266 -0.02868
    - offset: -0.04575583
    - vertices: p582(v85) p520(v59) p551(v16)
    - neighboring facets: f256 f388 f387
- f387
    - flags: bottom simplicial
    - normal:    0.5215   0.8532 -0.005105
    - offset: -0.04224862
    - vertices: p582(v85) p966(v74) p520(v59)
    - neighboring facets: f330 f386 f389
- f388
    - flags: top simplicial
    - normal:    0.1625   0.9867 0.001235
    - offset: -0.03411958
    - vertices: p582(v85) p366(v56) p551(v16)
    - neighboring facets: f248 f386 f389
- f389
    - flags: top simplicial
    - normal:    0.2315   0.9728 0.005433
    - offset: -0.03533544
    - vertices: p582(v85) p966(v74) p366(v56)
    - neighboring facets: f329 f388 f387
- f393
    - flags: bottom simplicial
    - normal:        -1 -0.001799 -0.008658
    - offset: -0.03627876
    - vertices: p651(v86) p203(v7) p757(v1)
    - neighboring facets: f97 f417 f414
- f395
    - flags: bottom simplicial
    - normal:    0.7293  -0.1477    0.668
    - offset: -0.03314628
    - vertices: p805(v87) p228(v76) p659(v55)
    - neighboring facets: f374 f396 f403
- f396
    - flags: top simplicial
    - normal:    0.7465   -0.202   0.6339
    - offset: -0.03179042
    - vertices: p805(v87) p270(v83) p659(v55)
    - neighboring facets: f374 f395 f397
- f397
    - flags: bottom simplicial
    - normal:    0.8285  -0.2468   0.5026
    - offset: -0.03096498
    - vertices: p805(v87) p270(v83) p147(v17)
    - neighboring facets: f373 f400 f396
- f398
    - flags: top simplicial
    - normal:    0.9646   0.1924   0.1802
    - offset: -0.03978907
    - vertices: p805(v87) p945(v30) p368(v2)
    - neighboring facets: f327 f401 f399
- f399
    - flags: bottom simplicial
    - normal:    0.3848   0.8904   0.2433
    - offset: -0.03835264
    - vertices: p805(v87) p945(v30) p533(v28)
    - neighboring facets: f125 f402 f398
- f400
    - flags: top simplicial
    - normal:    0.8998  -0.2345   0.3679
    - offset: -0.03107747
    - vertices: p805(v87) p192(v31) p147(v17)
    - neighboring facets: f130 f397 f401
- f401
    - flags: bottom simplicial
    - normal:    0.9189  -0.2257   0.3236
    - offset: -0.03108107
    - vertices: p805(v87) p192(v31) p368(v2)
    - neighboring facets: f128 f398 f400
- f402
    - flags: top simplicial
    - normal:    0.4053   0.7926   0.4556
    - offset: -0.04070835
    - vertices: p805(v87) p994(v62) p533(v28)
    - neighboring facets: f271 f399 f403
- f403
    - flags: top simplicial
    - normal:    0.5881    0.406   0.6995
    - offset: -0.04218324
    - vertices: p805(v87) p228(v76) p994(v62)
    - neighboring facets: f346 f402 f395
- f404
    - flags: bottom simplicial
    - normal:    0.9804  -0.1907 -0.05016
    - offset: -0.04557164
    - vertices: p535(v88) p31(v78) p801(v24)
    - neighboring facets: f355 f406 f421
- f406
    - flags: top simplicial
    - normal:    0.9597  -0.2057  -0.1914
    - offset: -0.06577422
    - vertices: p535(v88) p445(v43) p801(v24)
    - neighboring facets: f284 f404 f407
- f407
    - flags: bottom simplicial
    - normal:    0.9707  0.04583   -0.236
    - offset: -0.0671706
    - vertices: p535(v88) p445(v43) p571(v8)
    - neighboring facets: f188 f408 f406
- f408
    - flags: top simplicial
    - normal:    0.9865  0.06186  -0.1515
    - offset: -0.05505239
    - vertices: p535(v88) p997(v34) p571(v8)
    - neighboring facets: f137 f407 f409
- f409
    - flags: top simplicial
    - normal:    0.9991  0.01249 -0.03936
    - offset: -0.04021622
    - vertices: p535(v88) p465(v50) p997(v34)
    - neighboring facets: f216 f408 f420
- f410
    - flags: bottom simplicial
    - normal:   -0.9745  0.03758  -0.2214
    - offset: -0.06545256
    - vertices: p167(v89) p307(v75) p468(v22)
    - neighboring facets: f334 f411 f412
- f411
    - flags: top simplicial
    - normal:   -0.9748   0.0351  -0.2203
    - offset: -0.06531957
    - vertices: p167(v89) p651(v86) p468(v22)
    - neighboring facets: f415 f410 f412
- f412
    - flags: bottom simplicial
    - normal:   -0.9762  0.03834  -0.2133
    - offset: -0.06429898
    - vertices: p167(v89) p651(v86) p307(v75)
    - neighboring facets: f424 f410 f411
- f413
    - flags: bottom simplicial
    - normal:   -0.9776  -0.0712   -0.198
    - offset: -0.06449127
    - vertices: p831(v90) p468(v22) p203(v7)
    - neighboring facets: f174 f414 f415
- f414
    - flags: top simplicial
    - normal:   -0.9991 -0.00943 -0.04235
    - offset: -0.04124933
    - vertices: p831(v90) p651(v86) p203(v7)
    - neighboring facets: f393 f413 f415
- f415
    - flags: bottom simplicial
    - normal:   -0.9758  0.02309  -0.2174
    - offset: -0.06514281
    - vertices: p831(v90) p651(v86) p468(v22)
    - neighboring facets: f411 f413 f414
- f417
    - flags: bottom simplicial
    - normal:   -0.9993  0.03343 -0.01745
    - offset: -0.03689944
    - vertices: p211(v91) p651(v86) p757(v1)
    - neighboring facets: f393 f418 f426
- f418
    - flags: top simplicial
    - normal:   -0.9949  0.09958 -0.01469
    - offset: -0.03789582
    - vertices: p211(v91) p763(v68) p757(v1)
    - neighboring facets: f297 f417 f429
- f420
    - flags: bottom simplicial
    - normal:    0.9968 -0.07536 -0.02672
    - offset: -0.04020883
    - vertices: p649(v92) p535(v88) p465(v50)
    - neighboring facets: f409 f422 f421
- f421
    - flags: top simplicial
    - normal:    0.9957  -0.0883 -0.02653
    - offset: -0.04042717
    - vertices: p649(v92) p535(v88) p31(v78)
    - neighboring facets: f404 f423 f420
- f422
    - flags: bottom simplicial
    - normal:    0.9993  -0.0344  -0.0122
    - offset: -0.03740554
    - vertices: p649(v92) p465(v50) p368(v2)
    - neighboring facets: f216 f423 f420
- f423
    - flags: top simplicial
    - normal:    0.9992 -0.03761  -0.0113
    - offset: -0.03734807
    - vertices: p649(v92) p31(v78) p368(v2)
    - neighboring facets: f353 f422 f421
- f424
    - flags: top simplicial
    - normal:   -0.9923  0.05816  -0.1097
    - offset: -0.04953428
    - vertices: p179(v93) p651(v86) p307(v75)
    - neighboring facets: f412 f427 f426
- f426
    - flags: top simplicial
    - normal:   -0.9981  0.04518 -0.04117
    - offset: -0.04007798
    - vertices: p179(v93) p211(v91) p651(v86)
    - neighboring facets: f417 f424 f428
- f427
    - flags: top simplicial
    - normal:   -0.9935   0.0763 -0.08493
    - offset: -0.04629413
    - vertices: p973(v94) p179(v93) p307(v75)
    - neighboring facets: f424 f433 f428
- f428
    - flags: bottom simplicial
    - normal:   -0.9952  0.07233 -0.06592
    - offset: -0.04366989
    - vertices: p973(v94) p179(v93) p211(v91)
    - neighboring facets: f426 f429 f427
- f429
    - flags: bottom simplicial
    - normal:   -0.9882   0.1523 -0.01641
    - offset: -0.03906848
    - vertices: p973(v94) p211(v91) p763(v68)
    - neighboring facets: f418 f430 f428
- f430
    - flags: bottom simplicial
    - normal:   -0.3688   0.9295 0.005398
    - offset: -0.03827148
    - vertices: p973(v94) p763(v68) p46(v20)
    - neighboring facets: f303 f431 f429
- f431
    - flags: top simplicial
    - normal:   -0.1397   0.9902 -0.0005851
    - offset: -0.03331405
    - vertices: p973(v94) p464(v35) p46(v20)
    - neighboring facets: f143 f430 f432
- f432
    - flags: bottom simplicial
    - normal:   -0.1086   0.9941 -0.006536
    - offset: -0.03320873
    - vertices: p973(v94) p464(v35) p295(v4)
    - neighboring facets: f144 f433 f431
- f433
    - flags: top simplicial
    - normal:   -0.4966   0.8586  -0.1268
    - offset: -0.05827078
    - vertices: p973(v94) p307(v75) p295(v4)
    - neighboring facets: f338 f432 f427
