3
1000 194 291
-0.00610707 -0.045831 0.00185976 
0.143335 0.00477661 0.0153284 
0.0234985 -0.0091051 0.0384998 
0.144911 -0.0476285 0.0192146 
0.023575 -0.0446634 -0.00165588 
0.137919 0.0407112 -0.0365117 
0.008625000000000001 0.003518 -0.021165 
0.14684 0.0446104 -0.00466752 
0.153981 -0.0100167 0.00740478 
0.023525 -0.026373 0.0351212 
0.0731977 -0.0471945 0.0339523 
0.0243583 -0.0009745310000000001 -0.0449578 
0.0792897 0.0435407 -0.0429456 
0.0904292 0.0304014 -0.0457687 
0.0466663 0.0225729 -0.0138689 
-0.010575 -0.003615 0.018069 
0.0130692 0.026815 0.00329666 
-0.000569878 -0.0271947 -0.0143076 
-0.013575 -0.0208422 -0.00511406 
0.00403532 0.0289257 -0.00864328 
-0.020975 0.0113168 -0.00796299 
-0.0166151 -0.008461400000000001 -0.025102 
0.023525 -0.03738 0.0205264 
0.027575 -0.0153433 -0.037164 
0.145276 -0.00247809 0.008577009999999999 
0.140865 0.0291212 0.0289467 
0.00108082 -0.0414298 0.008585840000000001 
0.008441580000000001 0.0378557 0.0165608 
0.0274949 0.0418074 0.0224695 
0.0206762 0.00265042 -0.0392507 
0.14519 -0.0442508 -0.0215853 
-0.0125422 0.0305795 -0.0270394 
0.06480660000000001 -0.0193113 -0.036591 
0.017151 0.0371095 0.0181713 
0.023525 -0.0352147 0.0293657 
-0.012825 -0.016422 0.0330143 
0.0263731 -0.0276701 -0.0207538 
0.121199 0.0319366 -0.045616 
0.015425 0.028036 -0.00406373 
-0.0100511 -0.0212571 0.0100028 
-0.00291755 -0.0429364 0.011291 
0.0797466 -0.04564 -0.0357681 
0.149502 0.00321747 -0.0159908 
-0.021025 0.0385515 0.00689827 
0.027575 -0.0398584 -0.0155666 
0.00491223 0.0158977 -0.0393618 
0.06999229999999999 -0.05304 0.0249308 
-0.0262854 0.0151482 0.009474110000000001 
-0.0181418 -0.00813551 0.0171257 
0.045575 0.0319131 -0.000199928 
0.124053 -0.0417939 -0.0441098 
0.013425 0.0226683 0.0321474 
0.118008 -0.0408869 -0.035403 
0.007297 -0.00879685 0.0201529 
0.050985 -0.0415969 0.0137385 
-0.0186216 0.00118706 0.0284759 
0.027575 0.00604327 0.0455056 
-0.0192253 0.0163913 0.00959409 
0.022358 0.0125886 0.0441438 
-0.00595932 -0.00385562 -0.0455581 
-0.0032164 -0.0422854 0.00227312 
0.045575 -0.0298027 0.00115724 
0.134623 -0.0528394 -0.0152444 
0.155398 -0.00174994 -0.0123741 
-0.008100990000000001 0.0245131 -0.0334011 
0.0543067 0.022423 0.0275853 
0.0971315 -0.04864 -0.0457122 
-0.0143563 -0.0302738 -0.0177916 
-0.00381946 0.000598187 0.0424477 
-0.0190378 -0.0177861 0.00654263 
-0.0232 -0.00127167 0.0175363 
-0.00025748 0.0104278 0.0410377 
0.132159 -0.05304 0.0269251 
0.0539084 -0.03604 -0.00466808 
0.142422 -0.00915179 0.0267099 
-0.012575 0.000957834 0.0161563 
0.0209036 0.00800944 -0.0410848 
0.14689 0.00731964 -0.0177402 
0.0534312 0.0334055 0.0205665 
-0.006825 -0.0410293 -0.00939093 
0.134447 -0.0363132 0.0363976 
-0.0116914 -0.0239866 0.0391162 
0.019725 0.0267425 -0.00288053 
-0.00488136 -0.0418643 -0.00726622 
0.045575 -0.0152325 -0.0151945 
0.027575 0.0404036 -0.0178553 
0.006575 -0.0396893 0.0150544 
0.00479316 0.0290695 -0.00809381 
-0.00874428 0.0179372 0.03945 
0.140338 -0.00409417 0.022251 
0.145974 0.0193329 0.00257945 
0.023575 -0.0419465 0.0174048 
0.021525 -0.0105509 -0.040832 
0.024425 -0.0312169 0.000139357 
-0.0137522 0.00883744 0.0180861 
0.146898 -0.0401827 0.0175084 
-0.0138945 0.00467879 0.045738 
0.0691277 -0.0148093 -0.0402886 
0.08635279999999999 0.04551 -0.0504961 
-0.0157534 0.0421594 -0.0156437 
0.146844 0.0358813 -0.017669 
-0.022925 0.0033463 0.0152333 
0.011375 -0.000614517 0.0361194 
0.0770986 0.04951 -0.0469932 
0.045575 -0.0314458 0.00376887 
0.032575 -0.0122639 0.0348236 
-0.015827 0.0255473 -0.0322255 
0.107279 -0.0528158 -0.04348 
0.0633691 -0.0364553 0.0348369 
-0.012025 0.0436881 0.00227307 
0.0816084 0.0443717 0.0498315 
0.0208248 0.0363343 0.0149864 
0.143185 -0.00886647 0.0252664 
0.145509 -0.04864 0.000239183 
0.0264776 0.0335739 0.00856374 
0.027575 -0.0196585 0.0397906 
-0.00757135 -0.0228931 -0.0368717 
-0.018075 0.009021349999999999 -0.007903200000000001 
0.0552964 0.0327659 0.0139422 
0.118727 0.04951 -0.0478978 
0.144958 -0.0125969 -0.0100644 
-0.00948649 0.013615 0.0412038 
-0.009134929999999999 0.0263672 0.0405495 
0.00603968 0.0388809 -0.0168006 
0.050575 -0.0200497 0.0166233 
0.154194 -0.000166509 -0.0049812 
-0.0160752 -0.0102078 0.0395412 
0.045575 0.016036 -0.0166323 
0.125865 -0.0449842 0.042983 
-0.025225 0.013466 -0.00771516 
-0.0193131 0.0289766 0.0244306 
0.021025 0.027183 -0.0343326 
0.150477 0.00536112 -0.0152506 
0.0217702 -0.0330591 0.0316988 
-0.0144659 0.0324036 0.0134988 
0.0226688 -0.0289869 -0.0227307 
-0.00524197 -0.00388367 -0.0422451 
0.00752797 -0.0339872 0.0219821 
-0.018525 0.009734710000000001 0.0359096 
0.006575 0.0213513 -0.0359887 
0.159598 0.00767516 -0.0117071 
-0.020975 -0.0101817 -0.00339938 
-0.0140545 -0.00487563 -0.0457162 
-0.013825 0.0210283 -0.0356042 
0.013425 -0.00446523 -0.037513 
-0.00493802 -0.00231892 -0.0422971 
-0.012825 -0.0203766 -0.0294692 
0.0130315 0.0410108 0.0137998 
0.0494422 0.04551 0.0043434 
-0.0113189 0.00981168 -0.0406958 
-0.0159085 -0.000576456 -0.0257783 
0.09136329999999999 0.04551 -0.0476916 
0.0473036 -0.0147695 0.0308375 
-0.0124737 0.031614 0.0259199 
-0.000326926 0.0404743 0.0184549 
0.0598222 0.0424528 -0.0259847 
0.152575 0.0130426 -0.00808009 
0.142184 0.0226478 -0.0192475 
0.006575 -0.00729281 -0.0407881 
-0.0155015 0.0180502 -0.00900068 
0.10456 0.0382938 0.0518578 
-0.0105587 0.0348659 0.0224631 
0.12898 0.0444318 -0.0372404 
0.152575 0.00745339 0.0127256 
0.134105 0.03452 -0.030953 
0.0016919 -0.00180189 0.0301869 
0.0572428 0.0360017 0.0189724 
-0.0142075 -0.0323103 0.00618325 
0.0226721 -0.0298647 0.0367775 
-0.012825 0.0019812 -0.0358215 
0.0721417 -0.044646 -0.0423293 
-0.0162598 -0.0406526 -0.00145342 
0.023575 -0.0427342 0.00177613 
0.023575 -0.00137424 -0.0430881 
0.142963 0.00238333 -0.0161942 
0.137624 0.0108424 0.0307893 
0.055999 0.0233426 0.0211185 
0.00451474 0.0340666 0.0251623 
-0.008075000000000001 0.0190167 0.0228125 
0.0510596 0.0457506 -0.0212857 
0.159575 -0.00419511 0.00525941 
0.137575 -0.00514029 0.0299108 
0.029034 -0.0344159 0.00814662 
-0.0163023 0.00866745 -0.0148576 
-0.0204309 -0.00324085 -0.0186929 
0.141039 -0.00220712 0.0209971 
0.0119115 -0.0281435 -0.00458348 
0.0654211 -0.0229512 0.0322653 
0.145387 -0.0354081 0.00768023 
-0.0198091 0.0214075 -0.0205394 
0.0701455 0.0281833 0.038738 
-0.0206392 -0.0175241 -0.0249585 
0.155405 -0.0123501 -0.00171286 
0.021025 -0.0375727 -0.0249965 
0.0226254 -0.0224084 -0.0147768 
-0.0186607 -0.0247539 0.0141639 
0.158416 0.0122024 0.00257239 
0.150722 0.0404172 -0.0138523 
0.120108 -0.0479184 0.0317949 
0.0229092 0.0310694 -0.0332277 
0.0716516 -0.0416996 -0.0261215 
0.0631318 -0.0261735 -0.0290944 
0.006575 -0.0297 -0.028399 
-0.0131293 -0.0270726 -0.0316734 
-0.00286644 0.0417341 -0.00661785 
0.0105593 -0.0218882 0.037413 
-0.0132951 0.0265014 -0.00272536 
0.0156119 0.0187394 0.0295496 
0.00528023 -0.0360883 -0.0222751 
0.0082413 -0.0116672 0.0293073 
0.140179 0.0278121 0.0298395 
0.12378 0.0410707 -0.0471199 
0.00498044 0.0335574 0.0258895 
-0.025225 -0.000973003 -0.00697765 
0.0583603 -0.0403348 0.0009877639999999999 
-0.00366894 0.00417685 -0.030424 
-0.018075 0.00750924 0.0125692 
0.158224 -0.0025738 -0.00995089 
0.00628767 0.0191345 -0.0136005 
0.143342 -0.0175951 0.0249573 
-0.0198547 -0.0181551 -0.0369177 
0.0585466 -0.006098 0.0349444 
0.00224159 -0.0196382 0.0398269 
0.008476350000000001 0.0261428 0.00910828 
0.050575 -0.00580908 -0.0209555 
0.000570705 -0.0442638 0.00311475 
-0.024576 -0.00453131 0.0144946 
-0.013725 0.0108784 -0.0154994 
-0.012825 0.00533984 0.0372302 
0.0886593 0.0342334 0.0452003 
0.0268141 0.0352514 0.031673 
-0.0119707 -0.009295869999999999 -0.0140113 
0.145866 0.038337 -0.00131817 
0.141903 0.0394331 -0.0202432 
-0.009807690000000001 0.0358422 0.0286954 
0.124483 -0.0465748 -0.0286167 
0.013425 -0.034428 -0.0106659 
0.126281 0.0358313 -0.0378093 
0.0537984 -0.04564 -0.0184378 
-0.025225 -0.00352484 -0.0157499 
-0.015675 0.00654698 0.0147339 
0.021025 -0.0262739 -0.0347739 
-0.00609784 0.00542903 0.0228635 
-0.00846819 0.00448724 0.031033 
-0.00664478 0.016761 0.0162771 
-0.0194886 0.019063 0.0223079 
0.120504 -0.04864 -0.0396092 
0.009124999999999999 -0.0133966 -0.0112735 
0.155707 0.00751589 -0.0122442 
0.0487083 -0.0338192 -0.0112242 
-0.0131493 -0.0233714 0.0344277 
0.159554 0.0155081 0.00614656 
0.008685689999999999 0.0335844 0.024097 
0.000645902 -0.0294993 -0.030376 
0.0547676 0.0462463 0.0222693 
0.0202759 -0.0125415 0.03319 
0.0478178 0.0057609 -0.0232845 
-0.012025 -0.0130884 -0.0427642 
-0.021025 0.0331395 -0.0081075 
0.015425 -0.0285597 -0.00105939 
0.140518 0.0419812 -0.0335787 
0.023525 0.0388329 -0.0172701 
-0.0208191 0.0157868 0.00580718 
-0.0039074 -0.0191288 -0.0239791 
-0.0195616 -0.0148991 -0.0386681 
0.013425 -0.0263066 -0.0231304 
0.023575 -0.0349873 0.0286549 
-0.012825 -0.008457360000000001 -0.0376663 
-0.00315332 -0.0354671 0.0268673 
0.00117148 -0.0305243 -0.0293511 
0.00986475 -0.0429551 -0.00474052 
0.00529603 0.0188722 0.0235415 
-0.00685692 -0.0303 -0.00478295 
0.127099 -0.0380654 0.0287418 
-0.01306 0.0180399 0.00311507 
0.0461382 -0.0118916 -0.0212345 
0.023575 -0.0448729 -0.0148329 
-0.00196666 -0.00961892 0.0240874 
0.139181 -0.0176665 0.0241734 
0.15401 -0.0123661 -0.00172597 
0.07268860000000001 -0.0238527 0.0379384 
0.011375 -0.0139216 0.0362931 
0.021525 0.0426008 -0.00984405 
0.0923696 0.0422318 -0.0467352 
0.019425 0.0256609 0.0208086 
0.0703042 -0.05072 -0.0203762 
-0.012825 -0.0335261 0.0167859 
0.144437 0.00516497 -0.0120735 
-0.0143978 0.0185932 -0.0375001 
0.157216 0.00485036 0.00634612 
0.121817 0.0392696 0.0412105 
0.0145234 0.0202131 0.0180794 
-0.007966630000000001 -0.0171725 0.0398066 
0.0213841 0.0267238 -0.0242226 
0.0552025 0.0269528 -0.0162571 
-0.000735855 0.0244035 0.008687749999999999 
0.07771019999999999 -0.0458494 -0.0333055 
-0.025225 -0.00231169 0.008746719999999999 
0.00375418 -0.017463 -0.0252567 
0.136935 0.04551 0.0343612 
0.009925 0.0112004 -0.0200355 
-0.005575 0.00975123 0.0202043 
0.140411 0.0431177 -0.0336338 
0.154483 -0.0146983 -0.00227731 
0.0178264 0.0358101 -0.020602 
0.0592079 -0.0360864 0.0289263 
-0.012825 0.0386834 -0.00212606 
-0.012825 0.00613668 -0.0320146 
0.158618 -0.00764183 0.0146904 
0.109941 -0.0410195 -0.0493847 
-0.019013 0.008729860000000001 0.0137377 
0.00840722 -0.0046848 -0.0213337 
0.00582272 0.0100899 -0.0194377 
0.0609391 0.00496546 -0.0351281 
0.00579143 -0.0160689 -0.0262374 
0.0514913 -0.00405745 0.0351056 
-0.013728 -0.0117403 0.0317943 
-0.015025 0.0159443 -0.008492080000000001 
0.019425 0.0186504 -0.0254408 
-0.00179602 0.0142903 0.0400027 
0.0526007 0.0388933 -0.0197961 
0.023575 0.0433754 0.0152363 
-0.0128179 -0.0032444 0.0202309 
0.0804001 -0.0389666 -0.0349188 
0.0196767 0.0340565 0.008525670000000001 
0.00163885 0.0243518 -0.0346342 
-0.008075000000000001 0.0118147 0.0266163 
0.0139896 0.0190435 0.0381958 
0.00984291 -0.0110811 -0.0262545 
-0.0227662 -0.0152985 -0.00894258 
0.0904412 -0.0525059 -0.0435091 
0.0511666 0.0425516 -3.13673e-05 
0.0174372 0.0263917 0.0286603 
0.00201803 0.0119257 0.0230599 
-0.006825 -0.0379395 -0.0210366 
0.156952 0.00867534 -0.0137096 
0.121591 -0.0436788 -0.0391508 
0.008425 0.018634 -0.01635 
-0.010575 0.000478491 0.0194593 
0.0221096 0.0325257 0.0344529 
0.0195986 -0.0310114 -0.0085889 
0.138235 0.014363 -0.0257186 
-0.0185301 -0.0356297 -0.0129392 
0.048219 0.0031773 -0.020562 
0.139633 0.0419566 -0.0345954 
0.006575 0.0310829 -0.0283606 
0.0616926 -0.0398382 0.0121915 
0.120107 0.0405146 0.0426056 
0.0529937 0.039838 0.00717733 
0.08507000000000001 -0.0471862 -0.0349102 
0.056225 0.0394869 0.0302228 
0.122013 -0.0378024 -0.0329065 
0.0596284 -0.0317236 -0.0237898 
0.0655599 -0.0414313 0.0373153 
0.00550692 0.0124018 -0.0180872 
0.0622742 0.0447788 -0.037368 
0.009124999999999999 0.00365958 -0.0190899 
0.00859799 0.0212838 0.0378937 
0.0874225 -0.04954 -0.035812 
0.050575 -0.00281746 0.0246088 
-0.0135648 -0.00394076 -0.0266554 
0.149048 0.0255361 0.0100869 
0.0725924 0.0319113 -0.0403978 
0.14944 0.0267924 0.007878080000000001 
0.112987 -0.0529266 -0.0358108 
0.00166163 -0.0199727 0.037341 
0.006575 -0.0218391 0.0351428 
0.145629 0.0446835 0.0111906 
0.157115 0.000501118 -0.0139496 
0.046778 0.0118355 0.0314087 
0.029389 0.0334841 0.0113685 
-0.0142179 0.0453852 0.00738224 
0.155811 -0.0127533 -0.011355 
0.0266118 -0.0357133 0.0312959 
0.0593751 0.0164652 0.0319037 
0.023575 -0.0303365 -0.022898 
-0.0155903 0.0111292 0.015599 
-0.022075 -0.00432192 -0.00244668 
0.00570711 -0.0263427 0.0356943 
0.141407 0.0298639 -0.0281872 
0.00816654 -0.0401873 0.0173907 
0.0115986 0.013421 -0.0411573 
-0.000693595 -0.00250249 0.025821 
-0.013575 -0.0175755 -0.00866869 
0.00199078 -0.00226624 -0.0305951 
0.0671018 -0.0415183 -0.023267 
-0.009045299999999999 -0.00353109 0.0458622 
-0.015075 -0.00473093 0.009000080000000001 
0.149166 -0.019185 0.00953846 
-0.0116415 -0.0396486 0.0175125 
-0.00402312 -0.0243835 -0.034612 
0.00600653 0.0214516 0.0366649 
-0.012825 0.0331659 -0.00531499 
0.0792626 0.0332976 0.0418058 
0.0532907 0.030351 0.0215215 
0.0191479 0.0191388 -0.0343555 
0.0266041 0.0432502 0.0192637 
0.0233793 0.0253673 0.009168030000000001 
0.013425 -0.0308318 -0.0203762 
0.004625 0.0103602 0.0196525 
0.0622508 0.0406582 -0.0375782 
0.00296316 -0.00784119 0.0416388 
0.09932970000000001 -0.0451763 -0.0449843 
-0.0207733 0.0117058 0.0384782 
0.023575 -0.0189325 0.0329675 
0.0624497 -0.036638 0.0194805 
0.0311511 0.0159714 0.036592 
0.0104344 0.0244267 0.011262 
0.0763332 -0.0363692 0.0325481 
0.023525 -0.00729215 0.0405977 
0.0306489 0.0363047 -0.0167607 
0.0160229 0.0412878 -0.00105243 
0.045575 -0.0214741 -0.00766048 
0.0871133 -0.0495523 -0.045757 
-0.0136759 -0.0156596 -0.0174648 
-0.0077452 0.00959176 0.0213676 
0.0262483 0.0324393 -0.0345643 
0.149343 0.0302796 -0.008474199999999999 
-0.012825 0.0161717 0.0283266 
0.0668425 -0.04564 -0.0328228 
0.0215539 0.0457666 0.0121206 
0.140612 0.0282627 0.0292552 
0.158019 0.00453069 0.0134941 
-0.015075 -0.0129155 -0.00839265 
0.103493 -0.04864 -0.044589 
-0.0067533 0.007840710000000001 -0.0291919 
-0.0128767 -0.00559995 -0.0415919 
0.023525 0.0302773 0.033569 
0.145907 -0.00119357 -0.0199189 
0.06794749999999999 0.0195025 0.0393599 
0.023575 6.18772e-05 0.0441327 
-0.00144225 -0.0185388 0.0380703 
0.021025 -0.0268841 -0.0338799 
0.110356 -0.05304 0.0387336 
-0.013075 0.0115977 -4.21256e-05 
0.0233289 0.0213151 -0.0393373 
0.0111078 -0.00754002 0.0269876 
0.092754 -0.0384876 0.039341 
0.119246 -0.0437597 -0.0364143 
-0.00410725 0.0180095 0.0242241 
0.0498166 0.00450942 0.020388 
0.00179617 0.0168834 0.0388423 
-0.017475 0.00646571 -0.00256404 
-0.0133274 0.0214889 -0.0229901 
-0.0120987 -0.0013292 -0.0458659 
-0.012825 -0.00711139 -0.0378523 
0.136601 0.0225429 0.0343401 
0.117641 0.0299959 0.0444076 
-0.00810189 0.0283673 0.0308036 
-0.00274228 -0.0192038 -0.017453 
0.00596745 -0.0279153 0.0114864 
0.00523574 -0.032508 0.0273674 
0.0540922 0.0394111 -0.0112408 
-0.00699284 0.0116228 0.0406551 
0.0523561 -0.0244311 0.0198098 
0.028929 0.0346515 -0.00698519 
0.134328 0.0451682 0.0398197 
-0.0126526 -0.0405626 -0.00194626 
-0.025225 0.00457162 -0.00300647 
0.0475815 0.04551 -0.00736122 
0.141445 0.0152862 0.0201338 
0.00412526 0.0169157 -0.0388272 
0.11309 0.0385593 -0.0443826 
-0.0118892 0.008966699999999999 -0.0409308 
0.011375 -0.0330047 0.0180453 
-0.0120174 0.015864 0.027652 
0.0703961 -0.0361 0.0279868 
0.155172 0.0168135 0.000737845 
-0.012825 0.0373251 0.0120894 
0.023525 -0.0460651 -0.00832112 
0.0663212 -0.03604 -0.0345118 
0.0702586 0.0176239 0.0360886 
0.011375 0.034632 -0.00147186 
-0.00175349 -0.0175304 -0.0190765 
0.151569 -0.00237977 0.0158049 
0.07210610000000001 0.0268686 -0.0422883 
0.023575 0.0351842 0.0217688 
0.015425 0.0256446 -0.0133472 
0.047193 -0.01555 -0.0302785 
0.019425 -0.0117849 0.0298875 
0.00955788 -0.0400971 0.0162482 
-0.025225 -0.00295809 -0.014348 
0.107401 0.0300643 0.0465668 
-0.012025 0.0292844 -0.0347968 
0.0151427 -0.0109698 -0.0301438 
0.0482686 0.0445189 -0.0127456 
-0.021025 -0.0273799 0.0280502 
-0.025225 0.0123437 0.00560157 
0.105625 -0.0350266 0.0491998 
0.137575 0.008881760000000001 0.0298928 
0.0521315 0.0247682 0.0253972 
-0.00878457 -0.010445 0.029802 
0.0628542 -0.0260039 -0.0284499 
6.39167e-05 -0.0193235 0.0376351 
0.00546805 0.0419211 0.014554 
-0.025225 0.000283704 -0.0105087 
0.00458717 -0.0187175 0.0236687 
0.0505494 0.000693704 0.0354568 
0.0262796 -0.0389212 0.0236144 
0.000236701 0.0165663 -0.0258994 
0.0469467 -0.033201 -0.00655665 
0.000342042 0.0271494 0.014382 
0.0154133 -0.0108413 0.0306232 
-0.025225 0.00638077 -0.01179 
0.150575 -0.00324501 -0.00511179 
0.127658 -0.0522228 -0.0348491 
0.032575 -0.0270397 0.0250547 
0.00233494 0.0436544 -0.008246109999999999 
0.053842 -0.0455809 -0.0209891 
0.143873 -0.0145033 0.0138982 
0.00497442 0.0193318 0.0103445 
-0.0227968 0.0128251 -0.0121974 
0.136006 0.019965 0.0345689 
0.0225378 0.0234849 -0.0315627 
0.00644848 -0.0394551 0.0155395 
0.013425 -0.0326078 5.44277e-05 
0.0252812 0.0471292 0.00453156 
0.0467738 0.0204135 0.0268119 
0.0507389 0.0279694 0.0110373 
0.144364 -0.03604 0.0140701 
0.07004639999999999 0.0208537 -0.0359147 
-0.009015489999999999 -0.0218412 0.039497 
0.00173507 -0.023957 -0.0348401 
0.0062893 0.0247073 -0.0183189 
0.137224 -0.0438061 0.0336037 
-0.012575 -0.00839674 -0.0155013 
-0.00681309 -0.0388861 -0.0174684 
-0.0116281 -0.0245906 -0.00451898 
-0.012575 0.00301885 -0.0144292 
0.0649185 -0.0392864 -0.0195611 
-0.00540364 0.0388701 0.0230129 
0.0609159 0.0271365 0.0323876 
0.149876 -0.0371375 0.00235599 
0.00355118 0.0335091 0.0291336 
0.111191 0.0395821 0.0516161 
-0.0147423 -0.00619844 0.0323488 
-0.0194206 -0.0254153 -0.0198717 
-0.003445 -0.0310133 0.0318983 
0.0562735 0.0283731 -0.0260343 
-0.026725 0.0108778 -0.00952624 
0.009060220000000001 -0.0403853 -0.0156153 
-0.00507098 -0.018075 0.0186726 
-0.021025 0.022838 0.0225025 
0.09903729999999999 -0.0396586 0.0449059 
0.00169548 0.00193273 -0.0423309 
0.0105804 -0.00589283 -0.0409043 
0.109555 -0.0524041 -0.0434677 
0.027575 0.0297754 0.035472 
-0.008075000000000001 -0.0201983 -0.0186465 
0.13342 0.0436378 0.0350208 
-0.00979499 -0.040603 -0.0101828 
0.006575 0.013638 -0.0381391 
0.008520939999999999 -0.0264677 -0.0317543 
0.023525 0.0393409 0.0208989 
-0.0193663 0.0279663 0.00849157 
0.0104789 -0.0153149 0.0383627 
-0.0184662 0.0124522 -0.0292014 
0.07996739999999999 0.0314408 -0.0421545 
0.0325715 0.0233136 0.0320696 
-0.008576449999999999 -0.0413257 0.00355946 
-0.0144131 -0.0315155 -0.0277047 
0.0228764 -0.0444826 0.0113241 
-0.012825 0.0352068 -0.010648 
0.0242605 -0.0299799 0.0319444 
0.050575 -0.0216895 0.0185473 
0.000489514 -0.0066551 -0.0250848 
0.0106264 0.008759670000000001 -0.0270462 
-0.007999030000000001 -0.0418542 0.00168523 
-0.012025 -0.0263755 -0.037644 
0.00526849 0.0399739 -0.0193494 
0.0745773 -0.0255581 -0.0397653 
-0.012825 -0.0354878 0.0128712 
0.00750965 0.00630001 -0.0254085 
0.0262173 -0.0343704 0.00137418 
-0.013825 -0.0233166 -0.0221801 
-0.0201502 -0.0378666 0.000497905 
-0.00528453 0.0405514 -0.0196344 
0.023575 0.0223611 -0.0336939 
0.007625 0.00124694 0.0292108 
0.113666 -0.0379477 -0.0372175 
-0.0240309 -0.0075488 -0.0174146 
-0.013027 0.0245269 0.0395645 
0.06715309999999999 -0.00314286 -0.0332564 
-0.00409773 0.0233598 -0.0113942 
0.0306179 0.00343991 0.0351827 
-0.0162364 -0.0140628 0.0424528 
-0.0119524 0.0204719 0.0149356 
0.050575 0.025952 0.00754377 
-0.00690298 0.033742 0.0256803 
-0.00189636 -0.044277 0.00290135 
-0.0106242 -0.0394081 0.0180271 
0.00565935 -0.0439404 -0.0062894 
-0.0167315 0.0265889 -0.000385935 
0.145148 0.00544626 0.00890759 
0.153683 0.0100689 -0.0100745 
0.137427 -0.0487184 0.0268376 
-0.0175954 0.0176912 0.00109931 
-0.00207484 0.0110597 0.0430813 
0.023575 0.021865 -0.0365684 
0.0199471 0.0146063 -0.0364604 
-0.00489971 -0.038418 -0.0177932 
0.153338 -0.008160270000000001 0.0165866 
0.0476747 -0.02089 -0.000205186 
0.015425 -0.0286706 -0.00220468 
-0.020802 0.036523 -0.0166858 
0.00588635 0.0181095 -0.0122246 
-0.015075 -0.00206234 0.014273 
0.139777 0.0454602 -0.0258935 
0.158741 0.0141918 0.00120743 
0.0527349 -0.0237959 -0.0263019 
0.152642 -0.0179663 -0.00241763 
0.064388 0.0100133 0.0303857 
0.023575 0.00449808 0.0467473 
0.0508634 0.0314056 0.0183924 
-0.01604 -0.0169485 0.015526 
0.053835 -0.0296204 -0.0105393 
0.150575 0.00828749 0.00286753 
0.137498 0.0116193 -0.030025 
0.008425 0.0238085 -0.0027719 
-0.007907320000000001 0.0340107 -0.0309064 
0.0647872 0.0370853 -0.0376622 
-0.00432533 0.0028217 0.0444012 
-0.00870712 0.0258297 -0.0348154 
0.0886875 -0.0445216 0.0363219 
0.027575 0.0289162 0.0280838 
0.00333648 0.0106194 -0.0282627 
0.0101408 0.0147624 -0.0281571 
0.0275769 0.00101842 -0.035195 
-0.0158746 -0.009377989999999999 -0.0144698 
-0.0118959 0.0408516 0.009244270000000001 
0.0650617 -0.0211136 0.0311181 
0.145515 -0.0190501 -0.0127804 
0.127938 -0.0343734 -0.0417752 
-0.013825 -0.0350115 0.00982477 
0.133798 -0.0308463 -0.0371072 
0.150665 0.0446779 0.0141002 
0.0274484 -0.0154886 0.044765 
-0.00699669 0.0386403 -0.0196738 
0.0727468 -0.0497843 -0.0335553 
0.0613234 -0.05304 -0.0134284 
0.004625 -0.021422 0.00690936 
0.0170228 -0.0164209 -0.0348662 
-0.000479523 -0.0413102 0.00935976 
0.127709 -0.05304 0.0282706 
-0.021025 -0.0179147 -0.0266215 
0.1034 0.04551 -0.0523132 
0.159575 -0.00418969 -0.00782456 
0.00105847 0.0185743 0.0181612 
0.150073 -0.0237601 -0.000394339 
-0.0114982 0.0146922 -0.0387349 
-0.00808179 0.0164645 -0.0401368 
-0.0145806 -0.0249209 0.0246921 
0.016525 0.0294625 -0.0222387 
-0.00775795 0.0201351 -0.008795890000000001 
-0.0125969 -0.0150725 0.0101947 
-0.016475 0.013139 -0.00123082 
-0.00249661 0.0206793 -0.0157025 
0.0228517 0.000116359 0.0465688 
0.0908934 -0.0434887 0.0367908 
0.0201788 0.009738449999999999 0.0402033 
0.148634 0.04951 0.0196839 
0.0608048 0.00189426 -0.0313832 
-0.0142163 0.0327774 0.0262537 
0.000916796 -0.008257810000000001 0.0416191 
0.0472115 0.0405036 0.00787465 
0.119417 -0.0371122 -0.0345247 
0.148116 -0.0475881 0.008584659999999999 
-0.0186182 -0.0154962 -0.0109641 
-0.000419071 -0.0103666 0.0283472 
-0.0170531 -0.0294457 0.0325982 
-0.0132159 0.0322979 -0.000361651 
0.0482356 0.0377128 -0.00621767 
0.050575 -0.0212847 -0.008069089999999999 
0.050575 -0.0108925 -0.0220472 
0.009925 -0.00452595 0.0243198 
-0.008075000000000001 0.00636225 0.0266372 
0.013425 -0.0218003 -0.0253516 
0.07316839999999999 0.0245903 0.0382576 
-0.0158508 0.0390076 0.0131334 
-0.00541893 0.0301808 -0.00126715 
0.021025 -0.0455931 0.00173942 
0.045575 -0.0108624 0.0287797 
-0.000765386 -0.023477 0.0197845 
0.08524 -0.03604 0.0396241 
0.11489 0.0414965 0.0449603 
0.021049 0.0149828 -0.0363078 
0.000116936 -0.0152169 -0.0417609 
0.0695423 -0.0427645 -0.0231243 
0.00093128 -0.0404647 -0.0181646 
0.0199738 0.03665 -0.0142534 
0.0303578 -0.0325034 0.013911 
-0.015025 0.0184135 -2.89894e-05 
0.0733135 -0.0474516 -0.0273127 
-0.0263166 0.0114913 -0.0135845 
0.09050859999999999 0.0398072 0.0462151 
-0.0210537 0.00742599 -0.0148227 
-0.00398555 -0.0222424 -0.0361112 
0.008450650000000001 -0.0377035 -0.0146691 
0.0457412 -0.00690765 0.0319215 
0.0195841 -0.0331897 0.0210877 
0.0213945 -0.0033626 0.0358304 
0.006575 0.0167769 -0.0379954 
0.13136 0.0254002 -0.0339057 
0.0224329 -0.0445497 0.00114379 
-0.012575 -0.0151616 0.00965162 
0.145025 -0.0499012 -0.0124472 
0.0591029 -0.04864 -0.00201086 
0.0115675 0.0223294 -0.0347982 
0.0298795 0.0327928 -0.0131969 
0.154525 -0.00542493 0.00710353 
0.013425 0.0295656 0.0261707 
0.0771719 0.0394919 -0.0478491 
0.148051 0.0446994 0.0213503 
0.13201 -0.0332764 -0.0386064 
0.0177635 -0.0405255 0.00819954 
0.0586159 0.0302689 -0.0217612 
0.055135 0.0208791 0.0287611 
0.028494 -0.0354935 0.0184116 
-0.010049 -0.0352359 0.0294147 
0.161351 -0.0135651 -0.00301323 
-0.00216463 -0.0252465 -0.0364956 
0.0589564 -0.03604 0.0160664 
-0.0008813510000000001 0.0306514 -0.00241795 
0.00652834 0.0105621 0.0209915 
0.027575 0.0330422 0.0226866 
0.116786 -0.0471643 -0.0337055 
0.149832 0.0278104 0.00488937 
0.023575 -0.00427131 -0.0415268 
0.0843935 -0.042191 -0.0346091 
-0.0174855 -0.00758947 -0.0262657 
0.013425 -0.0245219 0.02871 
-0.012825 0.0329696 -0.009338529999999999 
-0.015025 -0.00266984 -0.0180587 
0.0101677 0.0231268 0.0331099 
0.027575 0.00432548 0.0419952 
-0.00797757 0.0195433 0.0241339 
-0.017225 0.0130883 -0.0148082 
0.0665641 0.0262882 -0.0328609 
0.0584203 0.0438785 -0.0234036 
0.0192055 0.00308683 0.0412037 
-0.0144674 -0.0254915 -0.0109976 
0.00263189 0.0228508 0.0355441 
-0.013575 -0.0113911 -0.017445 
0.07226589999999999 -0.0202093 -0.0406112 
-0.001006 0.0359932 -0.022411 
0.13984 -0.0179078 0.0230785 
0.006575 -0.0115065 0.0400822 
0.0594518 -0.05304 0.00927652 
0.00712307 0.0411608 -0.00182802 
-0.0184903 0.016203 -0.00660862 
-0.00377546 -0.0250509 0.0168165 
0.007625 0.0103029 -0.0263921 
-0.0107021 -0.0108106 -0.0298345 
0.0916039 -0.035 -0.0473812 
0.009124999999999999 -0.00357234 -0.0184846 
0.022156 -0.0303669 0.0363518 
0.146674 -0.00966126 0.0182185 
-0.0126795 -0.0325455 0.00305728 
0.100805 0.0300598 0.0472231 
0.160059 -0.00260808 -0.009933600000000001 
0.0100371 0.039727 -0.0172463 
-0.0232 0.00140745 0.0121708 
0.009991979999999999 0.0114346 0.0396945 
-0.000263801 0.0441255 0.00546425 
-0.012575 0.00648092 0.0154167 
0.154655 -0.0155287 0.00511598 
-0.012825 -0.0268195 0.0199048 
-0.00276507 0.0149193 -0.026844 
0.0745035 -0.0477992 -0.0284977 
-0.026725 -0.00394821 -0.0144746 
0.139704 0.0371115 0.0319083 
0.0233567 0.0205924 -0.0174147 
-0.0106727 -0.0119662 0.0118475 
-0.016475 0.000672742 0.0118938 
-0.012825 0.0380957 0.00302279 
-0.0158114 -0.0252516 -0.00461434 
-0.00721028 -0.00449348 -0.0214769 
0.137575 -0.00553052 -0.0280286 
0.00992083 0.0246325 0.0356187 
0.019425 0.0314415 0.007973259999999999 
0.0245359 0.045192 -0.0009900740000000001 
0.011375 0.0218482 -0.0251274 
-0.015075 -0.0119956 0.00279253 
-0.019092 -0.00580063 -0.037394 
0.0108412 0.0242586 -0.0119017 
-0.008567989999999999 0.018101 0.0122782 
0.00735256 0.020271 0.00814026 
-0.012825 0.0331127 -0.00131174 
0.0184689 -0.0183549 0.0347441 
0.0469569 -0.03363 0.00395329 
0.0700929 -0.0452908 -0.0237358 
-0.0141626 0.0172165 0.0215523 
0.0648748 0.0294214 -0.0321299 
0.027575 -0.0371076 0.0292666 
-0.017475 0.00723545 -0.00789159 
0.06692289999999999 0.0162166 0.0385216 
-0.0145532 0.00525934 0.0238502 
0.0819916 -0.0517792 0.0386208 
0.013425 -0.0259753 -0.0180774 
0.00833273 -0.0211846 -0.0344473 
0.024425 0.0281457 0.0151751 
-0.013825 -0.0369405 0.00159453 
0.0229133 0.00521668 -0.0264549 
0.089613 -0.0483892 -0.0365186 
-0.0116153 -0.0316304 0.026694 
0.1545 -0.0141694 0.00143536 
-0.00503425 -0.0299568 -0.00399752 
0.145907 -0.00880617 0.00370615 
0.0487835 0.0356009 -0.00542947 
-0.0128293 -0.0453238 -0.00755917 
0.0741309 -0.0437295 0.0282204 
-0.014871 -0.0231609 0.00868 
-0.012575 0.0174693 -0.00528298 
0.112225 -0.05304 -0.0396567 
0.148595 0.0351842 -0.0119575 
0.137968 -0.0115729 0.0312553 
0.00339156 -0.0223019 0.035921 
0.0103746 0.0351885 0.0197662 
-0.024175 0.00419751 0.0142102 
0.0205631 0.0114179 -0.0244275 
-0.015075 0.00607916 0.00789483 
0.07511470000000001 -0.05304 -0.0314692 
-0.00954356 0.0317385 -0.0274516 
0.0558264 -0.0196105 0.0245561 
0.00654582 -0.0172248 -0.0409344 
0.023525 0.00229251 0.0440249 
-0.012825 -0.0238531 0.0216422 
-0.013825 0.0380512 -0.0153514 
0.128293 0.0368127 -0.0422485 
0.135307 0.0422769 -0.0364665 
0.160823 0.0121056 0.00701075 
-0.0149171 -0.00706052 -0.0323475 
0.06801500000000001 -0.03604 -0.0259054 
-0.007025 -0.00655081 -0.0416 
0.006575 0.00521095 -0.0420281 
-0.00757527 0.0432074 -0.00424626 
0.0174044 -0.0234225 0.0310896 
0.0582954 0.0237454 -0.0292555 
0.023525 -0.00344774 0.0420321 
-0.012825 0.0175918 -0.0299115 
0.0668738 0.0158602 -0.0384766 
0.0234758 0.0444729 -0.0108983 
0.007625 -0.026746 -0.00247524 
0.027575 0.0257986 -0.0355012 
0.145837 -0.00548222 -0.00467203 
-0.020975 0.00371882 -0.00594672 
0.117928 -0.0370375 0.0354529 
0.000123971 -0.0415898 0.008367400000000001 
0.0673001 -0.0107182 0.0388402 
0.021025 0.0405737 -0.0135061 
0.013425 0.00183439 -0.0393843 
-0.012825 0.0369228 0.00466614 
0.00886645 -0.0187262 0.0368506 
0.00644 0.0300711 -0.00602691 
-0.00865138 -0.0416414 0.00412781 
-0.008077249999999999 0.0298054 -0.009206020000000001 
0.0665927 -0.0439449 -0.0184566 
0.09749969999999999 0.0446502 0.0527808 
0.007625 0.00948683 0.0269966 
0.045575 -0.00527061 -0.0303171 
0.0245463 0.00644277 0.0329248 
0.142275 -0.03604 -0.0232262 
-0.013825 0.033985 -0.0116044 
-0.0116708 0.00225992 0.0432967 
0.009925 0.0243217 -0.00318999 
-0.00604278 0.0136944 -0.0436548 
-0.0192362 -0.0149452 0.00899136 
-0.0115043 0.0122842 -0.0442329 
-0.0188256 -0.00732421 -0.0371343 
0.00499692 0.0320967 -0.02782 
-0.0196192 -0.00757174 0.0157578 
0.00309452 -0.0192491 0.0232616 
0.021025 0.0403377 -0.0171437 
0.119076 -0.04864 -0.0399677 
-0.0116044 -0.0409193 0.0208594 
0.008352170000000001 -0.0384352 0.0152335 
0.0150135 0.0328146 -0.00754158 
0.032575 -0.0381643 0.00904989 
0.019504 0.0370669 0.0182535 
-0.00345942 0.0262818 0.0158069 
0.144322 0.0436446 0.0280244 
0.019425 0.0300025 -0.00675206 
0.0479654 -0.0342456 -0.00653266 
-0.018075 -0.00834669 0.0117103 
-0.0147942 0.0390111 0.0157437 
0.07480009999999999 -0.0475036 0.0343853 
0.150422 0.0166297 -0.00655424 
-0.013825 0.0340028 0.0124521 
0.138576 0.00308075 0.0251793 
0.140988 0.0284962 0.0287395 
-0.020969 -0.00229308 -0.0309249 
0.0111892 -0.021281 -0.0245961 
0.0864087 -0.0402731 0.0487404 
0.13928 -0.0179872 -0.024007 
0.103859 0.0349045 -0.0503104 
0.135264 -0.0243519 0.0301273 
0.130893 -0.03604 0.0307779 
0.141122 0.0391531 0.0323684 
0.0491432 -0.0373603 0.00271223 
0.006575 0.00536549 -0.0413334 
0.152534 0.00118295 -0.0123965 
0.0221582 0.0385106 -0.008073729999999999 
0.0226834 -0.0332769 -0.0308858 
-0.0124848 -0.0281177 0.0159042 
-0.0184599 -0.0404036 -0.0132374 
0.08270039999999999 -0.0393383 0.0475431 
0.0297655 -0.0302518 -0.0182859 
-0.00762329 0.0308235 -0.00232962 
0.136023 -0.0508736 0.0258422 
0.0944633 -0.0406717 0.0502215 
0.142675 -0.0387433 0.0263141 
-0.025225 -0.00603846 0.008127580000000001 
-0.0206911 0.00397324 -0.0160786 
0.00540551 0.0176326 0.0384929 
-0.013825 0.0333081 0.012595 
-0.00735809 -0.0213853 -0.009421550000000001 
0.141837 -0.00318606 0.0189812 
0.084731 0.04551 0.0506218 
-0.0175698 0.0417771 -0.0118403 
0.00113151 -0.0144767 -0.0397593 
0.013425 -0.0323579 0.0126294 
-0.018525 0.021866 -0.0256805 
0.0214318 0.025289 0.0401774 
-0.017225 -0.0151751 -0.0130021 
0.023575 -0.0408224 -0.00706528 
0.0227821 0.0299258 -0.0215888 
-0.012825 0.0222363 0.0291674 
-0.0204659 0.0280611 0.0251627 
0.152657 -0.00133102 0.0165365 
-0.0163283 -0.0167773 -0.0107948 
-0.0247137 -0.007852339999999999 0.0171761 
0.019425 -0.000525933 -0.0276432 
-0.0142707 0.0233468 0.00610459 
0.045575 0.0202232 0.010204 
-0.0133989 0.0291213 -0.0158714 
0.00601666 -0.008487649999999999 0.0244715 
-0.0116566 -0.035342 0.0292425 
-0.015025 -0.0405768 -0.0186976 
-0.0216509 0.00428088 0.00304317 
0.045575 -0.021512 -3.94599e-05 
-0.021025 0.0212523 -0.0302492 
0.045575 0.0162486 -0.0252879 
0.06285499999999999 -0.009181720000000001 0.0300775 
-0.018075 0.00158995 -0.00608419 
0.157622 -0.00697038 -0.00526285 
-0.0049541 0.013674 -0.0425784 
0.107258 -0.0465627 0.0493573 
0.154826 0.00451262 0.0134066 
0.109567 -0.0459251 0.0491754 
0.00231071 -0.0197353 0.0375124 
0.0505666 -0.0117813 -0.0172959 
0.023525 -0.0336506 0.0284465 
-0.00720018 -0.0146298 0.0435368 
-0.012025 -0.0161878 -0.041033 
-0.0228 -0.00419613 0.014268 
-0.0158393 0.0443175 0.00877387 
0.0231494 0.0113183 -0.0444841 
-0.013725 -0.0177751 0.00884806 
0.0233957 0.0372743 -0.0128397 
-0.00659655 -0.0283205 0.031647 
-0.025225 -0.00224537 -0.0134374 
0.150575 -0.00546794 0.00546952 
0.139695 0.0134875 0.0233192 
-0.021025 0.0306254 -0.0178864 
0.045575 0.0300096 -0.00510189 
0.0109029 0.0307028 0.0304944 
0.0713212 -0.0243785 -0.036911 
0.00150305 0.010715 -0.0288568 
0.134865 0.04551 -0.0375441 
0.131756 -0.0452991 0.019844 
0.0220481 -0.0381928 -0.0279949 
0.0132088 0.0064825 -0.0262473 
0.0747979 -0.0379026 -0.0439261 
0.00484424 -0.0122458 -0.0276752 
-0.0218711 0.0156039 0.00836423 
0.00546835 -0.0419958 0.00622045 
0.139649 0.0330254 0.0294635 
0.019425 0.0015156 0.0337863 
0.0132633 -0.0402761 -0.00355755 
0.131568 0.0416438 0.0350531 
-0.021025 0.0364289 -0.0103282 
0.155116 -0.0122972 0.0064541 
0.157632 -0.0142143 0.0008674829999999999 
-0.015025 0.0390676 0.0217604 
0.019425 0.0281031 -0.00825763 
0.009925 -0.0206604 -0.0135079 
0.14834 0.0192294 0.0131203 
0.007625 0.0270056 0.00682392 
0.0105665 -0.00195598 0.0412677 
0.00368808 0.0400878 -0.0133597 
0.00410235 0.0328939 0.0268372 
0.024425 -0.00596216 -0.0290026 
0.0557218 0.0122497 -0.0333021 
-0.0187872 0.0354351 -0.00288341 
-0.009532870000000001 -0.0447611 8.188190000000001e-05 
0.119069 -0.0456042 0.0370736 
-0.00425382 0.0294621 -0.0304133 
0.00189731 0.0166246 0.0388476 
8.334360000000001e-05 0.015501 0.025907 
0.009124999999999999 -0.0166248 -0.00508 
3 917 660 857 
3 96 917 857 
3 660 456 857 
3 386 96 857 
3 516 917 371 
3 917 516 660 
3 516 371 103 
3 660 516 103 
3 122 917 96 
3 308 830 719 
3 456 534 857 
3 534 456 128 
3 880 456 660 
3 456 80 128 
3 371 99 103 
3 119 645 211 
3 119 660 103 
3 645 119 103 
3 867 98 103 
3 98 645 103 
3 645 98 867 
3 909 386 857 
3 386 585 96 
3 122 234 917 
3 585 403 96 
3 403 930 47 
3 830 422 660 
3 422 830 308 
3 422 880 660 
3 880 422 308 
3 197 635 660 
3 635 830 660 
3 830 635 197 
3 456 897 308 
3 897 880 308 
3 880 897 456 
3 72 433 128 
3 666 308 719 
3 830 140 719 
3 140 830 197 
3 645 309 211 
3 309 50 211 
3 940 142 867 
3 309 142 413 
3 142 309 645 
3 483 940 867 
3 483 867 103 
3 604 693 940 
3 483 604 940 
3 604 483 99 
3 604 980 539 
3 693 604 539 
3 119 968 660 
3 968 119 211 
3 639 821 809 
3 821 330 809 
3 505 30 50 
3 142 568 413 
3 568 330 413 
3 534 946 857 
3 946 909 857 
3 433 946 128 
3 946 433 797 
3 909 952 386 
3 952 585 386 
3 585 952 909 
3 581 122 96 
3 403 581 96 
3 43 47 539 
3 980 43 539 
3 604 43 980 
3 433 46 797 
3 46 874 797 
3 72 705 62 
3 666 705 72 
3 705 505 62 
3 505 705 30 
3 705 666 719 
3 30 705 719 
3 524 456 308 
3 524 80 456 
3 80 524 128 
3 524 72 128 
3 140 759 719 
3 759 30 719 
3 264 142 940 
3 568 264 220 
3 264 568 142 
3 444 645 867 
3 142 444 867 
3 444 142 645 
3 99 619 103 
3 619 483 103 
3 483 619 99 
3 607 197 660 
3 968 607 660 
3 505 813 62 
3 813 72 62 
3 769 904 220 
3 769 693 539 
3 264 769 220 
3 47 769 539 
3 693 769 940 
3 769 264 940 
3 930 769 47 
3 904 937 220 
3 937 568 220 
3 568 937 330 
3 330 937 809 
3 937 904 809 
3 948 534 128 
3 946 948 128 
3 948 946 534 
3 81 946 797 
3 81 585 909 
3 946 81 909 
3 904 575 809 
3 575 874 809 
3 769 575 904 
3 927 581 403 
3 927 403 47 
3 43 927 47 
3 918 604 99 
3 918 43 604 
3 43 918 955 
3 918 99 371 
3 955 918 371 
3 747 639 809 
3 3 666 72 
3 666 3 308 
3 3 524 308 
3 30 713 50 
3 634 713 30 
3 368 759 140 
3 634 368 140 
3 759 368 30 
3 368 634 30 
3 607 302 197 
3 302 607 968 
3 302 140 197 
3 302 260 140 
3 813 107 821 
3 821 107 330 
3 330 107 413 
3 107 309 413 
3 107 813 505 
3 874 936 797 
3 936 81 797 
3 486 769 930 
3 486 575 769 
3 486 403 585 
3 403 486 930 
3 575 486 874 
3 983 43 955 
3 983 927 43 
3 983 955 371 
3 927 983 581 
3 917 983 371 
3 234 983 917 
3 983 234 122 
3 581 983 122 
3 747 0 46 
3 0 747 809 
3 874 0 809 
3 46 0 874 
3 524 908 72 
3 908 3 72 
3 3 908 524 
3 50 632 211 
3 713 632 50 
3 5 713 634 
3 5 634 140 
3 632 5 211 
3 5 632 713 
3 5 968 211 
3 5 302 968 
3 309 546 50 
3 107 546 309 
3 546 505 50 
3 546 107 505 
3 81 669 585 
3 669 486 585 
3 936 669 81 
3 669 936 874 
3 486 669 874 
3 260 344 140 
3 344 5 140 
3 302 344 260 
3 5 344 302 
3 747 433 72 
3 747 821 639 
3 813 747 72 
3 747 46 433 
3 747 813 821 
Vertices and facets:
- p917(v14): 0.085 0.046 0.051
  neighbors: f44 f46 f97 f98 f102 f191 f477 f478
- p660(v8):  0.15  0.05  0.02
  neighbors: f44 f51 f98 f100 f113 f158 f205 f207 f209 f210 f269 f366 f367
- p857(v4): 0.097 0.045 0.053
  neighbors: f44 f46 f51 f89 f110 f175 f297 f298
- p96(v13): -0.014 0.0047 0.046
  neighbors: f46 f89 f102 f181 f199 f316 f317
- p456(v16):  0.13 0.045  0.04
  neighbors: f51 f110 f111 f113 f115 f214 f212 f341 f342
- p386(v25): -0.009 -0.0035 0.046
  neighbors: f89 f175 f181 f309 f310
- p516(v27): 0.025 0.047 0.0045
  neighbors: f97 f98 f99 f100
- p371(v7): -0.014 0.045 0.0074
  neighbors: f97 f99 f153 f421 f420 f475 f477
- p103(v3): 0.077  0.05 -0.047
  neighbors: f99 f100 f153 f158 f159 f160 f161 f259 f363 f364
- p122(v28): -0.0091 0.026 0.041
  neighbors: f102 f191 f316 f479 f480
- p830(v29):  0.16 0.012 0.007
  neighbors: f105 f205 f206 f210 f211 f227 f228
- p308(v15):  0.16 -0.0076 0.015
  neighbors: f105 f222 f206 f208 f212 f213 f341 f433 f434
- p719(v2):  0.16 -0.014 -0.003
  neighbors: f105 f222 f227 f339 f338 f346 f347
- p534(v30):  0.11  0.04 0.052
  neighbors: f110 f111 f297 f394 f396
- p128(v9):  0.13 -0.045 0.043
  neighbors: f111 f115 f300 f215 f344 f343 f394 f395
- p880(v31):  0.14 0.044 0.028
  neighbors: f113 f207 f208 f213 f214
- p80(v32):  0.13 -0.036 0.036
  neighbors: f115 f342 f343
- p99(v39): -0.016 0.042 -0.016
  neighbors: f153 f365 f363 f263 f417 f420
- p119(v40):  0.12  0.05 -0.048
  neighbors: f155 f158 f159 f269 f270
- p645(v21):   0.1 0.046 -0.052
  neighbors: f155 f159 f161 f162 f236 f256 f360 f362
- p211(v11):  0.12 0.041 -0.047
  neighbors: f155 f236 f237 f270 f488 f495 f497
- p98(v41): 0.086 0.046 -0.05
  neighbors: f160 f161 f162
- p867(v10): -0.012 0.012 -0.044
  neighbors: f160 f162 f251 f259 f257 f360 f361
- p909(v44): 0.094 -0.041  0.05
  neighbors: f175 f311 f298 f309 f403 f404
- p585(v45): -0.016 -0.014 0.042
  neighbors: f311 f310 f403 f181 f199 f467 f503 f504
- p234(v47): -0.0098 0.036 0.029
  neighbors: f191 f478 f479
- p403(v49): -0.021 0.012 0.038
  neighbors: f415 f199 f317 f201 f414 f467 f468
- p930(v46): -0.025 -0.0079 0.017
  neighbors: f388 f201 f465 f468
- p47(v26): -0.026 0.015 0.0095
  neighbors: f324 f201 f388 f384 f415 f416
- p422(v50):  0.16 0.0045 0.013
  neighbors: f205 f206 f207 f208
- p635(v51):  0.15 0.045 0.014
  neighbors: f209 f210 f211
- p197(v22):  0.15  0.04 -0.014
  neighbors: f209 f211 f228 f366 f444 f446
- p897(v52):  0.14 0.039 0.032
  neighbors: f212 f213 f214
- p433(v53):  0.11 -0.053 0.039
  neighbors: f215 f301 f300 f330 f512 f515
- p72(v33):  0.13 -0.053 0.027
  neighbors: f215 f378 f335 f334 f344 f431 f485 f486 f512 f514
- p666(v54):  0.15 -0.048 0.0086
  neighbors: f338 f222 f335 f431 f433
- p140(v55):  0.16 0.0077 -0.012
  neighbors: f227 f228 f346 f447 f441 f440 f446 f492 f508 f509
- p309(v57):  0.11 -0.041 -0.049
  neighbors: f236 f237 f254 f256 f453 f499 f500
- p50(v35):  0.12 -0.042 -0.044
  neighbors: f490 f237 f281 f435 f488 f499 f501
- p142(v60): -0.014 -0.0049 -0.046
  neighbors: f251 f293 f256 f254 f359 f355 f361 f362
- p940(v20): -0.021 0.021 -0.03
  neighbors: f262 f251 f261 f257 f355 f386 f387
- p413(v6): 0.087 -0.05 -0.046
  neighbors: f295 f254 f293 f452 f453
- p483(v61): -0.012 0.029 -0.035
  neighbors: f257 f259 f263 f262 f364 f365
- p604(v62): -0.021 0.037 -0.017
  neighbors: f261 f262 f263 f267 f266 f326 f417 f418
- p693(v59): -0.026 0.011 -0.014
  neighbors: f261 f267 f382 f386
- p980(v36): -0.021 0.036 -0.01
  neighbors: f266 f325 f326
- p539(v1): -0.027 0.011 -0.0095
  neighbors: f325 f324 f267 f266 f382 f384
- p968(v63):  0.13 0.046 -0.038
  neighbors: f367 f269 f270 f445 f497 f498
- p821(v64): 0.075 -0.053 -0.031
  neighbors: f274 f275 f450 f451 f513 f516
- p639(v23): 0.061 -0.053 -0.013
  neighbors: f274 f423 f513
- p809(v12): -0.013 -0.045 -0.0076
  neighbors: f393 f275 f274 f423 f406 f392 f405 f482 f483
- p330(v42):  0.09 -0.053 -0.044
  neighbors: f392 f295 f391 f275 f451 f452
- p505(v65):  0.13 -0.052 -0.035
  neighbors: f337 f336 f281 f374 f456 f501 f502
- p30(v58):  0.15 -0.044 -0.022
  neighbors: f347 f281 f339 f337 f436 f435 f442 f443
- p568(v67): -0.012 -0.026 -0.038
  neighbors: f359 f293 f358 f295 f390 f391
- p946(v68):  0.11 -0.047 0.049
  neighbors: f297 f298 f396 f300 f301 f395 f402 f404
- p797(v5): 0.082 -0.052 0.039
  neighbors: f332 f330 f301 f402 f463 f464
- p952(v70): -0.0072 -0.015 0.044
  neighbors: f309 f310 f311
- p581(v72): -0.013 0.025  0.04
  neighbors: f316 f317 f414 f476 f480
- p43(v73): -0.021 0.039 0.0069
  neighbors: f416 f419 f326 f324 f325 f418 f473 f474
- p46(v74):  0.07 -0.053 0.025
  neighbors: f330 f332 f481 f484 f515
- p874(v69): -0.012 -0.041 0.021
  neighbors: f484 f406 f471 f332 f463 f483 f506 f507
- p705(v75):  0.15 -0.05 -0.012
  neighbors: f334 f335 f336 f337 f338 f339
- p62(v18):  0.13 -0.053 -0.015
  neighbors: f336 f334 f374 f378
- p524(v76):  0.14 -0.044 0.034
  neighbors: f344 f341 f342 f343 f434 f485 f487
- p759(v77):  0.16 -0.0026 -0.0099
  neighbors: f346 f347 f440 f442
- p264(v79): -0.02 -0.015 -0.039
  neighbors: f355 f359 f358 f383 f387
- p220(v38): -0.02 -0.018 -0.037
  neighbors: f358 f383 f381 f389 f390
- p444(v80): -0.012 -0.0013 -0.046
  neighbors: f360 f361 f362
- p619(v81): -0.0079 0.034 -0.031
  neighbors: f363 f364 f365
- p607(v82):  0.14 0.045 -0.026
  neighbors: f366 f367 f444 f445
- p813(v84):  0.11 -0.053 -0.04
  neighbors: f374 f378 f450 f456 f514 f516
- p769(v85): -0.027 -0.0039 -0.014
  neighbors: f381 f382 f383 f384 f388 f386 f387 f408 f465 f466
- p904(v66): -0.018 -0.04 -0.013
  neighbors: f393 f389 f381 f405 f408
- p937(v86): -0.015 -0.041 -0.019
  neighbors: f389 f390 f391 f392 f393
- p948(v87):  0.11 -0.046 0.049
  neighbors: f394 f395 f396
- p81(v89): -0.012 -0.024 0.039
  neighbors: f404 f403 f402 f464 f503 f505
- p575(v90): -0.02 -0.038 0.0005
  neighbors: f405 f406 f408 f466 f471
- p927(v91): -0.02 0.028 0.025
  neighbors: f416 f415 f414 f474 f476
- p918(v92): -0.018 0.042 -0.012
  neighbors: f417 f418 f419 f420 f421
- p955(v48): -0.016 0.044 0.0088
  neighbors: f421 f419 f473 f475
- p747(v93): 0.059 -0.053 0.0093
  neighbors: f423 f481 f482 f512 f513 f514 f515 f516
- p3(v96):  0.14 -0.048 0.019
  neighbors: f431 f434 f433 f486 f487
- p713(v97):  0.13 -0.033 -0.039
  neighbors: f435 f436 f490 f491 f496
- p634(v78):  0.13 -0.031 -0.037
  neighbors: f443 f441 f436 f491 f492
- p368(v98):  0.16 0.0005 -0.014
  neighbors: f440 f441 f442 f443
- p302(v99):  0.14 0.043 -0.034
  neighbors: f444 f445 f446 f447 f498 f510 f511
- p260(v83):  0.14 0.042 -0.034
  neighbors: f447 f508 f510
- p107(v100):  0.11 -0.053 -0.043
  neighbors: f450 f451 f452 f453 f456 f500 f502
- p936(v102): -0.012 -0.035 0.029
  neighbors: f464 f463 f505 f506
- p486(v103): -0.021 -0.027 0.028
  neighbors: f465 f466 f467 f468 f471 f504 f507
- p983(v104): -0.015 0.039 0.022
  neighbors: f473 f474 f475 f476 f477 f478 f479 f480
- p0(v105): -0.0061 -0.046 0.0019
  neighbors: f481 f482 f483 f484
- p908(v106):  0.14 -0.051 0.026
  neighbors: f485 f486 f487
- p632(v107):  0.13 -0.034 -0.042
  neighbors: f488 f490 f495 f496
- p5(v108):  0.14 0.041 -0.037
  neighbors: f491 f492 f498 f497 f495 f496 f509 f511
- p546(v109):  0.11 -0.052 -0.043
  neighbors: f499 f500 f501 f502
- p669(v110): -0.017 -0.029 0.033
  neighbors: f503 f504 f505 f506 f507
- p344(v111):  0.14 0.042 -0.035
  neighbors: f508 f509 f510 f511
- f44
    - flags: top simplicial
    - normal:   0.03304   0.9803    0.195
    - offset: -0.05728081
    - vertices: p917(v14) p660(v8) p857(v4)
    - neighboring facets: f51 f46 f98
- f46
    - flags: bottom simplicial
    - normal:   -0.1463   0.2385   0.9601
    - offset: -0.04705978
    - vertices: p917(v14) p96(v13) p857(v4)
    - neighboring facets: f89 f44 f102
- f51
    - flags: bottom simplicial
    - normal:   0.07925   0.9614   0.2636
    - offset: -0.06456507
    - vertices: p456(v16) p660(v8) p857(v4)
    - neighboring facets: f44 f110 f113
- f89
    - flags: top simplicial
    - normal:  -0.05655  -0.0183   0.9982
    - offset: -0.04635722
    - vertices: p386(v25) p96(v13) p857(v4)
    - neighboring facets: f46 f175 f181
- f97
    - flags: top simplicial
    - normal:  -0.03791   0.9958  0.08388
    - offset: -0.04635077
    - vertices: p516(v27) p917(v14) p371(v7)
    - neighboring facets: f477 f99 f98
- f98
    - flags: bottom simplicial
    - normal:  -0.02798   0.9971  0.07112
    - offset: -0.04660626
    - vertices: p516(v27) p917(v14) p660(v8)
    - neighboring facets: f44 f100 f97
- f99
    - flags: top simplicial
    - normal:  -0.04397    0.999 0.001942
    - offset: -0.04598072
    - vertices: p516(v27) p371(v7) p103(v3)
    - neighboring facets: f153 f100 f97
- f100
    - flags: bottom simplicial
    - normal:  -0.02222   0.9995  0.02384
    - offset: -0.04665048
    - vertices: p516(v27) p660(v8) p103(v3)
    - neighboring facets: f158 f99 f98
- f102
    - flags: top simplicial
    - normal:   -0.1556    0.262   0.9524
    - offset: -0.04695077
    - vertices: p122(v28) p917(v14) p96(v13)
    - neighboring facets: f46 f316 f191
- f105
    - flags: bottom simplicial
    - normal:    0.9849 -0.04499   0.1671
    - offset: -0.1590235
    - vertices: p830(v29) p308(v15) p719(v2)
    - neighboring facets: f222 f227 f206
- f110
    - flags: bottom simplicial
    - normal:    0.2706   0.5492   0.7907
    - offset: -0.09263322
    - vertices: p534(v30) p456(v16) p857(v4)
    - neighboring facets: f51 f297 f111
- f111
    - flags: top simplicial
    - normal:    0.4564 -0.01163   0.8897
    - offset: -0.09621146
    - vertices: p534(v30) p456(v16) p128(v9)
    - neighboring facets: f115 f394 f110
- f113
    - flags: top simplicial
    - normal:    0.7472   0.2965   0.5948
    - offset: -0.1374466
    - vertices: p880(v31) p456(v16) p660(v8)
    - neighboring facets: f51 f207 f214
- f115
    - flags: bottom simplicial
    - normal:    0.6284 -0.03172   0.7772
    - offset: -0.1139328
    - vertices: p80(v32) p456(v16) p128(v9)
    - neighboring facets: f111 f343 f342
- f153
    - flags: bottom simplicial
    - normal:   -0.1217    0.984  -0.1297
    - offset: -0.04543392
    - vertices: p99(v39) p371(v7) p103(v3)
    - neighboring facets: f99 f363 f420
- f155
    - flags: top simplicial
    - normal:      0.26  0.06691  -0.9633
    - offset: -0.08032513
    - vertices: p119(v40) p645(v21) p211(v11)
    - neighboring facets: f236 f270 f159
- f158
    - flags: top simplicial
    - normal:         0        1       -0
    - offset:   -0.04951
    - vertices: p119(v40) p660(v8) p103(v3)
    - neighboring facets: f100 f159 f269
- f159
    - flags: bottom simplicial
    - normal:    -0.014   0.7647  -0.6442
    - offset: -0.06705545
    - vertices: p119(v40) p645(v21) p103(v3)
    - neighboring facets: f161 f158 f155
- f160
    - flags: bottom simplicial
    - normal:   -0.1842   0.3709  -0.9102
    - offset: -0.04693686
    - vertices: p98(v41) p867(v10) p103(v3)
    - neighboring facets: f259 f161 f162
- f161
    - flags: top simplicial
    - normal:  -0.08986   0.5303   -0.843
    - offset: -0.05894513
    - vertices: p98(v41) p645(v21) p103(v3)
    - neighboring facets: f159 f160 f162
- f162
    - flags: bottom simplicial
    - normal:   -0.1052   0.1238  -0.9867
    - offset: -0.04637593
    - vertices: p98(v41) p645(v21) p867(v10)
    - neighboring facets: f360 f160 f161
- f175
    - flags: top simplicial
    - normal:  -0.05212 -0.02809   0.9982
    - offset: -0.04635237
    - vertices: p909(v44) p386(v25) p857(v4)
    - neighboring facets: f89 f298 f309
- f181
    - flags: bottom simplicial
    - normal:   -0.2548   -0.136   0.9574
    - offset: -0.04669281
    - vertices: p585(v45) p386(v25) p96(v13)
    - neighboring facets: f89 f199 f310
- f191
    - flags: bottom simplicial
    - normal:   -0.2203   0.7558   0.6166
    - offset: -0.04694466
    - vertices: p234(v47) p122(v28) p917(v14)
    - neighboring facets: f102 f478 f479
- f199
    - flags: bottom simplicial
    - normal:   -0.7381 -0.02596   0.6742
    - offset: -0.04097115
    - vertices: p403(v49) p585(v45) p96(v13)
    - neighboring facets: f181 f317 f467
- f201
    - flags: top simplicial
    - normal:   -0.9825 -0.004803   0.1862
    - offset: -0.02751651
    - vertices: p403(v49) p930(v46) p47(v26)
    - neighboring facets: f388 f415 f468
- f205
    - flags: bottom simplicial
    - normal:    0.8588   0.1103   0.5003
    - offset: -0.1429547
    - vertices: p422(v50) p830(v29) p660(v8)
    - neighboring facets: f210 f207 f206
- f206
    - flags: top simplicial
    - normal:    0.8713  0.09028   0.4823
    - offset: -0.1446041
    - vertices: p422(v50) p830(v29) p308(v15)
    - neighboring facets: f105 f208 f205
- f207
    - flags: top simplicial
    - normal:    0.8507   0.1066   0.5148
    - offset:   -0.14185
    - vertices: p422(v50) p880(v31) p660(v8)
    - neighboring facets: f113 f205 f208
- f208
    - flags: bottom simplicial
    - normal:    0.8383  0.09403   0.5371
    - offset: -0.1401371
    - vertices: p422(v50) p880(v31) p308(v15)
    - neighboring facets: f213 f206 f207
- f209
    - flags: bottom simplicial
    - normal:    0.8898   0.4514 -0.06699
    - offset:  -0.153285
    - vertices: p635(v51) p197(v22) p660(v8)
    - neighboring facets: f366 f210 f211
- f210
    - flags: top simplicial
    - normal:    0.9554   0.2739   0.1105
    - offset: -0.1577391
    - vertices: p635(v51) p830(v29) p660(v8)
    - neighboring facets: f205 f209 f211
- f211
    - flags: bottom simplicial
    - normal:    0.9509   0.3063 -0.04475
    - offset: -0.1563187
    - vertices: p635(v51) p830(v29) p197(v22)
    - neighboring facets: f228 f209 f210
- f212
    - flags: bottom simplicial
    - normal:    0.7512  0.03181   0.6593
    - offset: -0.1286001
    - vertices: p897(v52) p456(v16) p308(v15)
    - neighboring facets: f341 f213 f214
- f213
    - flags: top simplicial
    - normal:    0.7768   0.0534   0.6275
    - offset: -0.1320267
    - vertices: p897(v52) p880(v31) p308(v15)
    - neighboring facets: f208 f212 f214
- f214
    - flags: bottom simplicial
    - normal:    0.7656  0.07282   0.6392
    - offset: -0.1315787
    - vertices: p897(v52) p880(v31) p456(v16)
    - neighboring facets: f113 f212 f213
- f215
    - flags: bottom simplicial
    - normal:    0.2794  -0.8099   0.5158
    - offset: -0.09376331
    - center: 0.1227933333333333 -0.05035473333333333 0.03621390000000001 
    - vertices: p433(v53) p72(v33) p128(v9)
    - neighboring facets: f344 f300 f512
    - ridges:
- f222
    - flags: top simplicial
    - normal:    0.9299  -0.2808   0.2375
    - offset: -0.1531371
    - vertices: p666(v54) p308(v15) p719(v2)
    - neighboring facets: f105 f338 f433
- f227
    - flags: bottom simplicial
    - normal:    0.9957   0.0506 -0.07714
    - offset: -0.1602088
    - vertices: p140(v55) p830(v29) p719(v2)
    - neighboring facets: f105 f346 f228
- f228
    - flags: top simplicial
    - normal:    0.9599   0.2522  -0.1225
    - offset: -0.1565666
    - vertices: p140(v55) p830(v29) p197(v22)
    - neighboring facets: f211 f446 f227
- f236
    - flags: bottom simplicial
    - normal:     0.244 -0.01438  -0.9697
    - offset: -0.07529868
    - vertices: p309(v57) p645(v21) p211(v11)
    - neighboring facets: f155 f237 f256
- f237
    - flags: top simplicial
    - normal:    0.3484 -0.03288  -0.9368
    - offset: -0.08591018
    - center: 0.119258 -0.01391423333333334 -0.04687146666666667 
    - vertices: p309(v57) p50(v35) p211(v11)
    - neighboring facets: f488 f236 f499
- f251
    - flags: bottom simplicial
    - normal:   -0.7617   0.1673  -0.6259
    - offset: -0.03850462
    - vertices: p142(v60) p940(v20) p867(v10)
    - neighboring facets: f257 f361 f355
- f254
    - flags: bottom simplicial
    - normal:  -0.08436  -0.1901  -0.9781
    - offset: -0.04682891
    - center: 0.06099993333333333 -0.03181581 -0.04695263333333333 
    - vertices: p142(v60) p309(v57) p413(v6)
    - neighboring facets: f453 f293 f256
- f256
    - flags: top simplicial
    - normal:  -0.04028 -0.03684  -0.9985
    - offset: -0.04639377
    - vertices: p142(v60) p309(v57) p645(v21)
    - neighboring facets: f236 f362 f254
- f257
    - flags: top simplicial
    - normal:   -0.6531   0.3521  -0.6705
    - offset: -0.04149521
    - vertices: p483(v61) p940(v20) p867(v10)
    - neighboring facets: f251 f259 f262
- f259
    - flags: top simplicial
    - normal:   -0.2232   0.4678  -0.8552
    - offset: -0.04614132
    - vertices: p483(v61) p867(v10) p103(v3)
    - neighboring facets: f160 f364 f257
- f261
    - flags: top simplicial
    - normal:   -0.9625   0.1878  -0.1956
    - offset: -0.03014612
    - vertices: p604(v62) p693(v59) p940(v20)
    - neighboring facets: f386 f262 f267
- f262
    - flags: bottom simplicial
    - normal:   -0.6977   0.4814  -0.5305
    - offset: -0.04094823
    - vertices: p604(v62) p483(v61) p940(v20)
    - neighboring facets: f257 f261 f263
- f263
    - flags: top simplicial
    - normal:   -0.5813   0.6184  -0.5289
    - offset: -0.0435024
    - vertices: p604(v62) p483(v61) p99(v39)
    - neighboring facets: f365 f417 f262
- f266
    - flags: top simplicial
    - normal:   -0.9757   0.2167 -0.03102
    - offset: -0.02872949
    - vertices: p604(v62) p980(v36) p539(v1)
    - neighboring facets: f325 f267 f326
- f267
    - flags: bottom simplicial
    - normal:   -0.9761   0.2067 -0.06698
    - offset: -0.0289732
    - vertices: p604(v62) p693(v59) p539(v1)
    - neighboring facets: f382 f266 f261
- f269
    - flags: bottom simplicial
    - normal:    0.3237   0.9352  -0.1433
    - offset: -0.09160009
    - vertices: p968(v63) p119(v40) p660(v8)
    - neighboring facets: f158 f367 f270
- f270
    - flags: top simplicial
    - normal:    0.5664   0.2673  -0.7796
    - offset: -0.1178207
    - vertices: p968(v63) p119(v40) p211(v11)
    - neighboring facets: f155 f497 f269
- f274
    - flags: bottom simplicial tested
    - normal:   -0.1097  -0.9904 -0.08386
    - offset: -0.04693091
    - center: 0.04120293333333334 -0.05046793333333333 -0.01748559 
    - vertices: p821(v64) p639(v23) p809(v12)
    - neighboring facets: f423 f275 f513
    - ridges:
- f275
    - flags: top simplicial tested
    - normal:   -0.1468  -0.9621  -0.2296
    - offset: -0.04722747
    - center: 0.05090886666666667 -0.05028990000000001 -0.02751249 
    - vertices: p821(v64) p330(v42) p809(v12)
    - neighboring facets: f392 f274 f451
- f281
    - flags: top simplicial
    - normal:    0.6614  -0.3571  -0.6596
    - offset: -0.1260651
    - center: 0.1323003333333333 -0.04608916666666667 -0.03351473333333334 
    - vertices: p505(v65) p30(v58) p50(v35)
    - neighboring facets: f435 f501 f337
- f293
    - flags: bottom simplicial
    - normal:   -0.1594  -0.3602  -0.9192
    - offset: -0.04601751
    - vertices: p568(v67) p142(v60) p413(v6)
    - neighboring facets: f254 f295 f359
- f295
    - flags: top simplicial
    - normal:   -0.2246  -0.7376  -0.6368
    - offset: -0.04612613
    - center: 0.0551765 -0.04281123333333333 -0.04230336666666666 
    - vertices: p568(v67) p330(v42) p413(v6)
    - neighboring facets: f452 f293 f391
- f297
    - flags: bottom simplicial
    - normal:   0.07388 -0.02951   0.9968
    - offset: -0.05849866
    - vertices: p946(v68) p534(v30) p857(v4)
    - neighboring facets: f110 f298 f396
- f298
    - flags: top simplicial
    - normal:   0.05277 -0.03182   0.9981
    - offset: -0.05640457
    - vertices: p946(v68) p909(v44) p857(v4)
    - neighboring facets: f175 f297 f404
- f300
    - flags: bottom simplicial
    - normal:    0.2577  -0.7898   0.5567
    - offset: -0.09188883
    - vertices: p946(v68) p433(v53) p128(v9)
    - neighboring facets: f215 f395 f301
- f301
    - flags: top simplicial
    - normal:  -0.04019  -0.8583   0.5116
    - offset: -0.06090463
    - center: 0.09986853333333334 -0.05046063333333333 0.04223723333333333 
    - vertices: p946(v68) p433(v53) p797(v5)
    - neighboring facets: f330 f402 f300
- f309
    - flags: bottom simplicial
    - normal:   -0.1207  -0.2227   0.9674
    - offset: -0.04624417
    - vertices: p952(v70) p909(v44) p386(v25)
    - neighboring facets: f175 f310 f311
- f310
    - flags: top simplicial
    - normal:   -0.1299   -0.224   0.9659
    - offset: -0.0462642
    - vertices: p952(v70) p585(v45) p386(v25)
    - neighboring facets: f181 f309 f311
- f311
    - flags: bottom simplicial
    - normal:   -0.1313  -0.2675   0.9546
    - offset: -0.04641788
    - vertices: p952(v70) p585(v45) p909(v44)
    - neighboring facets: f403 f309 f310
- f316
    - flags: top simplicial
    - normal:   -0.3618   0.2913   0.8856
    - offset: -0.04689466
    - vertices: p581(v72) p122(v28) p96(v13)
    - neighboring facets: f102 f317 f480
- f317
    - flags: bottom simplicial
    - normal:   -0.5556    0.269   0.7868
    - offset: -0.04496285
    - vertices: p581(v72) p403(v49) p96(v13)
    - neighboring facets: f199 f316 f414
- f324
    - flags: top simplicial
    - normal:   -0.9759   0.2165 -0.02608
    - offset: -0.02868527
    - vertices: p43(v73) p47(v26) p539(v1)
    - neighboring facets: f384 f325 f416
- f325
    - flags: bottom simplicial
    - normal:   -0.9758   0.2169 -0.02672
    - offset: -0.02869271
    - vertices: p43(v73) p980(v36) p539(v1)
    - neighboring facets: f266 f324 f326
- f326
    - flags: bottom simplicial
    - normal:   -0.9687   0.2462 -0.03034
    - offset: -0.02964988
    - vertices: p43(v73) p604(v62) p980(v36)
    - neighboring facets: f266 f325 f418
- f330
    - flags: bottom simplicial tested
    - normal:  -0.04454  -0.9905   0.1303
    - offset: -0.05266474
    - center: 0.08744663333333332 -0.05261973333333334 0.03409506666666667 
    - vertices: p46(v74) p433(v53) p797(v5)
    - neighboring facets: f301 f332 f515
    - ridges:
- f332
    - flags: top simplicial tested
    - normal:   -0.1541  -0.9624   0.2237
    - offset: -0.04583549
    - center: 0.04679316666666666 -0.0485795 0.028137 
    - vertices: p46(v74) p874(v69) p797(v5)
    - neighboring facets: f463 f330 f484
- f334
    - flags: bottom simplicial
    - normal:     0.269  -0.9631  0.01114
    - offset: -0.08693655
    - center: 0.137269 -0.05192686666666667 -0.0002554999999999999 
    - vertices: p705(v75) p72(v33) p62(v18)
    - neighboring facets: f378 f336 f335
- f335
    - flags: bottom simplicial
    - normal:    0.3713  -0.9273  0.04741
    - offset: -0.09953315
    - vertices: p705(v75) p666(v54) p72(v33)
    - neighboring facets: f431 f334 f338
- f336
    - flags: top simplicial
    - normal:    0.3033  -0.9429  -0.1374
    - offset: -0.09274973
    - center: 0.1357686666666667 -0.05165446666666666 -0.0208469 
    - vertices: p705(v75) p505(v65) p62(v18)
    - neighboring facets: f374 f334 f337
- f337
    - flags: bottom simplicial
    - normal:    0.6149  -0.6757  -0.4067
    - offset: -0.1279539
    - vertices: p705(v75) p505(v65) p30(v58)
    - neighboring facets: f281 f339 f336
- f338
    - flags: top simplicial
    - normal:     0.917  -0.3881 -0.09209
    - offset: -0.1535015
    - vertices: p705(v75) p666(v54) p719(v2)
    - neighboring facets: f222 f339 f335
- f339
    - flags: bottom simplicial
    - normal:    0.9117  -0.3566  -0.2041
    - offset: -0.1525536
    - vertices: p705(v75) p30(v58) p719(v2)
    - neighboring facets: f347 f338 f337
- f341
    - flags: top simplicial
    - normal:    0.6884 -0.02823   0.7248
    - offset: -0.1200599
    - vertices: p524(v76) p456(v16) p308(v15)
    - neighboring facets: f212 f434 f342
- f342
    - flags: top simplicial
    - normal:    0.6671 -0.03029   0.7443
    - offset: -0.1178855
    - vertices: p524(v76) p80(v32) p456(v16)
    - neighboring facets: f115 f341 f343
- f343
    - flags: bottom simplicial
    - normal:     0.639 -0.04942   0.7676
    - offset:  -0.115643
    - vertices: p524(v76) p80(v32) p128(v9)
    - neighboring facets: f115 f344 f342
- f344
    - flags: top simplicial
    - normal:    0.5129  -0.6697    0.537
    - offset: -0.1177653
    - vertices: p524(v76) p72(v33) p128(v9)
    - neighboring facets: f215 f343 f485
- f346
    - flags: bottom simplicial
    - normal:    0.9874  0.01716  -0.1572
    - offset: -0.1595622
    - vertices: p759(v77) p140(v55) p719(v2)
    - neighboring facets: f227 f347 f440
- f347
    - flags: top simplicial
    - normal:    0.8716  -0.1841  -0.4543
    - offset: -0.1445058
    - vertices: p759(v77) p30(v58) p719(v2)
    - neighboring facets: f339 f346 f442
- f355
    - flags: top simplicial
    - normal:   -0.8426  0.08956   -0.531
    - offset: -0.03568217
    - vertices: p264(v79) p142(v60) p940(v20)
    - neighboring facets: f251 f387 f359
- f358
    - flags: bottom simplicial
    - normal:   -0.4755   -0.383   -0.792
    - offset: -0.04563181
    - vertices: p264(v79) p568(v67) p220(v38)
    - neighboring facets: f390 f383 f359
- f359
    - flags: top simplicial
    - normal:   -0.4244  -0.3531  -0.8338
    - offset: -0.04580386
    - vertices: p264(v79) p568(v67) p142(v60)
    - neighboring facets: f293 f355 f358
- f360
    - flags: top simplicial
    - normal:    -0.105    0.123  -0.9868
    - offset: -0.04636895
    - vertices: p444(v80) p645(v21) p867(v10)
    - neighboring facets: f162 f361 f362
- f361
    - flags: bottom simplicial
    - normal:   -0.3018   0.1265   -0.945
    - offset: -0.04682374
    - vertices: p444(v80) p142(v60) p867(v10)
    - neighboring facets: f251 f360 f362
- f362
    - flags: top simplicial
    - normal:  -0.04979  -0.0147  -0.9987
    - offset: -0.04642594
    - vertices: p444(v80) p142(v60) p645(v21)
    - neighboring facets: f256 f360 f361
- f363
    - flags: bottom simplicial
    - normal:   -0.2496   0.7951  -0.5528
    - offset: -0.04609905
    - vertices: p619(v81) p99(v39) p103(v3)
    - neighboring facets: f153 f364 f365
- f364
    - flags: top simplicial
    - normal:    -0.253   0.7367  -0.6272
    - offset: -0.04643797
    - vertices: p619(v81) p483(v61) p103(v3)
    - neighboring facets: f259 f363 f365
- f365
    - flags: bottom simplicial
    - normal:   -0.3264   0.7538  -0.5703
    - offset: -0.04584386
    - vertices: p619(v81) p483(v61) p99(v39)
    - neighboring facets: f263 f363 f364
- f366
    - flags: top simplicial
    - normal:    0.5695   0.8016  -0.1819
    - offset: -0.1207513
    - vertices: p607(v82) p197(v22) p660(v8)
    - neighboring facets: f209 f367 f444
- f367
    - flags: bottom simplicial
    - normal:    0.3746   0.9143   -0.154
    - offset: -0.09791778
    - vertices: p607(v82) p968(v63) p660(v8)
    - neighboring facets: f269 f366 f445
- f374
    - flags: bottom simplicial tested
    - normal:   0.07027  -0.9959 -0.05629
    - offset: -0.06294303
    - center: 0.1248353333333333 -0.05270073333333334 -0.02991673333333334 
    - vertices: p813(v84) p505(v65) p62(v18)
    - neighboring facets: f336 f378 f456
- f378
    - flags: top simplicial tested
    - normal:   0.01329  -0.9999 -0.00398
    - offset: -0.05468453
    - center: 0.1263356666666667 -0.05297313333333332 -0.009325333333333333 
    - vertices: p813(v84) p72(v33) p62(v18)
    - neighboring facets: f334 f374 f514
    - ridges:
- f381
    - flags: top simplicial
    - normal:   -0.9626  -0.2234  -0.1532
    - offset: -0.02882557
    - vertices: p769(v85) p904(v66) p220(v38)
    - neighboring facets: f389 f383 f408
- f382
    - flags: top simplicial
    - normal:   -0.9949  0.03181 -0.09532
    - offset: -0.02784379
    - vertices: p769(v85) p693(v59) p539(v1)
    - neighboring facets: f267 f384 f386
- f383
    - flags: bottom simplicial
    - normal:   -0.9638 -0.05361  -0.2611
    - offset: -0.02974919
    - vertices: p769(v85) p264(v79) p220(v38)
    - neighboring facets: f358 f381 f387
- f384
    - flags: bottom simplicial
    - normal:   -0.9997 -0.008345    0.025
    - offset: -0.02638674
    - vertices: p769(v85) p47(v26) p539(v1)
    - neighboring facets: f324 f382 f388
- f386
    - flags: bottom simplicial
    - normal:    -0.959  0.04152  -0.2802
    - offset: -0.02952232
    - vertices: p769(v85) p693(v59) p940(v20)
    - neighboring facets: f261 f387 f382
- f387
    - flags: top simplicial
    - normal:   -0.9546  0.03038  -0.2964
    - offset: -0.02968143
    - vertices: p769(v85) p264(v79) p940(v20)
    - neighboring facets: f355 f386 f383
- f388
    - flags: bottom simplicial
    - normal:   -0.9972 -0.04894  0.05733
    - offset: -0.02601238
    - vertices: p769(v85) p930(v46) p47(v26)
    - neighboring facets: f201 f384 f465
- f389
    - flags: bottom simplicial
    - normal:   -0.7313   -0.518  -0.4436
    - offset: -0.04030294
    - vertices: p937(v86) p904(v66) p220(v38)
    - neighboring facets: f381 f390 f393
- f390
    - flags: top simplicial
    - normal:   -0.6397   -0.563  -0.5233
    - offset: -0.04224096
    - vertices: p937(v86) p568(v67) p220(v38)
    - neighboring facets: f358 f389 f391
- f391
    - flags: bottom simplicial
    - normal:   -0.2289  -0.7612  -0.6068
    - offset: -0.04567119
    - vertices: p937(v86) p568(v67) p330(v42)
    - neighboring facets: f295 f392 f390
- f392
    - flags: bottom simplicial
    - normal:   -0.1869  -0.9165  -0.3537
    - offset: -0.04661001
    - vertices: p937(v86) p330(v42) p809(v12)
    - neighboring facets: f275 f393 f391
- f393
    - flags: top simplicial
    - normal:   -0.4671  -0.8429  -0.2671
    - offset: -0.04621427
    - vertices: p937(v86) p904(v66) p809(v12)
    - neighboring facets: f405 f392 f389
- f394
    - flags: top simplicial
    - normal:    0.3567 -0.03342   0.9336
    - offset: -0.08652533
    - vertices: p948(v87) p534(v30) p128(v9)
    - neighboring facets: f111 f395 f396
- f395
    - flags: bottom simplicial
    - normal:    0.2605  -0.7816   0.5668
    - offset: -0.09230726
    - vertices: p948(v87) p946(v68) p128(v9)
    - neighboring facets: f300 f394 f396
- f396
    - flags: top simplicial
    - normal:   0.08675 -0.03007   0.9958
    - offset: -0.05985359
    - vertices: p948(v87) p946(v68) p534(v30)
    - neighboring facets: f297 f394 f395
- f402
    - flags: top simplicial
    - normal:   -0.1855  -0.6386   0.7468
    - offset: -0.04670029
    - vertices: p81(v89) p946(v68) p797(v5)
    - neighboring facets: f301 f464 f404
- f403
    - flags: top simplicial
    - normal:   -0.1549  -0.3778   0.9128
    - offset: -0.04658016
    - vertices: p81(v89) p585(v45) p909(v44)
    - neighboring facets: f311 f404 f503
- f404
    - flags: bottom simplicial
    - normal:   -0.1662  -0.4868   0.8575
    - offset: -0.04716432
    - vertices: p81(v89) p946(v68) p909(v44)
    - neighboring facets: f298 f403 f402
- f405
    - flags: bottom simplicial
    - normal:   -0.6852  -0.7266  0.04988
    - offset: -0.04134673
    - vertices: p575(v90) p904(v66) p809(v12)
    - neighboring facets: f393 f406 f408
- f406
    - flags: top simplicial
    - normal:   -0.6225  -0.7689    0.146
    - offset: -0.04173101
    - center: -0.0148613 -0.04136989999999999 0.004599378333333334 
    - vertices: p575(v90) p874(v69) p809(v12)
    - neighboring facets: f483 f405 f471
- f408
    - flags: bottom simplicial
    - normal:   -0.9717   -0.223 -0.07839
    - offset: -0.02798292
    - vertices: p575(v90) p769(v85) p904(v66)
    - neighboring facets: f381 f405 f466
- f414
    - flags: top simplicial
    - normal:   -0.7613   0.4179   0.4958
    - offset: -0.03978302
    - vertices: p927(v91) p581(v72) p403(v49)
    - neighboring facets: f317 f415 f476
- f415
    - flags: top simplicial
    - normal:   -0.9613   0.1846   0.2046
    - offset: -0.03000283
    - vertices: p927(v91) p403(v49) p47(v26)
    - neighboring facets: f201 f416 f414
- f416
    - flags: bottom simplicial
    - normal:   -0.9585   0.2334   0.1634
    - offset: -0.03028007
    - vertices: p927(v91) p43(v73) p47(v26)
    - neighboring facets: f324 f415 f474
- f417
    - flags: top simplicial
    - normal:   -0.6937   0.6702  -0.2639
    - offset: -0.0433106
    - vertices: p918(v92) p604(v62) p99(v39)
    - neighboring facets: f263 f420 f418
- f418
    - flags: top simplicial
    - normal:   -0.8265   0.5601 -0.05599
    - offset: -0.03858424
    - vertices: p918(v92) p43(v73) p604(v62)
    - neighboring facets: f326 f417 f419
- f419
    - flags: bottom simplicial
    - normal:     -0.74   0.6723 -0.02073
    - offset: -0.04133299
    - vertices: p918(v92) p43(v73) p955(v48)
    - neighboring facets: f473 f421 f418
- f420
    - flags: top simplicial
    - normal:   -0.4023     0.91  -0.1007
    - offset: -0.04627553
    - vertices: p918(v92) p99(v39) p371(v7)
    - neighboring facets: f153 f421 f417
- f421
    - flags: bottom simplicial
    - normal:   -0.5797   0.8132 -0.05155
    - offset: -0.04476829
    - vertices: p918(v92) p955(v48) p371(v7)
    - neighboring facets: f475 f420 f419
- f423
    - flags: top simplicial tested
    - normal:   -0.1042  -0.9945 -0.008587
    - offset: -0.04647686
    - center: 0.03598196666666666 -0.05046793333333333 -0.003903683333333333 
    - vertices: p747(v93) p639(v23) p809(v12)
    - neighboring facets: f274 f482 f513
    - ridges:
- f431
    - flags: top simplicial
    - normal:    0.4546  -0.8806   0.1337
    - offset: -0.1103816
    - vertices: p3(v96) p666(v54) p72(v33)
    - neighboring facets: f335 f486 f433
- f433
    - flags: bottom simplicial
    - normal:    0.9184  -0.2836   0.2758
    - offset: -0.1518961
    - vertices: p3(v96) p666(v54) p308(v15)
    - neighboring facets: f222 f434 f431
- f434
    - flags: top simplicial
    - normal:    0.8323  -0.2281   0.5052
    - offset: -0.1411807
    - vertices: p3(v96) p524(v76) p308(v15)
    - neighboring facets: f341 f433 f487
- f435
    - flags: bottom simplicial
    - normal:    0.7004  -0.2145  -0.6807
    - offset: -0.1258841
    - vertices: p713(v97) p30(v58) p50(v35)
    - neighboring facets: f281 f490 f436
- f436
    - flags: bottom simplicial
    - normal:    0.7388  -0.1364    -0.66
    - offset: -0.1275452
    - vertices: p713(v97) p634(v78) p30(v58)
    - neighboring facets: f443 f435 f491
- f440
    - flags: top simplicial
    - normal:    0.7765 -0.07313  -0.6258
    - offset: -0.1306949
    - vertices: p368(v98) p759(v77) p140(v55)
    - neighboring facets: f346 f441 f442
- f441
    - flags: bottom simplicial
    - normal:    0.7305 -0.03973  -0.6818
    - offset: -0.1242632
    - vertices: p368(v98) p634(v78) p140(v55)
    - neighboring facets: f492 f440 f443
- f442
    - flags: bottom simplicial
    - normal:     0.766 -0.09567  -0.6356
    - offset: -0.1291755
    - vertices: p368(v98) p759(v77) p30(v58)
    - neighboring facets: f347 f443 f440
- f443
    - flags: top simplicial
    - normal:    0.7622 -0.09383  -0.6405
    - offset: -0.1286458
    - vertices: p368(v98) p634(v78) p30(v58)
    - neighboring facets: f436 f442 f441
- f444
    - flags: bottom simplicial
    - normal:    0.5776   0.7933  -0.1928
    - offset: -0.1217836
    - vertices: p302(v99) p607(v82) p197(v22)
    - neighboring facets: f366 f446 f445
- f445
    - flags: top simplicial
    - normal:    0.5088   0.8347  -0.2109
    - offset: -0.1145188
    - vertices: p302(v99) p607(v82) p968(v63)
    - neighboring facets: f367 f498 f444
- f446
    - flags: top simplicial
    - normal:    0.8784     0.21  -0.4292
    - offset: -0.1468351
    - vertices: p302(v99) p140(v55) p197(v22)
    - neighboring facets: f228 f444 f447
- f447
    - flags: top simplicial
    - normal:    0.7861  0.04412  -0.6165
    - offset: -0.1330133
    - vertices: p302(v99) p260(v83) p140(v55)
    - neighboring facets: f508 f446 f510
- f450
    - flags: bottom simplicial tested
    - normal:  -0.01005  -0.9989 -0.04557
    - offset: -0.05366107
    - center: 0.09820623333333334 -0.05296526666666666 -0.03820196666666667 
    - vertices: p107(v100) p813(v84) p821(v64)
    - neighboring facets: f516 f451 f456
    - ridges:
- f451
    - flags: bottom simplicial tested
    - normal:  -0.01824  -0.9976 -0.06748
    - offset: -0.05366333
    - center: 0.09094496666666667 -0.05278723333333334 -0.0394861 
    - vertices: p107(v100) p821(v64) p330(v42)
    - neighboring facets: f275 f452 f450
- f452
    - flags: bottom simplicial tested
    - normal:  -0.00991  -0.6126  -0.7903
    - offset: -0.0656562
    - center: 0.0949445 -0.05162466666666667 -0.04424869999999999 
    - vertices: p107(v100) p330(v42) p413(v6)
    - neighboring facets: f295 f453 f451
- f453
    - flags: top simplicial tested
    - normal:   0.02744  -0.4524  -0.8914
    - offset: -0.06559499
    - center: 0.1014444333333333 -0.04779586666666667 -0.04620723333333333 
    - vertices: p107(v100) p309(v57) p413(v6)
    - neighboring facets: f254 f452 f500
- f456
    - flags: top simplicial tested
    - normal:    0.1159  -0.9715  -0.2069
    - offset: -0.07273735
    - center: 0.1157206666666667 -0.05269286666666667 -0.0393286 
    - vertices: p107(v100) p813(v84) p505(v65)
    - neighboring facets: f374 f502 f450
- f463
    - flags: bottom simplicial
    - normal:   -0.1976  -0.8167   0.5421
    - offset: -0.04702164
    - vertices: p936(v102) p874(v69) p797(v5)
    - neighboring facets: f332 f464 f506
- f464
    - flags: top simplicial
    - normal:   -0.1874  -0.6449    0.741
    - offset: -0.04664288
    - vertices: p936(v102) p81(v89) p797(v5)
    - neighboring facets: f402 f463 f505
- f465
    - flags: top simplicial
    - normal:   -0.9858  -0.1625   0.0426
    - offset: -0.02637016
    - vertices: p486(v103) p769(v85) p930(v46)
    - neighboring facets: f388 f468 f466
- f466
    - flags: top simplicial
    - normal:   -0.9839  -0.1751   0.0354
    - offset: -0.02647398
    - vertices: p486(v103) p575(v90) p769(v85)
    - neighboring facets: f408 f465 f471
- f467
    - flags: top simplicial
    - normal:   -0.9129  -0.0997   0.3957
    - offset: -0.03302443
    - vertices: p486(v103) p403(v49) p585(v45)
    - neighboring facets: f199 f504 f468
- f468
    - flags: bottom simplicial
    - normal:   -0.9715 -0.05522   0.2304
    - offset: -0.02840106
    - vertices: p486(v103) p403(v49) p930(v46)
    - neighboring facets: f201 f465 f467
- f471
    - flags: bottom simplicial
    - normal:   -0.7434  -0.6326   0.2172
    - offset: -0.03904229
    - vertices: p486(v103) p575(v90) p874(v69)
    - neighboring facets: f406 f507 f466
- f473
    - flags: top simplicial
    - normal:   -0.7569    0.588   0.2852
    - offset: -0.04054965
    - vertices: p983(v104) p43(v73) p955(v48)
    - neighboring facets: f419 f475 f474
- f474
    - flags: top simplicial
    - normal:   -0.8107   0.4966     0.31
    - offset: -0.03832887
    - vertices: p983(v104) p927(v91) p43(v73)
    - neighboring facets: f416 f473 f476
- f475
    - flags: top simplicial
    - normal:   -0.2627   0.8887   0.3757
    - offset: -0.04684322
    - vertices: p983(v104) p955(v48) p371(v7)
    - neighboring facets: f421 f477 f473
- f476
    - flags: bottom simplicial
    - normal:   -0.7112   0.5033   0.4908
    - offset: -0.0410287
    - vertices: p983(v104) p927(v91) p581(v72)
    - neighboring facets: f414 f480 f474
- f477
    - flags: bottom simplicial
    - normal:   -0.1708   0.9056   0.3883
    - offset: -0.04639436
    - vertices: p983(v104) p917(v14) p371(v7)
    - neighboring facets: f97 f475 f478
- f478
    - flags: bottom simplicial
    - normal:   -0.2081   0.8176   0.5368
    - offset:  -0.046751
    - vertices: p983(v104) p234(v47) p917(v14)
    - neighboring facets: f191 f477 f479
- f479
    - flags: top simplicial
    - normal:   -0.3473   0.7228   0.5974
    - offset: -0.04645694
    - vertices: p983(v104) p234(v47) p122(v28)
    - neighboring facets: f191 f480 f478
- f480
    - flags: bottom simplicial
    - normal:   -0.4621   0.6607   0.5915
    - offset: -0.04562815
    - vertices: p983(v104) p581(v72) p122(v28)
    - neighboring facets: f316 f479 f476
- f481
    - flags: bottom simplicial tested
    - normal:   -0.1178  -0.9899  0.07933
    - offset: -0.04623339
    - center: 0.04111234333333333 -0.050637 0.01202236 
    - vertices: p0(v105) p747(v93) p46(v74)
    - neighboring facets: f515 f484 f482
    - ridges:
- f482
    - flags: top simplicial tested
    - normal:   -0.1122  -0.9933  0.02661
    - offset: -0.04626002
    - center: 0.01350514333333333 -0.04806493333333332 0.00119237 
    - vertices: p0(v105) p747(v93) p809(v12)
    - neighboring facets: f423 f483 f481
- f483
    - flags: bottom simplicial tested
    - normal:   -0.2936  -0.9427   0.1588
    - offset: -0.04529134
    - center: -0.01018025666666667 -0.0440247 0.005053329999999999 
    - vertices: p0(v105) p874(v69) p809(v12)
    - neighboring facets: f406 f482 f484
- f484
    - flags: bottom simplicial tested
    - normal:   -0.1538  -0.9665   0.2054
    - offset: -0.04561806
    - center: 0.01742694333333333 -0.04659676666666666 0.01588332 
    - vertices: p0(v105) p46(v74) p874(v69)
    - neighboring facets: f332 f483 f481
- f485
    - flags: bottom simplicial
    - normal:    0.5231  -0.6689   0.5282
    - offset: -0.1188271
    - vertices: p908(v106) p524(v76) p72(v33)
    - neighboring facets: f344 f486 f487
- f486
    - flags: top simplicial
    - normal:    0.5303  -0.7816   0.3284
    - offset: -0.1203809
    - vertices: p908(v106) p3(v96) p72(v33)
    - neighboring facets: f431 f485 f487
- f487
    - flags: bottom simplicial
    - normal:    0.5965  -0.6372    0.488
    - offset: -0.1261683
    - vertices: p908(v106) p3(v96) p524(v76)
    - neighboring facets: f434 f485 f486
- f488
    - flags: bottom simplicial
    - normal:    0.5542 -0.02839  -0.8319
    - offset: -0.1066281
    - vertices: p632(v107) p50(v35) p211(v11)
    - neighboring facets: f237 f495 f490
- f490
    - flags: bottom simplicial
    - normal:    0.6259 -0.08377  -0.7754
    - offset: -0.1153523
    - vertices: p632(v107) p713(v97) p50(v35)
    - neighboring facets: f435 f488 f496
- f491
    - flags: top simplicial
    - normal:    0.6676 -0.03225  -0.7439
    - offset: -0.1179147
    - vertices: p5(v108) p713(v97) p634(v78)
    - neighboring facets: f436 f492 f496
- f492
    - flags: top simplicial
    - normal:    0.7281 -0.03623  -0.6846
    - offset: -0.1239316
    - vertices: p5(v108) p634(v78) p140(v55)
    - neighboring facets: f441 f509 f491
- f495
    - flags: bottom simplicial
    - normal:    0.5996 -0.02363     -0.8
    - offset:  -0.110941
    - vertices: p5(v108) p632(v107) p211(v11)
    - neighboring facets: f488 f497 f496
- f496
    - flags: top simplicial
    - normal:    0.6185 -0.02716  -0.7853
    - offset: -0.1128666
    - vertices: p5(v108) p632(v107) p713(v97)
    - neighboring facets: f490 f491 f495
- f497
    - flags: top simplicial
    - normal:    0.5904    0.208  -0.7799
    - offset: -0.1183676
    - vertices: p5(v108) p968(v63) p211(v11)
    - neighboring facets: f270 f495 f498
- f498
    - flags: top simplicial
    - normal:    0.6263   0.2389  -0.7421
    - offset: -0.1231974
    - vertices: p5(v108) p302(v99) p968(v63)
    - neighboring facets: f445 f497 f511
- f499
    - flags: bottom simplicial
    - normal:    0.2911  -0.4489  -0.8448
    - offset: -0.09214389
    - vertices: p546(v109) p309(v57) p50(v35)
    - neighboring facets: f237 f501 f500
- f500
    - flags: bottom simplicial
    - normal:   0.08829  -0.4617  -0.8826
    - offset: -0.07223422
    - vertices: p546(v109) p107(v100) p309(v57)
    - neighboring facets: f453 f499 f502
- f501
    - flags: top simplicial
    - normal:     0.365  -0.5444  -0.7552
    - offset: -0.1013465
    - vertices: p546(v109) p505(v65) p50(v35)
    - neighboring facets: f281 f499 f502
- f502
    - flags: top simplicial
    - normal:    0.1694  -0.9264  -0.3363
    - offset: -0.08172292
    - vertices: p546(v109) p107(v100) p505(v65)
    - neighboring facets: f456 f501 f500
- f503
    - flags: bottom simplicial
    - normal:   -0.4534  -0.4636   0.7613
    - offset: -0.04619834
    - vertices: p669(v110) p81(v89) p585(v45)
    - neighboring facets: f403 f504 f505
- f504
    - flags: top simplicial
    - normal:   -0.7816  -0.3066   0.5433
    - offset: -0.04006587
    - vertices: p669(v110) p486(v103) p585(v45)
    - neighboring facets: f467 f503 f507
- f505
    - flags: bottom simplicial
    - normal:   -0.2411  -0.6372    0.732
    - offset: -0.0467365
    - vertices: p669(v110) p936(v102) p81(v89)
    - neighboring facets: f464 f503 f506
- f506
    - flags: top simplicial
    - normal:   -0.4943  -0.7252   0.4794
    - offset: -0.04540953
    - vertices: p669(v110) p936(v102) p874(v69)
    - neighboring facets: f463 f507 f505
- f507
    - flags: bottom simplicial
    - normal:   -0.6943  -0.6487   0.3117
    - offset: -0.04110213
    - vertices: p669(v110) p486(v103) p874(v69)
    - neighboring facets: f471 f506 f504
- f508
    - flags: bottom simplicial
    - normal:    0.7543 0.0009002  -0.6566
    - offset: -0.1280717
    - vertices: p344(v111) p260(v83) p140(v55)
    - neighboring facets: f447 f509 f510
- f509
    - flags: top simplicial
    - normal:    0.7478 -0.007713  -0.6639
    - offset: -0.1270629
    - vertices: p344(v111) p5(v108) p140(v55)
    - neighboring facets: f492 f508 f511
- f510
    - flags: bottom simplicial
    - normal:    0.7532  0.03908  -0.6566
    - offset: -0.1295302
    - vertices: p344(v111) p302(v99) p260(v83)
    - neighboring facets: f447 f508 f511
- f511
    - flags: bottom simplicial
    - normal:    0.7051    0.108  -0.7008
    - offset: -0.1272316
    - vertices: p344(v111) p5(v108) p302(v99)
    - neighboring facets: f498 f510 f509
- f512
    - flags: top simplicial tricoplanar keepcentrum
    - owner of normal & centrum is facet f512
    - normal:         0       -1       -0
    - offset:   -0.05304
    - center: 0.0886603142857143 -0.05304 0.00218738857142857 
    - vertices: p747(v93) p433(v53) p72(v33)
    - neighboring facets: f215 f514 f515
- f513
    - flags: top simplicial tricoplanar
    - owner of normal & centrum is facet f512
    - normal:         0       -1       -0
    - offset:   -0.05304
    - center: 0.0886603142857143 -0.05304 0.00218738857142857 
    - vertices: p747(v93) p821(v64) p639(v23)
    - neighboring facets: f274 f423 f516
- f514
    - flags: bottom simplicial tricoplanar
    - owner of normal & centrum is facet f512
    - normal:         0       -1       -0
    - offset:   -0.05304
    - center: 0.0886603142857143 -0.05304 0.00218738857142857 
    - vertices: p747(v93) p813(v84) p72(v33)
    - neighboring facets: f378 f512 f516
- f515
    - flags: top simplicial tricoplanar
    - owner of normal & centrum is facet f512
    - normal:         0       -1       -0
    - offset:   -0.05304
    - center: 0.0886603142857143 -0.05304 0.00218738857142857 
    - vertices: p747(v93) p46(v74) p433(v53)
    - neighboring facets: f330 f512 f481
- f516
    - flags: top simplicial tricoplanar
    - owner of normal & centrum is facet f512
    - normal:         0       -1       -0
    - offset:   -0.05304
    - center: 0.0886603142857143 -0.05304 0.00218738857142857 
    - vertices: p747(v93) p813(v84) p821(v64)
    - neighboring facets: f450 f513 f514
