3
1000 220 330
-0.00556239 -0.04914 -0.326868 
0.0358179 -0.04024 -0.221038 
0.0666638 -0.0275136 -0.114307 
0.00511202 0.00489011 -0.00682703 
0.0129166 0.0620561 0.0361563 
0.00744562 -0.0267185 -0.0190964 
0.0217533 -0.0285904 -0.245914 
-0.0251174 -0.00387373 0.0134921 
0.00749405 -0.04406 -0.269304 
0.0292274 0.04816 -0.2223 
-0.0173222 -0.0305245 -0.0242021 
-0.0454003 0.0664772 -0.00525251 
-0.00637843 -0.0316875 -0.0306514 
0.0221526 -0.0206875 -0.00712609 
-0.00712291 0.008012500000000001 0.0302814 
-0.014653 0.0311531 0.0265142 
0.0480752 0.05086 -0.255436 
0.0664838 0.0245811 -0.220716 
0.0263289 0.0486676 0.00518535 
0.0600657 0.0177915 -0.295734 
-0.0173536 -0.0511904 0.0279018 
0.0140517 0.0472924 -0.0199667 
0.0117683 0.03866 -0.230855 
0.0267611 0.05601 0.0316068 
0.0436613 -0.0525342 -0.2424 
0.0167317 -0.03394 -0.208013 
-0.009223780000000001 0.05586 -0.278853 
0.06542679999999999 -0.0438344 -0.139008 
0.0444888 0.0522164 -0.0140032 
0.0435472 0.04816 -0.202139 
-0.0242809 -0.0110034 0.00142134 
0.0630242 -0.0226165 -0.269791 
0.0353955 -0.04914 -0.195819 
0.054788 0.03326 -0.198707 
0.0342579 0.03866 -0.23319 
0.0296295 -0.0509997 -0.10796 
0.00928316 0.05651 0.0180895 
0.029703 -0.04144 -0.196617 
0.0293405 0.05086 -0.273891 
-0.0280411 0.0507786 0.015664 
0.0160731 -0.04914 -0.305682 
-0.0031207 -0.0206875 -0.0259244 
0.0345085 -0.0166875 -0.00785305 
-0.0228064 0.00449388 -0.035052 
-0.0488408 0.0503859 -0.00367391 
0.0172671 -0.0493446 -0.389505 
-0.00770623 -0.0405482 -0.00430645 
-0.0214497 0.0299523 -0.0129328 
0.0131301 0.01276 -0.0107216 
0.0444622 0.05736 -0.162532 
0.0337798 -0.03844 -0.225384 
-0.0129343 -0.0534675 -0.0694955 
0.0237681 -0.00891133 0.00769999 
0.0434184 -0.0318624 -0.27333 
0.0112566 0.0564525 0.0151422 
-0.0252458 0.0372064 -0.0377158 
0.0210211 0.0578299 0.0148181 
-0.000797847 0.0467339 -0.0220575 
0.06316239999999999 0.010002 -0.0742454 
-0.0124389 -0.04914 -0.241206 
-0.0119519 0.05586 -0.263104 
0.0283202 0.0590827 -0.325335 
-0.0374891 0.011013 9.7494e-05 
0.0534241 0.0101172 -0.349656 
0.0622746 0.0183849 -0.277158 
0.0115408 -0.0283649 -0.00403912 
0.00842773 0.00511747 -0.0203384 
0.015343 -0.05064 -0.283123 
-0.00656308 0.06086 -0.356676 
0.0192952 0.0450835 0.018081 
-0.000432182 -0.05154 0.0340438 
-0.0155439 0.06086 -0.269772 
-0.00843021 0.05736 -0.285027 
0.0247737 -0.0150253 0.0210058 
0.009303850000000001 -0.0344552 -0.230075 
-0.0256407 -0.0606011 -0.0345617 
0.0499257 0.0372393 -0.346626 
-0.0148151 -0.0166875 -0.029544 
0.0149229 -0.0206875 -0.000613445 
-0.0202622 0.0228648 -0.0214075 
0.0130375 -0.03394 -0.198607 
-0.02177 0.0565418 -0.218972 
0.0254126 0.05901 -0.0255589 
0.0348822 -0.05964 -0.0357704 
-0.0170404 0.0604302 -0.316429 
0.0368957 0.05601 -0.000672592 
0.0474002 0.0605217 -0.276692 
0.059807 0.0160729 -0.297704 
0.0349763 -0.04914 -0.159914 
0.0290907 -0.0310898 -0.220371 
0.0402201 -0.0268273 -0.220233 
0.0244957 0.06636 -0.0233883 
0.06527579999999999 0.0338378 -0.09571440000000001 
0.0301872 0.06001 0.00193916 
-0.00587942 0.0565025 -0.00409365 
0.0102683 -0.0159103 0.0209298 
0.00755938 0.05088 -0.0403968 
0.0299697 -0.03064 -0.188222 
0.00125403 -0.00502202 0.0352136 
-0.013345 0.0163719 0.0228108 
-0.0155144 0.00965746 0.0316939 
0.03241 -0.0550809 0.0237431 
0.0242137 -0.0493681 -0.111854 
0.0121434 -0.0365826 -0.016885 
0.0172374 0.0603463 -0.35181 
0.0390945 0.04951 -0.0360175 
-0.0381358 0.0241509 0.0163454 
-0.034506 0.0477543 0.0259664 
-0.0195248 0.0100139 -0.0315842 
0.0283782 -0.0360243 -0.274048 
0.00755487 -0.0283545 0.0111903 
0.0206056 0.037247 -0.216204 
0.0194263 -0.0308973 -0.204636 
0.00196887 0.00204772 -0.0215492 
0.00748175 0.0591032 -0.0204754 
0.022665 0.0480808 0.0158152 
-0.00952243 -0.04914 -0.140419 
-0.0211388 -0.04454 -0.000816619 
-0.0437571 0.0612743 -0.0339467 
-0.0202554 -0.0366198 -0.00428312 
0.0354846 -0.0499156 -0.255804 
0.0279343 0.0262548 0.0135969 
0.0687662 0.0192665 -0.19268 
0.0595885 0.0574938 -0.156016 
-0.0258829 -0.0336934 -0.0315941 
0.0314992 0.06186 -0.397242 
-0.0233809 0.0355073 -0.034678 
0.0216333 0.05736 -0.217451 
-0.00231868 0.00485833 -0.0109405 
0.0141923 0.0190125 -0.014454 
0.0067791 0.0190533 0.00129024 
0.0418094 0.04066 -0.176565 
0.0344249 -0.0166875 0.00209543 
0.0647662 0.0214698 -0.09007610000000001 
0.000373125 -0.05064 -0.310431 
-0.0246894 -0.057661 0.00389908 
0.0219542 0.05586 -0.152005 
0.012545 0.0574269 -0.0964291 
-0.0129289 0.0188706 -0.0400297 
-0.0292648 0.0601048 -0.0646888 
0.0428644 -0.041647 -0.26164 
0.0292439 -0.0533826 -0.0179049 
-0.0105704 0.0145786 0.0205605 
-0.00792969 -0.0535565 -0.230679 
-0.00121855 -0.0581118 -0.07449840000000001 
0.0663965 0.0493475 -0.149439 
-0.0200716 0.05586 -0.208711 
0.0239515 0.0557176 -0.2716 
-0.00855363 -0.00252103 -0.0348936 
-0.00159319 0.0393713 -0.0258467 
0.0469336 0.0189304 -0.000759382 
-0.008599330000000001 -0.0166245 0.0306127 
-0.0275424 0.00228389 -0.009765970000000001 
0.0611575 0.008171889999999999 -0.287515 
0.0451077 -0.04914 -0.112007 
0.0102018 -0.0316875 -0.0280148 
-0.0115723 2.38267e-05 -0.009226669999999999 
0.0160957 0.009712999999999999 0.0310913 
0.0594101 0.0553487 -0.255437 
-0.0155944 0.0619086 -0.000709992 
-0.00258768 -0.023445 0.0101993 
0.0645592 0.0120309 -0.251911 
-0.0189031 -0.0316875 0.0106489 
-0.0146589 -0.0023448 -0.00922709 
0.0347109 -0.0510521 -0.251913 
0.06353159999999999 0.01999 -0.102065 
-0.0144718 -0.0533241 -0.151513 
0.0211053 -0.05064 -0.294634 
0.0494296 0.04066 -0.197991 
-0.0201844 0.05586 -0.36572 
0.0363355 -0.0344593 0.0142058 
-0.0393873 0.0419197 -0.0126915 
-0.0311595 -0.06064 0.00578822 
0.0343494 0.06590559999999999 -0.0125102 
0.0551468 -0.02564 -0.203139 
0.00231293 0.0120458 -0.0192185 
0.0324769 -0.0271162 0.00752924 
0.0246725 0.06086 -0.387525 
0.0583713 -0.0453187 -0.277258 
-0.0206562 -0.0385375 -0.0125136 
0.0363499 -0.041301 -0.266221 
0.0388701 0.00659753 -0.0125231 
0.0234273 0.0628234 0.0221552 
-0.00661154 -0.04154 0.0121862 
0.00617854 0.01726 -0.0235673 
0.0219273 -0.0270227 -0.184887 
0.0220299 -0.037561 -0.27343 
-0.00168876 0.0107313 -0.0343384 
0.0196988 -0.053888 -0.353167 
0.0399171 0.0224152 -0.0243968 
0.0117971 0.0513762 -0.0138543 
-0.0164328 0.0494616 -0.016452 
0.0406217 -0.047401 -0.272757 
0.0309495 0.04066 -0.231591 
-0.0408097 0.05901 0.00988166 
-0.0444167 0.0297245 -0.00699642 
0.0106103 -0.0460898 -0.252509 
0.0244045 -0.0196875 -0.000184814 
0.0155863 0.00668713 0.015564 
0.065576 -0.0114733 -0.09933169999999999 
-0.0232824 -0.0206875 -0.0231383 
0.033477 0.011013 0.0212157 
0.0137206 0.05586 -0.40036 
-0.0058289 0.0617804 -0.06967859999999999 
0.0388311 0.0638201 -0.0110931 
0.000143129 -0.05414 -0.353773 
0.0419856 0.0495196 0.00575957 
0.03689 0.0302132 -0.195473 
0.050276 0.05773 -0.310723 
0.0594501 0.0555708 -0.0966774 
0.0368407 -0.03394 -0.192103 
0.00495661 -0.0196875 -0.0232674 
0.0239069 0.06086 -0.153534 
0.0153949 0.0402001 -0.0162059 
0.00513016 -0.0019875 -0.0140738 
0.0543347 -0.00754983 -0.335846 
0.00556027 -0.04654 0.0174869 
0.029038 -0.0465297 -0.399668 
0.0249139 -0.0322624 -0.268214 
0.0315892 -0.03654 -0.195782 
-0.0367577 0.00727458 -0.0208584 
-0.007898280000000001 -0.007983000000000001 -0.0262192 
0.0368655 -0.04914 -0.298433 
0.0404293 0.06636 0.0137785 
0.0233358 -0.0360375 0.0388656 
0.0162725 -0.04914 -0.186003 
0.0322926 -0.0529088 -0.019245 
-0.00790949 0.0187448 -0.0131259 
0.0120867 0.05586 -0.128382 
-0.03044 0.0621681 -0.0626649 
0.0371388 0.0557829 0.0276878 
0.0209112 0.0263198 0.0234984 
0.0398388 -0.03013 -0.234264 
0.0356786 -0.0333625 -0.00410133 
0.06887359999999999 0.0140619 -0.179512 
0.0293374 -0.00936713 -0.00274577 
0.0453056 -0.0530367 -0.314826 
0.0139463 -0.0513007 -0.192842 
-0.0106656 -0.0214835 -0.03205 
-0.00222688 0.0190125 -0.0162672 
0.0245129 -0.05354 0.00621283 
0.0375886 0.04066 -0.173309 
0.00460712 0.0469689 0.0315437 
-0.0420317 -0.05464 0.0221309 
-0.0126261 0.0484985 -0.0286087 
-0.00456646 0.0202523 -0.0455304 
0.00111279 0.00691069 -0.0158089 
0.028416 -0.0285904 -0.26189 
0.0683955 -0.0287941 -0.21074 
0.0187874 -0.0272115 -0.009993429999999999 
-0.0284958 0.06404749999999999 -0.0408434 
0.06283660000000001 -0.0269528 -0.285823 
0.0644985 -0.0460242 -0.156442 
0.0647533 0.0449872 -0.260884 
0.00224024 0.0057202 -0.016763 
-0.0265772 -0.0634197 -0.0252386 
-0.0106016 -0.0156429 0.0365473 
0.0151963 -0.0387196 -0.25874 
0.0373625 0.01801 -0.0201285 
0.0220753 0.03645 -0.182604 
0.0051467 -0.0345375 0.00397321 
0.0356448 0.0356695 -0.219297 
-0.025903 -0.0547859 0.0130711 
0.0673579 0.0316117 -0.186858 
-0.00670598 0.0140083 0.0452267 
0.0605773 -0.0405236 -0.294525 
0.00252888 0.06586 -0.0342088 
-0.0193802 0.05586 -0.300687 
0.0446398 -0.04914 -0.206515 
0.0460564 0.0600846 -0.300136 
0.0295063 -0.05414 -0.379031 
0.06725680000000001 -0.0228336 -0.18049 
0.06604790000000001 0.0205012 -0.127831 
-0.0119251 -0.008337499999999999 0.00841334 
0.0226257 0.0494142 0.01607 
-0.027991 0.00933644 -0.0008153429999999999 
0.0315317 0.0632376 -0.0227814 
0.0598677 0.0540448 -0.185964 
0.0452152 -0.0310534 -0.232104 
-0.0269021 -0.0510858 -0.331769 
0.0365179 0.05736 -0.269239 
-0.00321606 -0.0491519 -0.11814 
0.0660602 -0.00231255 -0.105167 
-0.00739169 -0.0316875 0.0270218 
-0.00484449 0.0593135 0.0146647 
-0.0385566 0.0111615 -0.0009924999999999999 
0.0356624 -0.0524883 -0.127783 
0.0117941 -0.0421061 -0.181679 
0.0181206 0.0202946 -0.0194436 
0.0237598 -0.047401 -0.263106 
-0.00195867 -0.0332878 -0.0356132 
0.00312263 0.06636 0.0484351 
0.0418715 -0.04914 -0.142823 
0.0304782 -0.05554 0.00496367 
0.0128776 -0.0260412 -0.0302726 
0.0435559 -0.0517414 -0.311435 
-0.008342230000000001 -0.0415375 0.0142773 
-0.0135215 0.0444088 0.0118129 
0.0670799 0.0347592 -0.201243 
0.0326729 -0.00436385 -0.0154098 
-0.0423477 -0.048067 -0.0524556 
0.0285486 0.0342043 -0.0135296 
0.0056985 -0.0345375 -0.0115589 
0.068331 0.0125225 -0.145898 
0.035608 0.054155 -0.208496 
0.0340322 0.0070125 -0.00124965 
0.0206775 0.05586 -0.135219 
-0.0131738 -0.0555374 -0.0637572 
0.0612288 -0.00612331 -0.298653 
0.0513816 -0.02344 -0.184045 
-0.0247041 -0.0485697 0.0154495 
0.029476 -0.0285904 -0.261317 
0.0440798 -0.0330673 -0.259827 
-0.0159715 0.008012500000000001 0.00274299 
0.0668537 0.0361371 -0.211999 
-0.0176118 -0.0019875 -0.0186488 
0.0337083 -0.05064 -0.259337 
-0.0105483 -0.0454041 -0.000806561 
0.0182727 0.05444 0.00638516 
-0.009175569999999999 0.06086 -0.232141 
-0.00109143 -0.00614653 -0.0316335 
-0.0321183 0.06636 -0.00584443 
0.0138658 0.0509665 0.0286505 
0.00549486 -0.00595444 -0.00597808 
-0.0273704 -0.05554 -0.00090788 
0.0576917 0.0585485 -0.198711 
0.054498 -0.0488699 -0.280912 
0.032912 0.05586 -0.225408 
0.0321265 -0.037561 -0.269596 
-0.00515765 0.0559734 -0.0172925 
-0.0247659 -0.038893 -0.0273129 
-0.00545462 0.0168981 0.026176 
0.06407839999999999 0.0431902 -0.214542 
0.0652925 -0.0361747 -0.208032 
-0.034582 -0.05964 0.0231238 
0.0685496 -0.0104988 -0.205841 
-0.007823760000000001 0.0106188 0.0230247 
0.0164767 -0.0336315 -0.243923 
-0.0178746 0.0385737 0.0243141 
0.0119277 0.0397923 -0.221153 
0.0288817 0.0638553 0.0279496 
0.0144513 -0.0513315 -0.338495 
0.0112871 0.0391411 0.0201917 
0.00138369 -0.0262618 0.0328476 
0.008165840000000001 -0.0227856 -0.0217732 
0.0565037 0.0507287 -0.314098 
0.01186 -0.000417702 -0.00522021 
-0.0149887 -0.0019875 -0.0259809 
0.00454368 -0.0372785 -0.0333941 
0.00248188 0.00446787 0.007831289999999999 
-0.031791 -0.0390375 -0.0051003 
-0.00419958 -0.009089979999999999 -0.0264766 
0.0292154 0.0568053 -0.399872 
0.00353707 0.0622327 -0.0210636 
0.0423337 -0.0326862 -0.263887 
-0.0186988 -0.0385375 -0.00118612 
0.026204 -0.0269904 -0.263794 
-0.0176679 -0.05414 -0.225418 
-0.0130615 -0.0286959 0.0129843 
-0.0369721 -0.035666 0.000539617 
0.0381073 0.05081 -0.00255622 
0.0402314 -0.047435 -0.185002 
-0.0120237 0.0522025 -0.00613769 
0.0411052 -0.047435 -0.198105 
0.0265967 0.011013 -0.023476 
0.0294393 0.05586 -0.328525 
0.00498598 0.05586 -0.394992 
0.0289017 -0.00371915 0.009084119999999999 
0.0589769 0.00166285 -0.315057 
-0.0207764 0.00340363 -0.0226176 
0.0412949 0.06836 0.0184784 
-0.0137606 0.0170485 0.0168266 
0.0640331 -0.0091731 -0.27513 
0.0257736 0.06001 0.00558921 
0.0103375 -0.0238518 0.00487888 
-0.0178107 0.0607272 -0.025557 
-0.00435441 0.0593273 -0.0166043 
0.0386417 -0.0565866 0.0119511 
0.0148883 -0.04914 -0.343752 
0.000404982 0.00903731 -0.0369406 
-0.0142876 -0.05414 -0.253518 
0.043381 0.05586 -0.247785 
0.0569912 -0.0480704 -0.264738 
0.0117154 0.050465 0.0235939 
0.0556602 0.00261303 -0.327435 
0.0187149 -0.00232949 0.0122697 
-0.0300345 0.0581546 -0.355587 
0.0205226 -0.04654 -0.0105351 
0.0264863 -0.03774 -0.200365 
0.0205515 0.0324448 -0.0229808 
0.066873 0.0464214 -0.223176 
-0.00327159 0.06086 -0.163646 
-0.0207722 -0.0512202 -0.104532 
-0.00376912 0.06336410000000001 -0.053987 
0.0111059 -0.0212237 0.00956456 
0.0128561 0.04816 -0.189863 
0.0438 0.054131 -0.0158734 
-0.00860436 0.05901 0.0406942 
0.052239 -0.0533551 -0.236545 
0.0135212 -0.0283181 -0.25234 
-0.0151113 -0.0385375 0.0259694 
0.0295044 0.05586 -0.253862 
-0.00178994 0.0107732 -0.0118472 
-0.0343456 0.05174 0.000746533 
-0.0342593 0.06586 -0.0013863 
0.0110975 -0.00515471 0.0172799 
-0.0485047 0.0497227 -0.00149361 
0.00481763 0.0654506 -0.0685168 
0.015309 0.04951 -0.0431161 
0.0473115 0.03866 -0.188367 
-0.0338807 0.0510618 -0.0228432 
0.0255706 0.054155 -0.188941 
-0.00539679 0.05834 -0.211805 
0.0300034 -0.0386185 0.0243088 
0.0414536 0.05174 0.00478258 
-0.0173228 0.0474519 0.0258147 
0.0132085 0.0556858 0.0439249 
0.0372227 -0.047435 -0.201716 
-0.0318343 -0.0579686 -0.0582275 
0.00437328 -0.0255985 -0.0133131 
0.0104131 0.0402369 -0.201927 
0.0245509 -0.03394 -0.207423 
0.0556416 0.00832812 -0.33715 
-0.0243246 -0.0415672 0.00219521 
0.00196674 0.00276897 -0.0151959 
0.0524694 0.0586333 -0.135545 
-0.00817678 0.0266476 -0.0242574 
0.054088 0.0386593 -0.192516 
0.0155953 -0.04754 -0.18014 
-0.0163262 0.0611433 -0.00368721 
0.0250848 0.06636 0.0284764 
0.0346446 0.06086 -0.130623 
0.0174312 0.04066 -0.201977 
0.00301907 0.0594874 -0.252768 
0.0272571 -0.0458726 0.00712566 
0.06287239999999999 0.0231222 -0.240906 
0.0589774 0.00132967 -0.072769 
-0.0150529 -0.00441249 -0.0195661 
-0.0127089 -0.0044875 -0.00741755 
0.0624545 -0.0338974 -0.0909547 
0.0211161 -0.000470657 -0.0243756 
0.00490621 0.06086 -0.185972 
-0.0367576 0.05201 -0.0294157 
0.0417887 -0.0526818 -0.282008 
-0.000412478 0.0150536 -0.0235134 
-0.0163606 0.05736 -0.128949 
0.0555546 -0.03394 -0.225844 
-0.0355906 0.0070125 -0.0118208 
-0.0203946 0.0253007 0.0146715 
0.0459115 0.0567568 -0.275652 
0.0614424 0.0364317 -0.284421 
-0.0229864 0.06086 -0.354724 
0.0344179 -0.0384173 0.00295034 
0.06672699999999999 -0.0283438 -0.143936 
0.0302201 0.00393129 -0.0116902 
-0.00325851 0.06836 0.0430432 
-0.0146778 -0.0198673 0.00411171 
0.0361941 0.05586 -0.213869 
0.0194426 0.0427385 -0.00527989 
-0.0214078 0.00015609 -0.0317903 
0.0443701 -0.04144 -0.211344 
0.0439551 0.0597372 -0.358244 
0.0300955 -0.0361541 0.0163101 
0.00474053 0.0339648 -0.0257045 
0.0184494 0.061197 -0.0551383 
0.06735960000000001 -0.0268322 -0.186484 
0.0383724 0.04951 -0.0322631 
0.0630947 0.000452064 -0.283884 
0.0185645 0.0595762 -0.0891383 
0.0442221 0.03866 -0.180308 
0.026644 -0.0122508 0.0101278 
0.0395661 0.059957 -0.296712 
0.0599439 -0.0477753 -0.0853661 
0.0488695 0.0562487 -0.316779 
0.0119668 0.0110125 -0.00795949 
0.0453941 -0.0467492 -0.212311 
0.0290076 -0.06064 0.00284677 
0.0366767 0.05086 -0.271805 
-0.0189312 0.0069513 0.0102288 
-0.0133482 0.0595025 0.0008324199999999999 
0.00433485 -0.05414 -0.119367 
0.009040579999999999 0.0408415 0.0194478 
-0.00609046 -0.00348392 -0.00233359 
0.034434 -0.035361 -0.251025 
0.049944 -0.0347735 -0.346508 
-0.00586448 -0.0385375 -0.0248338 
-0.00179209 0.04951 0.0442431 
-0.00186394 0.0178159 0.00881443 
0.00299621 -0.0201808 -0.00344124 
0.00886925 0.00660021 -0.0391218 
0.00521849 -0.00418086 0.0268999 
0.067009 0.0168515 -0.150469 
0.06325260000000001 0.00464449 -0.121296 
0.0278623 0.05586 -0.324542 
0.0463643 -0.04914 -0.142198 
0.00767323 0.0190125 -0.0101742 
0.0563168 0.0353085 -0.323092 
-0.012032 -0.00806376 0.0245098 
0.0376085 0.06701269999999999 -0.000555768 
-0.0455909 0.06136 0.00421628 
-0.0150719 0.00328189 0.00307316 
0.0399369 0.06136 0.0135338 
0.0591016 -0.000301786 -0.0738753 
-0.0113693 0.0190125 0.00705112 
-0.00628628 -0.0226647 -0.0377343 
-0.00666442 -0.0365449 -0.0355103 
0.0118853 0.0458269 0.0254215 
0.00354664 -0.04914 -0.413389 
0.0226565 -0.0366574 0.0313106 
0.0420772 -0.0365389 -0.184421 
0.0418177 -0.0278166 -0.264117 
-0.00693959 0.0653432 0.0156083 
0.00362562 0.0108625 -0.020863 
0.0281589 0.04816 -0.198043 
0.0165755 0.05586 -0.314286 
0.00350849 -0.0590353 -0.0655118 
-0.0167783 0.0574027 -0.0419277 
-0.00699653 0.00657041 0.000327422 
0.00192803 0.0507025 0.00562401 
0.0263787 -0.0152431 0.00082663 
0.00366678 -0.0565031 -0.0588417 
-0.0214587 0.0579968 -0.240297 
0.00374094 0.05586 -0.205626 
0.00285831 0.06136 0.0400694 
0.0222653 -0.03394 -0.235358 
-0.0270007 -0.0632315 0.0393477 
0.0672883 0.009424210000000001 -0.125078 
-0.0269629 0.0427596 0.0318837 
0.0146698 -0.0611488 -0.039843 
-0.00527282 -0.008337499999999999 0.0252949 
0.00428972 -0.04914 -0.335583 
0.0134666 0.0677058 0.0118292 
-0.0152423 -0.0103375 -0.0180357 
0.00231004 -0.04914 -0.122572 
0.0199541 -0.0332772 0.0255083 
0.0299378 -0.0525306 -0.292274 
0.0162245 0.0327586 0.0168714 
0.010277 -0.04914 -0.255667 
0.0171941 -0.0278736 0.00144049 
0.026393 0.0203506 -0.00529279 
-0.0241734 -0.05414 -0.318086 
0.0574218 0.0435739 -0.309615 
0.0290316 0.04951 -0.0363629 
-0.00914588 -0.0131732 -0.008089900000000001 
0.0542637 0.0419554 -0.344614 
0.0592165 -0.0509476 -0.150418 
0.0304911 -0.0350231 0.0210813 
0.0318015 0.05601 0.0208344 
0.0464448 -0.0493538 -0.334215 
-0.0190176 0.00963193 0.0205686 
0.0366236 0.0285609 0.0229158 
-0.0342818 0.060717 -0.0555934 
0.0426954 -0.0539027 -0.306419 
0.0349588 0.03866 -0.205325 
0.0139296 0.0352612 -0.0440655 
0.0495915 -0.0540497 -0.155471 
-0.0315077 0.05081 -0.00684655 
-0.0424821 -0.0551924 -0.00227932 
0.00245605 0.06636 -0.0379911 
0.0312745 0.05586 -0.227027 
0.0432934 0.0406131 0.00146088 
0.0647523 -0.0103201 -0.0899397 
-0.0175999 -0.0510516 -0.107276 
0.0347806 0.0654598 -0.0174202 
-0.0388993 -0.0351456 0.0112778 
0.0482673 0.0542091 -0.336859 
0.06426659999999999 0.00567957 -0.214349 
0.0189636 0.0402736 0.0383193 
0.0270446 -0.035361 -0.253441 
-0.0275319 -0.04914 -0.365206 
0.0169309 -0.0303111 0.00790106 
0.0198738 -0.0529719 -0.0878467 
0.0544054 0.00731386 -0.335451 
-0.0143851 0.05651 -0.016674 
0.0434027 -0.05064 -0.222825 
0.00331688 0.021582 0.022543 
-0.0077931 -0.04914 -0.190736 
-0.0255274 -0.06364 0.0397466 
0.053296 0.0586872 -0.0825644 
-0.0168386 -0.00649515 0.00958148 
0.0237023 0.0457025 -0.000920344 
0.0393159 0.05088 -0.008079859999999999 
0.0384681 -0.0594011 -0.043356 
0.0563188 -0.0497366 -0.157964 
0.0168339 0.06836 -0.0370301 
-0.0303175 0.0279375 0.0336709 
0.0335427 0.0498994 -0.025488 
-0.0426946 -0.0354577 -0.00146389 
0.0669059 -0.0273888 -0.149278 
0.0147731 -0.04914 -0.185895 
0.0235605 -0.04914 -0.3653 
0.0135282 -0.04914 -0.16379 
0.0184824 0.0225267 -0.0424046 
0.0108554 -0.04024 -0.20795 
0.0580607 0.00610185 -0.321433 
-0.00312475 -0.0233616 -0.0198705 
-0.00263173 0.0579025 0.00905915 
0.0392041 -0.04914 -0.392772 
-0.0210967 -0.06064 -0.0178241 
0.0374521 0.04816 -0.201114 
0.00606686 -0.05964 0.0410085 
0.0652166 0.014892 -0.261923 
-0.0315766 -0.0208377 0.0113481 
0.0156445 0.03645 -0.1788 
-0.00911852 0.05174 -0.0365431 
0.0418269 -0.0325624 -0.271588 
0.0110834 -0.04654 -0.018148 
0.0283318 -0.0357676 0.0229782 
0.0555413 -0.00985839 -0.337747 
0.00487192 0.0110125 0.0147334 
0.0648782 -0.0112711 -0.265928 
0.0226437 0.0639354 -0.0748238 
-0.0349009 0.06636 -0.00161325 
-0.00220162 -0.0366004 -0.0110845 
0.0103921 0.06399059999999999 -0.009364849999999999 
0.0221641 0.00275509 0.0234864 
0.0256357 -0.0176878 -0.0294241 
-0.0141456 0.0070125 -0.0336154 
0.00611413 -0.0347624 -0.256978 
0.0684954 0.0190027 -0.153353 
-0.0117958 -0.0126555 0.0258618 
-0.0102709 -0.04914 -0.398516 
0.0269202 -0.04914 -0.189271 
0.0258219 0.00443779 0.0147806 
0.0214644 0.05601 0.0313395 
0.0653637 0.044095 -0.125548 
0.0524304 0.0607901 -0.0795273 
0.00650461 0.06636 0.0323073 
-0.00988724 -0.04154 -0.00318324 
0.00273397 0.0284106 0.0258773 
0.0529745 -0.0506395 -0.186 
0.0165232 0.0447025 -0.00405053 
0.018044 -0.03944 -0.233131 
-0.0157183 -0.052899 -0.176547 
0.0340045 -0.03844 -0.231802 
0.015276 -0.0306869 0.0240737 
-0.0238881 0.06001 0.0161785 
0.0263641 -0.04914 -0.257338 
-0.00354527 -0.0254973 -0.0254444 
-0.0062928 0.05736 -0.258381 
0.0134208 -0.0285904 -0.247973 
0.0390164 0.0557244 -0.355896 
-0.00708244 0.05586 -0.284186 
-0.0104538 0.05736 -0.282861 
0.0484899 0.0441995 0.000115919 
-0.0125317 -0.0108941 0.0325178 
0.0293551 0.0597476 -0.392478 
0.06267060000000001 -0.0458222 -0.211186 
0.044098 -0.0354386 -0.236747 
0.0609963 0.0158712 -0.288832 
0.0269999 -0.04914 -0.157279 
0.0103512 -0.05064 -0.288375 
0.0434437 0.0500089 -0.225409 
-0.00228756 0.0300837 -0.0306078 
0.0438273 -0.0632017 -0.0236573 
0.000442801 0.0589177 -0.0630348 
0.0476576 -0.0538742 -0.0262329 
0.0475773 -0.0364015 -0.359166 
0.0196574 0.000470524 0.0226899 
-0.0357779 0.0587935 -0.08638750000000001 
-0.008927829999999999 -0.0181372 -0.0261045 
-0.0377399 -0.0390375 -0.0002137 
-0.010765 0.0428735 0.0231771 
-0.00485537 0.06086 -0.39509 
-0.0153774 -0.0311175 -0.0086607 
0.00395253 -0.0152436 0.00695037 
-0.00771372 0.00471579 -0.0205033 
0.0238625 0.01796 0.008353650000000001 
0.0518817 0.0224455 -0.349549 
-0.0204526 0.0267704 0.0405874 
0.041955 -0.05064 -0.252004 
-0.0204773 -0.0252139 0.00934108 
0.0303179 -0.0360375 -0.0283644 
-0.0247015 -0.0360375 0.0317035 
-0.0292629 -0.04864 -0.0408739 
0.0501163 -0.0506023 -0.293619 
0.0578677 -0.041478 -0.313718 
-0.0119143 0.0605643 -0.359311 
-0.0288686 0.0368672 0.0300353 
0.0660104 0.00159341 -0.22293 
0.0314113 0.05426 -0.231924 
0.0292992 0.05736 -0.224468 
0.0672285 0.008755580000000001 -0.196533 
-0.00763984 -0.0165565 -0.0299705 
0.008391839999999999 -0.008337499999999999 0.0283626 
0.0199007 0.04816 -0.202581 
-0.0195683 -0.05414 -0.148309 
-0.00559259 -0.000987499 -7.42234e-05 
0.00200389 -0.04914 -0.22049 
0.0358808 0.05143 -0.234582 
0.0181317 0.0609029 -0.0181339 
0.00336922 0.06626310000000001 0.0138115 
0.00911666 0.005694 -0.00200516 
-0.0169168 0.0294382 -0.0188348 
0.0112083 -0.0328625 -0.0342494 
-0.00359587 -0.05354 0.0218799 
0.0682992 0.0452209 -0.182989 
-0.0166098 0.0581664 -0.0883733 
-0.0257464 -0.00166819 -0.0143101 
0.0510212 0.03406 -0.228636 
-0.030564 -0.05964 0.0262954 
-0.0318848 0.0593145 -0.0717395 
0.0124361 -0.0512634 -0.2672 
0.0564665 0.00647944 -0.305042 
-0.0239677 0.0470827 0.00292205 
-0.00953997 -0.0340643 -0.0346524 
-0.0108598 -0.0269944 -0.0186711 
0.0369651 -0.0541101 -0.329548 
-0.0305855 0.06836 0.0239345 
0.0147189 -0.047401 -0.250723 
-0.0347949 -0.0563164 -0.0840053 
0.0288994 -0.0326875 0.0184261 
0.016171 -0.0205729 0.023465 
0.0105872 -0.0412056 -0.201553 
0.0168462 0.04446 -0.227186 
-0.0326483 -0.0496158 -0.102792 
0.0110591 -0.02969 -0.00410131 
0.0303714 0.0460356 0.000746948 
0.0477181 0.0641699 0.0171 
0.0200977 -0.0452224 -0.273806 
0.0162019 -0.05414 -0.165796 
0.0117436 -0.0135541 -0.028037 
0.0179725 0.06136 -0.0449759 
0.0248285 -0.0326938 -0.269778 
0.0199553 0.05601 -0.0256736 
-0.0165894 -0.0102733 -0.0225125 
0.0275085 -0.047435 -0.211305 
0.027297 0.0643147 0.0177403 
0.00555391 -0.000932382 0.00574456 
0.00953235 0.0488437 -0.0222611 
0.0681021 -0.0373281 -0.14902 
-0.00627104 -0.0506622 -0.117753 
-0.00714509 -0.04854 0.00500474 
0.0545203 0.0568001 -0.0275289 
0.00297093 0.057811 -0.0248339 
-0.0437532 -0.05464 -0.0185342 
-0.00790487 0.0107639 0.000253249 
0.0341606 0.0043643 0.0222019 
0.0253411 -0.0316875 -0.0179664 
0.0232977 0.04617 -0.185871 
0.0432126 0.0434105 0.0042073 
0.0154764 -0.0586684 -0.0366235 
0.00850005 0.0489447 0.024553 
0.0291684 0.0070125 0.0118096 
0.0490311 0.0607193 -0.128211 
0.0379427 -0.0399925 -0.236028 
0.0467592 0.0607607 -0.255668 
-0.00439705 0.05736 -0.256451 
0.0523394 -0.0464879 -0.330088 
0.0148055 -0.0447792 0.00892363 
0.0577894 0.0198142 -0.313504 
0.06392390000000001 0.0429856 -0.239091 
0.0673853 0.0196916 -0.169655 
-0.0197772 0.00507269 -0.0341413 
-0.00156538 -0.0493521 -0.07305589999999999 
0.0448451 0.04066 -0.212676 
0.032677 -0.03774 -0.20403 
-0.0072967 0.05586 -0.162469 
-0.00335355 -0.00400243 -0.00604975 
0.0287289 -0.0455012 -0.399312 
0.0235311 0.05586 -0.268416 
-0.0153554 -0.05154 -0.0305988 
0.06677959999999999 -0.0397967 -0.224416 
0.0382559 -0.0491347 -0.321604 
-0.0400588 -0.0606259 -0.0187954 
0.0682499 0.0033614 -0.142872 
-0.0309671 0.05586 -0.380353 
0.0303569 0.06136 0.0270488 
0.00587302 0.00657007 -0.00645067 
-0.0226809 0.0228912 0.0106804 
-0.00747704 -0.0235118 0.0111572 
0.0407894 0.05901 -0.0124174 
0.0308562 0.0439624 0.00715822 
0.00108104 0.049976 -0.0730097 
-0.00270429 0.0588201 -0.09815119999999999 
-0.0421504 0.0185059 0.0155608 
0.0160951 0.0264847 -0.0267566 
0.0172848 0.00268548 -0.036453 
0.00435347 -0.05414 -0.411548 
-0.000274179 0.0624025 0.0150257 
-0.0361215 0.0670983 0.0266899 
-0.0302069 -0.0539456 -0.118839 
0.0127674 -0.0436398 -0.022558 
0.0236258 0.0351135 0.00172637 
-0.00198676 0.0653294 -0.0697325 
-0.00848985 0.0354068 -0.0292992 
0.0443484 -0.0295363 -0.259536 
-0.0244361 0.0601588 -0.08159660000000001 
0.0483319 0.0588625 -0.0467973 
-0.022373 -0.00144815 0.003948 
-0.00377244 -0.000987499 0.00289964 
-0.0372738 0.0132579 0.00862943 
0.0316312 0.00425396 -0.0256352 
-0.00321904 0.0458303 0.0269392 
-0.009987579999999999 0.05201 -0.0466328 
-0.0129062 0.065094 -0.0109691 
-0.0223945 0.0379503 -0.0395934 
0.00123247 -0.0306875 -0.0260692 
0.0619571 -0.0378225 -0.289816 
-0.0227964 0.0585008 -0.083443 
0.00945821 0.0589037 -0.0175064 
-0.00147142 -0.05064 -0.237129 
0.00422558 0.05901 0.0365728 
-0.00553099 0.00576836 0.00469578 
0.044409 0.05586 -0.195962 
0.0611248 0.0261279 -0.29918 
0.053721 -0.0292779 -0.339408 
0.0149076 -0.0325594 -0.200358 
-0.0176835 -0.0329334 -0.0278549 
0.0208408 0.05088 -0.0319926 
0.00512212 0.00698665 0.0138824 
-0.0448419 0.0143962 -0.00253634 
-0.0254274 0.0496974 -0.00541144 
0.0128351 0.05736 -0.296334 
0.0182795 0.00705516 0.0322178 
0.0145025 -0.008437500000000001 0.0141971 
0.0276606 0.05586 -0.339254 
0.0507859 0.0615347 -0.0325921 
0.0390342 -0.0547101 0.007840079999999999 
0.0419733 0.05901 0.010084 
-0.00904829 -0.05354 0.0233926 
-0.0215075 0.05736 -0.371507 
0.0251605 0.0360413 -0.00958902 
0.00504659 -0.027021 0.0321098 
-0.00899049 -0.05414 -0.166775 
0.0470103 0.03866 -0.22021 
0.0284541 -0.05064 -0.118222 
-0.010021 -0.05064 -0.291627 
-0.0110291 -0.0200082 0.0179411 
0.008479270000000001 0.0145963 -0.025775 
0.041486 -0.042886 -0.260965 
0.016663 -0.05064 -0.281504 
0.0208026 -0.0123214 0.0190354 
0.0314246 0.05586 -0.294451 
0.0584982 0.0549539 -0.270786 
-0.00747368 0.0382911 0.0290291 
0.0492825 0.0508932 -0.32696 
0.0215151 -0.0283394 0.00709493 
0.0472431 0.03866 -0.191835 
0.0217925 -0.0585119 -0.0457015 
0.0293322 -0.04914 -0.215901 
0.0651986 -0.0329424 -0.0947841 
0.0530295 0.0582911 -0.120206 
0.0273107 0.05046 0.0050174 
0.0221058 0.0604668 -0.33388 
-0.0295649 -0.0537531 -0.0134664 
-0.0214129 -0.008337499999999999 -0.000607651 
0.0212378 0.06086 -0.401691 
-0.00922621 0.0564787 -0.0144385 
0.0130049 0.053655 -0.201714 
0.0677672 -0.0389281 -0.151842 
-0.0212318 0.061804 -0.0921043 
0.050976 -0.0539491 -0.172911 
0.0139808 0.06136 -0.0515325 
0.0226562 0.0255764 0.0362682 
-0.0105763 -0.05464 -0.0469367 
-0.001665 0.00657345 -0.00294712 
0.0229607 -0.0239961 -0.0173287 
0.0595197 0.0527677 -0.08744979999999999 
0.0396053 0.05736 -0.208378 
-0.0142882 0.0565205 0.019377 
-0.0223309 -0.0163099 -0.0104873 
0.00954968 -0.05064 -0.24339 
0.0297316 0.0353711 0.00921599 
0.0219076 0.0486363 -0.247508 
-0.012482 -0.04914 -0.226238 
-0.00996374 -0.05554 -0.00430368 
0.0687823 -0.0107059 -0.164374 
0.0229101 0.037023 0.00591913 
0.0181432 -0.0501613 -0.360866 
-0.008264199999999999 -0.05554 -0.0270457 
0.0546088 0.031308 -0.334081 
0.0371273 0.04066 -0.181537 
0.000540935 0.00696053 -0.01812 
0.00543037 0.0623969 0.0496297 
0.0526913 0.0484416 -0.34637 
0.0620121 -0.0341649 -0.104652 
-0.0176234 0.0458269 -0.0204023 
0.0479818 0.03326 -0.197416 
-0.008463689999999999 0.06136 0.0384043 
-0.0200616 -0.0196875 0.0163051 
0.0178031 0.0514802 -0.00823314 
-0.020714 0.00588075 0.00816416 
-0.0194972 -0.04654 0.0109195 
-0.0112232 0.0156434 0.0226707 
-0.0138815 -0.022003 -0.008569439999999999 
-0.00342308 -0.02007 -0.0345639 
0.046297 -0.0514372 -0.134825 
-0.00329529 0.0586117 -0.197112 
0.0329644 -0.03394 -0.199355 
-0.0270369 0.05174 -0.0268875 
0.0540136 -0.0504873 -0.0111896 
0.0390567 -0.0329999 -0.210372 
0.0335964 -0.0534778 -0.0809479 
0.030683 -0.04144 -0.183295 
-0.0053511 -0.0132977 0.00394524 
0.0153633 -0.0162382 0.0255466 
0.0343306 -0.0333587 -0.00422632 
0.0171804 -0.0260704 -0.00736598 
0.0115122 0.05586 -0.283372 
0.0257537 -0.04914 -0.267169 
0.0370817 0.0380907 -0.185726 
0.0654159 -0.00294512 -0.0974025 
-0.0225926 0.05586 -0.364118 
0.00632775 0.00954665 0.0451744 
0.0312306 -0.03194 -0.189945 
-0.0406157 0.06636 -0.00549072 
-0.0348621 -0.05464 -0.0317946 
-0.00253835 -0.0264684 -0.0216453 
0.0306112 -0.03194 -0.227262 
0.0172682 -0.0151773 -0.0161246 
0.00301464 0.0456837 -0.0170293 
-0.0235168 -0.05354 0.00416622 
0.0132087 0.06086 -0.196612 
0.0320773 -0.05064 -0.348987 
0.0105243 0.0502015 0.030554 
0.040986 -0.037385 -0.179239 
0.0327268 -0.00261744 0.00077073 
0.0222273 0.0294563 0.0407632 
0.00165005 0.05586 -0.231401 
0.0142802 -0.0516028 -0.0876122 
-0.0378309 0.0418351 -0.0169977 
0.0122718 0.0403345 -0.215439 
-0.00678439 0.01276 0.0186208 
-0.0305217 -0.06064 -0.00747818 
0.0301611 -0.05554 -0.000866418 
0.0289364 0.05736 -0.124823 
0.0068659 0.0176657 0.0009936420000000001 
0.06528009999999999 -0.0140989 -0.261177 
0.00626557 0.0631597 -0.00442763 
0.00731688 -0.0515956 0.0346812 
0.0392451 0.0486785 0.0215649 
0.0124824 0.0111544 -0.0443765 
0.00514754 0.05736 -0.191547 
0.0380234 0.0592974 -0.382971 
0.0610623 0.0545962 -0.19046 
0.0434342 0.0638474 0.026059 
0.0264494 0.0161468 -0.00340616 
-0.0139685 -0.0529944 0.0107847 
-0.008524179999999999 0.0584232 -0.218842 
0.0228623 0.00540527 0.0364296 
0.0468519 0.0585111 -0.146395 
-0.0161016 0.00564364 0.0244976 
-0.00917576 -0.04654 -0.0186149 
0.0391895 -0.047401 -0.266668 
-0.00358885 -0.04914 -0.22749 
0.0109329 0.00635653 -0.0190878 
0.0578628 -0.0159578 -0.323087 
0.00404592 -0.000509557 -0.0100848 
0.0453245 0.06086 -0.257756 
0.0125458 0.00615819 -0.0290267 
0.0453468 0.03866 -0.234609 
-0.0221206 0.0583409 -0.270645 
0.0225907 0.0187859 0.0364056 
-0.0114094 -0.0593768 -0.0274249 
0.0413259 0.0360383 0.0219654 
0.0651622 -0.0206297 -0.0943449 
0.0125537 0.0138252 0.00253587 
0.06782680000000001 -0.0140137 -0.134366 
-0.000991661 0.05586 -0.322693 
-0.0106844 0.0190125 0.0153213 
-0.0303891 -0.0268829 -0.0221009 
0.0354694 -0.04144 -0.209457 
0.0361349 0.00640041 -0.0237755 
0.027912 0.05736 -0.174102 
0.0340478 -0.05414 -0.390467 
0.0287327 -0.05411 -0.165299 
0.0112252 -0.0543145 -0.112454 
0.0354336 -0.0122497 -0.00741049 
0.0124719 0.00575486 0.0112279 
0.0112868 0.04066 -0.179135 
0.0062187 0.05086 -0.263736 
0.0444555 -0.03194 -0.190113 
0.0595608 -0.0458372 -0.0811438 
-0.00270009 0.0589025 -0.0106324 
0.0408051 0.05586 -0.384386 
0.00699688 0.0151488 0.0293854 
0.0423873 0.04491 -0.00777615 
-0.0281685 -0.0532488 -0.0667412 
0.017822 -0.00652568 -0.0240706 
0.0285025 0.00514289 -0.0323318 
0.0594296 0.040393 -0.310815 
0.0561264 -0.0285857 -0.334131 
0.0252284 0.0140875 -0.00757784 
0.0102608 0.0516787 0.0161765 
-0.00036046 -0.0524875 -0.0639111 
0.0138689 -0.047435 -0.218767 
0.0667003 0.0451365 -0.19922 
0.06405230000000001 -0.0458011 -0.220566 
0.0488121 0.00469798 -0.363719 
0.023677 0.06086 -0.39018 
-0.0119196 0.0615566 -0.0289756 
-0.0136794 0.00102301 0.0103012 
-0.00793927 0.0372983 -0.0208332 
0.068729 0.014269 -0.19592 
0.00992618 0.008494369999999999 -0.023643 
0.0500122 0.0607206 -0.205928 
0.0387595 -0.0558029 -0.0102954 
0.06680560000000001 0.0171875 -0.146003 
0.0156911 -0.0269904 -0.260674 
3 735 569 44 
3 663 766 507 
3 569 766 44 
3 766 11 44 
3 766 386 11 
3 847 663 507 
3 243 735 44 
3 735 764 569 
3 243 764 735 
3 621 778 507 
3 778 621 569 
3 766 621 507 
3 621 766 569 
3 386 451 11 
3 451 766 663 
3 766 451 386 
3 718 891 936 
3 619 696 234 
3 540 778 569 
3 764 540 569 
3 764 525 577 
3 525 764 243 
3 669 525 585 
3 600 654 577 
3 778 217 507 
3 597 217 778 
3 352 217 597 
3 352 847 507 
3 217 352 507 
3 597 989 975 
3 718 58 891 
3 619 92 696 
3 58 92 133 
3 370 718 936 
3 730 27 891 
3 696 122 234 
3 122 994 234 
3 867 619 234 
3 11 499 44 
3 224 918 936 
3 255 764 577 
3 255 540 764 
3 540 255 778 
3 654 255 577 
3 255 654 778 
3 654 377 891 
3 377 654 600 
3 965 597 778 
3 654 965 778 
3 125 597 975 
3 125 352 597 
3 352 125 847 
3 847 125 663 
3 676 982 597 
3 841 730 891 
3 58 841 891 
3 733 58 718 
3 733 92 58 
3 145 733 718 
3 92 145 696 
3 733 145 92 
3 291 370 936 
3 472 654 891 
3 27 472 891 
3 406 243 44 
3 499 406 44 
3 101 600 224 
3 101 377 600 
3 101 224 936 
3 891 101 936 
3 377 101 891 
3 398 654 545 
3 748 676 597 
3 965 748 597 
3 584 125 370 
3 561 58 133 
3 561 841 58 
3 92 956 133 
3 956 561 133 
3 561 956 841 
3 370 123 718 
3 123 370 325 
3 934 125 975 
3 780 499 11 
3 780 669 585 
3 780 291 669 
3 406 780 243 
3 780 406 499 
3 525 780 585 
3 780 525 243 
3 874 291 936 
3 918 874 936 
3 874 918 224 
3 600 874 224 
3 874 600 577 
3 525 874 577 
3 874 525 669 
3 291 874 669 
3 472 252 654 
3 252 472 27 
3 654 252 545 
3 308 368 947 
3 805 368 308 
3 805 253 981 
3 253 805 601 
3 798 982 676 
3 248 867 234 
3 867 248 730 
3 248 762 730 
3 236 748 965 
3 236 965 654 
3 398 236 654 
3 988 252 762 
3 252 988 545 
3 988 398 545 
3 63 989 597 
3 982 63 597 
3 989 63 975 
3 63 544 975 
3 544 594 981 
3 368 594 947 
3 594 805 981 
3 805 594 368 
3 461 934 975 
3 934 461 125 
3 125 461 370 
3 303 92 619 
3 867 303 619 
3 841 2 730 
3 2 958 730 
3 209 145 718 
3 123 209 718 
3 209 123 145 
3 253 390 834 
3 145 390 696 
3 390 122 696 
3 122 390 994 
3 390 253 601 
3 708 780 11 
3 708 451 663 
3 451 708 11 
3 125 708 663 
3 584 708 125 
3 762 850 730 
3 252 850 762 
3 850 27 730 
3 850 252 27 
3 467 805 308 
3 601 467 372 
3 805 467 601 
3 928 248 601 
3 251 798 762 
3 248 251 762 
3 928 251 248 
3 467 251 372 
3 251 467 308 
3 251 308 947 
3 982 251 947 
3 798 251 982 
3 248 335 601 
3 390 335 994 
3 335 390 601 
3 994 335 234 
3 335 248 234 
3 236 326 748 
3 326 988 748 
3 326 236 398 
3 988 326 398 
3 798 265 762 
3 265 988 762 
3 265 798 676 
3 748 265 676 
3 988 265 748 
3 608 63 982 
3 253 345 981 
3 345 253 834 
3 461 345 834 
3 461 158 325 
3 158 461 834 
3 390 158 834 
3 158 390 145 
3 158 123 325 
3 123 158 145 
3 370 86 325 
3 86 461 325 
3 461 86 370 
3 765 303 867 
3 765 867 730 
3 958 765 730 
3 199 956 92 
3 956 199 841 
3 2 526 958 
3 526 765 958 
3 303 526 92 
3 765 526 303 
3 291 455 370 
3 780 455 291 
3 708 455 780 
3 610 601 372 
3 610 928 601 
3 251 610 372 
3 610 251 928 
3 422 594 544 
3 63 422 544 
3 608 422 63 
3 594 422 947 
3 422 982 947 
3 422 608 982 
3 875 544 981 
3 345 875 981 
3 544 875 975 
3 875 461 975 
3 875 345 461 
3 526 282 92 
3 282 526 2 
3 282 199 92 
3 282 2 841 
3 199 282 841 
3 455 708 584 
3 455 584 370 
Vertices and facets:
- p735(v12): -0.044 -0.055 -0.019
  neighbors: f33 f83 f87 f91
- p569(v7): -0.028 -0.049 -0.37
  neighbors: f33 f47 f87 f93 f95 f167 f168
- p44(v1): -0.049  0.05 -0.0037
  neighbors: f33 f47 f48 f83 f250 f359 f360
- p766(v15): -0.031 0.056 -0.38
  neighbors: f44 f47 f48 f49 f94 f95 f109 f110
- p663(v5): -0.0049 0.061  -0.4
  neighbors: f44 f58 f109 f286 f527 f529
- p507(v4): 0.0035 -0.049 -0.41
  neighbors: f44 f58 f92 f94 f189 f196 f197
- p11(v11): -0.045 0.066 -0.0053
  neighbors: f48 f49 f108 f250 f429 f526 f528
- p386(v14): -0.03 0.058 -0.36
  neighbors: f49 f108 f110
- p847(v18): 0.021 0.061  -0.4
  neighbors: f58 f196 f283 f286
- p243(v24): -0.042 -0.055 0.022
  neighbors: f83 f91 f172 f359 f432 f435
- p764(v25): -0.04 -0.061 -0.019
  neighbors: f87 f91 f168 f171 f172 f262 f263
- p621(v26): -0.01 -0.049  -0.4
  neighbors: f92 f93 f94 f95
- p778(v13): 0.0044 -0.054 -0.41
  neighbors: f92 f93 f167 f189 f190 f264 f266 f276 f277
- p451(v29): -0.023 0.061 -0.35
  neighbors: f108 f109 f110 f527 f528
- p718(v30): 0.048 0.064 0.017
  neighbors: f111 f203 f222 f307 f311 f408 f512 f513
- p891(v17): 0.054 -0.05 -0.011
  neighbors: f111 f203 f225 f271 f299 f300 f334 f335 f368 f369
- p936(v6): 0.043 0.064 0.026
  neighbors: f111 f222 f259 f322 f367 f368 f436 f437
- p619(v32): 0.068 0.019 -0.15
  neighbors: f124 f207 f242 f504 f506
- p696(v20): 0.068 0.045 -0.18
  neighbors: f124 f207 f236 f312 f516 f517
- p234(v2): 0.069 0.014 -0.18
  neighbors: f124 f236 f237 f242 f471 f556 f557
- p540(v42): -0.024 -0.054 -0.32
  neighbors: f167 f168 f263 f264
- p525(v43): -0.027 -0.063 0.039
  neighbors: f171 f172 f174 f434 f435 f441 f442
- p577(v3): -0.026 -0.064  0.04
  neighbors: f171 f187 f262 f265 f440 f441
- p669(v35): -0.02 0.027 0.041
  neighbors: f174 f430 f431 f442 f443
- p585(v21): -0.03 0.028 0.034
  neighbors: f174 f430 f434
- p654(v45): 0.044 -0.063 -0.024
  neighbors: f187 f265 f266 f271 f272 f277 f334 f372 f444 f446 f476 f477
- p600(v44): 0.0061 -0.06 0.041
  neighbors: f187 f272 f365 f366 f439 f440
- p217(v46): 0.029 -0.047  -0.4
  neighbors: f189 f190 f195 f197
- p597(v28): 0.039 -0.049 -0.39
  neighbors: f190 f195 f198 f276 f281 f282 f290 f375 f376 f487 f488
- p352(v47): 0.029 0.057  -0.4
  neighbors: f195 f196 f197 f282 f283
- p989(v48): 0.049 0.0047 -0.36
  neighbors: f198 f487 f489
- p975(v9): 0.041 0.056 -0.38
  neighbors: f198 f281 f410 f489 f490 f499 f617 f618
- p58(v49): 0.063  0.01 -0.074
  neighbors: f203 f208 f300 f307 f308 f394 f396
- p92(v50): 0.065 0.034 -0.096
  neighbors: f207 f208 f308 f312 f313 f397 f504 f599 f594 f620 f622
- p133(v16): 0.065 0.021 -0.09
  neighbors: f208 f394 f397 f399
- p370(v52): 0.041 0.068 0.018
  neighbors: f222 f322 f385 f408 f409 f503 f584 f586 f601 f626
- p27(v53): 0.065 -0.044 -0.14
  neighbors: f225 f335 f445 f533 f534
- p730(v31): 0.068 -0.037 -0.15
  neighbors: f225 f299 f472 f473 f510 f511 f531 f533 f590 f591
- p122(v55): 0.069 0.019 -0.19
  neighbors: f236 f237 f517 f520
- p994(v33): 0.069 0.014  -0.2
  neighbors: f237 f520 f554 f556
- p867(v56): 0.069 -0.011 -0.16
  neighbors: f242 f471 f472 f506 f589 f590
- p499(v58): -0.046 0.061 0.0042
  neighbors: f250 f360 f429 f433
- p918(v60): 0.022 0.029 0.041
  neighbors: f259 f437 f438
- p224(v40): 0.023 -0.036 0.039
  neighbors: f259 f365 f367 f438 f439
- p255(v61): -0.027 -0.063 -0.025
  neighbors: f262 f263 f264 f265 f266
- p377(v63): 0.039 -0.057 0.012
  neighbors: f271 f272 f366 f369
- p965(v64): 0.034 -0.054 -0.39
  neighbors: f276 f277 f376 f474 f476
- p125(v65): 0.031 0.062  -0.4
  neighbors: f281 f282 f283 f286 f385 f410 f501 f503 f529 f530
- p982(v66): 0.056 -0.029 -0.33
  neighbors: f290 f462 f488 f551 f552 f567 f613 f614
- p676(v54): 0.058 -0.041 -0.31
  neighbors: f290 f375 f462 f564 f565
- p841(v68): 0.065 -0.033 -0.095
  neighbors: f299 f300 f396 f400 f510 f595 f623 f624
- p733(v69): 0.055 0.057 -0.028
  neighbors: f307 f308 f311 f313
- p145(v70): 0.066 0.049 -0.15
  neighbors: f311 f312 f313 f512 f514 f516 f581 f583
- p291(v72): 0.0031 0.066 0.048
  neighbors: f322 f431 f436 f443 f601 f603
- p472(v73):  0.06 -0.048 -0.085
  neighbors: f334 f335 f444 f445
- p406(v78): -0.049  0.05 -0.0015
  neighbors: f359 f360 f432 f433
- p101(v80): 0.032 -0.055 0.024
  neighbors: f365 f366 f367 f368 f369
- p398(v81): 0.052 -0.053 -0.24
  neighbors: f372 f477 f481 f560 f561
- p545(v8): 0.059 -0.051 -0.15
  neighbors: f372 f446 f480 f481
- p748(v82): 0.052 -0.046 -0.33
  neighbors: f375 f376 f474 f558 f559 f565 f566
- p584(v84): 0.017 0.068 -0.037
  neighbors: f385 f530 f625 f626
- p561(v86): 0.065 -0.01 -0.09
  neighbors: f394 f396 f399 f400
- p956(v87): 0.065 -0.021 -0.094
  neighbors: f397 f399 f400 f594 f595
- p123(v89):  0.06 0.057 -0.16
  neighbors: f408 f409 f513 f514 f582 f583
- p325(v51): 0.058 0.059  -0.2
  neighbors: f409 f578 f582 f584 f585
- p934(v90): 0.038 0.059 -0.38
  neighbors: f410 f499 f501
- p780(v93): -0.036 0.067 0.027
  neighbors: f429 f430 f431 f432 f433 f434 f435 f526 f603 f604
- p874(v94): 0.0054 0.062  0.05
  neighbors: f436 f437 f438 f439 f440 f441 f442 f443
- p252(v95): 0.064 -0.046 -0.16
  neighbors: f444 f445 f446 f478 f480 f532 f534
- p368(v96): 0.059 0.0017 -0.32
  neighbors: f452 f457 f493 f495
- p308(v75): 0.061 -0.0061  -0.3
  neighbors: f452 f457 f535 f549 f550
- p947(v19): 0.058 -0.016 -0.32
  neighbors: f452 f493 f550 f551 f612 f613
- p805(v97): 0.061 0.026  -0.3
  neighbors: f457 f458 f459 f494 f495 f535 f539
- p253(v92): 0.065 0.045 -0.26
  neighbors: f458 f459 f515 f522 f573 f576
- p981(v34): 0.059  0.04 -0.31
  neighbors: f458 f492 f494 f573 f615 f616
- p601(v76): 0.065 0.015 -0.26
  neighbors: f459 f522 f538 f539 f555 f543 f553 f605 f606
- p798(v98): 0.062 -0.038 -0.29
  neighbors: f462 f544 f552 f562 f564
- p248(v99): 0.068 -0.029 -0.21
  neighbors: f471 f472 f473 f543 f545 f546 f553 f557
- p762(v77): 0.067 -0.04 -0.22
  neighbors: f473 f478 f531 f532 f544 f545 f562 f563
- p236(v100): 0.045 -0.053 -0.31
  neighbors: f474 f476 f477 f558 f560
- p988(v101): 0.064 -0.046 -0.22
  neighbors: f478 f480 f481 f559 f561 f563 f566
- p63(v102): 0.053  0.01 -0.35
  neighbors: f487 f488 f489 f490 f567 f610 f611
- p544(v85): 0.054 0.042 -0.34
  neighbors: f490 f492 f610 f609 f615 f617
- p594(v103): 0.058 0.0061 -0.32
  neighbors: f492 f493 f494 f495 f609 f612
- p461(v104): 0.044  0.06 -0.36
  neighbors: f499 f501 f503 f586 f577 f578 f579 f585 f618 f619
- p303(v105): 0.068 0.013 -0.15
  neighbors: f504 f506 f589 f599 f600
- p2(v106): 0.067 -0.028 -0.11
  neighbors: f510 f511 f597 f621 f623
- p958(v88): 0.068 -0.014 -0.13
  neighbors: f511 f591 f597 f598
- p209(v107): 0.059 0.056 -0.097
  neighbors: f512 f513 f514
- p390(v108): 0.067 0.046 -0.22
  neighbors: f515 f516 f517 f520 f522 f554 f555 f580 f581
- p834(v71): 0.058 0.055 -0.27
  neighbors: f515 f576 f577 f579 f580
- p708(v109): -0.031 0.068 0.024
  neighbors: f526 f527 f528 f529 f530 f604 f625
- p850(v110): 0.068 -0.039 -0.15
  neighbors: f531 f532 f533 f534
- p467(v111): 0.063 0.00045 -0.28
  neighbors: f535 f538 f539 f548 f549
- p372(v57): 0.064 -0.0092 -0.28
  neighbors: f538 f548 f605 f607
- p928(v112): 0.065 -0.014 -0.26
  neighbors: f546 f543 f606 f608
- p251(v113): 0.063 -0.027 -0.29
  neighbors: f544 f545 f546 f552 f548 f549 f550 f551 f607 f608
- p335(v114): 0.069 -0.01 -0.21
  neighbors: f553 f554 f555 f556 f557
- p326(v115): 0.054 -0.049 -0.28
  neighbors: f558 f559 f560 f561
- p265(v116): 0.061 -0.041 -0.29
  neighbors: f562 f563 f564 f565 f566
- p608(v117): 0.056 -0.0099 -0.34
  neighbors: f567 f611 f614
- p345(v118): 0.057 0.051 -0.31
  neighbors: f577 f573 f576 f616 f619
- p158(v119): 0.059 0.055 -0.26
  neighbors: f578 f579 f580 f581 f582 f583
- p86(v120): 0.047 0.061 -0.28
  neighbors: f584 f585 f586
- p765(v121): 0.068 0.0034 -0.14
  neighbors: f589 f590 f591 f598 f600
- p199(v122): 0.066 -0.011 -0.099
  neighbors: f595 f594 f622 f624
- p526(v123): 0.067 0.0094 -0.13
  neighbors: f600 f597 f598 f599 f620 f621
- p455(v124): -0.0033 0.068 0.043
  neighbors: f601 f603 f604 f625 f626
- p610(v125): 0.065 -0.011 -0.27
  neighbors: f605 f606 f607 f608
- p422(v126): 0.056 0.0083 -0.34
  neighbors: f609 f610 f611 f612 f613 f614
- p875(v127): 0.053 0.048 -0.35
  neighbors: f615 f616 f617 f618 f619
- p282(v128): 0.066 -0.0023 -0.11
  neighbors: f620 f621 f622 f623 f624
- f33
    - flags: top simplicial
    - normal:    -0.998 -0.04164 -0.04736
    - offset: -0.0468193
    - vertices: p735(v12) p569(v7) p44(v1)
    - neighboring facets: f47 f83 f87
- f44
    - flags: bottom simplicial
    - normal:   -0.5039   0.1042  -0.8575
    - offset: -0.3475627
    - vertices: p766(v15) p663(v5) p507(v4)
    - neighboring facets: f58 f94 f109
- f47
    - flags: bottom simplicial
    - normal:   -0.9981 -0.03957 -0.04793
    - offset: -0.04692881
    - vertices: p766(v15) p569(v7) p44(v1)
    - neighboring facets: f33 f48 f95
- f48
    - flags: top simplicial
    - normal:   -0.9778   0.2048 -0.04342
    - offset: -0.05823757
    - vertices: p766(v15) p11(v11) p44(v1)
    - neighboring facets: f250 f47 f49
- f49
    - flags: top simplicial
    - normal:   -0.6448   0.7629 -0.04641
    - offset:  -0.080236
    - vertices: p766(v15) p386(v14) p11(v11)
    - neighboring facets: f108 f48 f110
- f58
    - flags: top simplicial
    - normal:   -0.2428   0.1411  -0.9598
    - offset:  -0.388958
    - vertices: p847(v18) p663(v5) p507(v4)
    - neighboring facets: f44 f196 f286
- f83
    - flags: top simplicial
    - normal:   -0.9976  -0.0543  0.04223
    - offset: -0.04583387
    - vertices: p243(v24) p735(v12) p44(v1)
    - neighboring facets: f33 f359 f91
- f87
    - flags: bottom simplicial
    - normal:   -0.8509  -0.5231 -0.04811
    - offset: -0.06670347
    - vertices: p764(v25) p735(v12) p569(v7)
    - neighboring facets: f33 f168 f91
- f91
    - flags: bottom simplicial
    - normal:   -0.8497   -0.526  0.03597
    - offset: -0.06525216
    - vertices: p764(v25) p243(v24) p735(v12)
    - neighboring facets: f83 f87 f172
- f92
    - flags: top simplicial
    - normal:   -0.6874   -0.346  -0.6386
    - offset: -0.2785499
    - vertices: p621(v26) p778(v13) p507(v4)
    - neighboring facets: f189 f94 f93
- f93
    - flags: bottom simplicial
    - normal:   -0.5166  -0.8133  -0.2677
    - offset: -0.1519569
    - vertices: p621(v26) p778(v13) p569(v7)
    - neighboring facets: f167 f95 f92
- f94
    - flags: bottom simplicial
    - normal:   -0.7324 -0.02666  -0.6804
    - offset:  -0.279979
    - vertices: p621(v26) p766(v15) p507(v4)
    - neighboring facets: f44 f92 f95
- f95
    - flags: top simplicial
    - normal:   -0.8839 -0.09499   -0.458
    - offset: -0.1962696
    - vertices: p621(v26) p766(v15) p569(v7)
    - neighboring facets: f47 f93 f94
- f108
    - flags: bottom simplicial
    - normal:   -0.3541   0.9345 -0.03773
    - offset: -0.07839318
    - vertices: p451(v29) p386(v14) p11(v11)
    - neighboring facets: f49 f528 f110
- f109
    - flags: top simplicial
    - normal:   -0.2469   0.9627  -0.1109
    - offset: -0.1036077
    - vertices: p451(v29) p766(v15) p663(v5)
    - neighboring facets: f44 f527 f110
- f110
    - flags: bottom simplicial
    - normal:   -0.3495    0.934 -0.07338
    - offset: -0.0909093
    - vertices: p451(v29) p766(v15) p386(v14)
    - neighboring facets: f49 f108 f109
- f111
    - flags: top simplicial
    - normal:    0.9015 -0.05636    0.429
    - offset: -0.04673899
    - vertices: p718(v30) p891(v17) p936(v6)
    - neighboring facets: f368 f222 f203
- f124
    - flags: top simplicial
    - normal:    0.9997  0.01963  0.01075
    - offset: -0.06720322
    - vertices: p619(v32) p696(v20) p234(v2)
    - neighboring facets: f236 f242 f207
- f167
    - flags: top simplicial
    - normal:   -0.2703  -0.9592 -0.08252
    - offset: -0.08471453
    - vertices: p540(v42) p778(v13) p569(v7)
    - neighboring facets: f93 f168 f264
- f168
    - flags: bottom simplicial
    - normal:   -0.5611  -0.8264 -0.04769
    - offset: -0.07347293
    - vertices: p540(v42) p764(v25) p569(v7)
    - neighboring facets: f87 f167 f263
- f171
    - flags: bottom simplicial
    - normal:   -0.2716  -0.9622  0.01789
    - offset: -0.06888163
    - vertices: p525(v43) p764(v25) p577(v3)
    - neighboring facets: f262 f441 f172
- f172
    - flags: top simplicial
    - normal:   -0.5713  -0.8156  0.09175
    - offset: -0.0706074
    - vertices: p525(v43) p764(v25) p243(v24)
    - neighboring facets: f91 f435 f171
- f174
    - flags: bottom simplicial
    - normal:   -0.5714  0.03028   0.8201
    - offset: -0.0457833
    - vertices: p525(v43) p669(v35) p585(v21)
    - neighboring facets: f430 f434 f442
- f187
    - flags: bottom simplicial
    - normal:    0.1197   -0.985   0.1242
    - offset: -0.06456468
    - vertices: p654(v45) p600(v44) p577(v3)
    - neighboring facets: f440 f265 f272
- f189
    - flags: bottom simplicial
    - normal:    0.4793  -0.2341  -0.8459
    - offset: -0.3628764
    - vertices: p217(v46) p778(v13) p507(v4)
    - neighboring facets: f92 f197 f190
- f190
    - flags: bottom simplicial
    - normal:    0.4859  -0.2878  -0.8253
    - offset: -0.3573335
    - vertices: p217(v46) p597(v28) p778(v13)
    - neighboring facets: f276 f189 f195
- f195
    - flags: top simplicial
    - normal:    0.5609 -0.002597  -0.8279
    - offset: -0.3472834
    - vertices: p352(v47) p217(v46) p597(v28)
    - neighboring facets: f190 f282 f197
- f196
    - flags: top simplicial
    - normal:    0.2518   0.0622  -0.9658
    - offset: -0.3970757
    - vertices: p352(v47) p847(v18) p507(v4)
    - neighboring facets: f58 f197 f283
- f197
    - flags: bottom simplicial
    - normal:    0.4742 -0.002552  -0.8804
    - offset: -0.3657684
    - vertices: p352(v47) p217(v46) p507(v4)
    - neighboring facets: f189 f196 f195
- f198
    - flags: bottom simplicial
    - normal:    0.9423  0.01235  -0.3345
    - offset:  -0.167722
    - vertices: p989(v48) p597(v28) p975(v9)
    - neighboring facets: f281 f489 f487
- f203
    - flags: bottom simplicial
    - normal:    0.9873  0.01526   0.1579
    - offset: -0.0507928
    - vertices: p58(v49) p718(v30) p891(v17)
    - neighboring facets: f111 f300 f307
- f207
    - flags: bottom simplicial
    - normal:    0.9976  0.05458  0.04168
    - offset: -0.06297921
    - vertices: p92(v50) p619(v32) p696(v20)
    - neighboring facets: f124 f312 f504
- f208
    - flags: bottom simplicial
    - normal:    0.9943 0.007396   0.1061
    - offset: -0.05500129
    - vertices: p92(v50) p58(v49) p133(v16)
    - neighboring facets: f394 f397 f308
- f222
    - flags: top simplicial
    - normal:    0.5656   0.7689   0.2981
    - offset: -0.08142802
    - vertices: p370(v52) p718(v30) p936(v6)
    - neighboring facets: f111 f322 f408
- f225
    - flags: bottom simplicial
    - normal:    0.9561  -0.2845  0.07056
    - offset: -0.06521669
    - vertices: p27(v53) p730(v31) p891(v17)
    - neighboring facets: f299 f335 f533
- f236
    - flags: bottom simplicial
    - normal:    0.9998  0.01833 -0.00091
    - offset: -0.0692831
    - vertices: p122(v55) p696(v20) p234(v2)
    - neighboring facets: f124 f237 f517
- f237
    - flags: top simplicial
    - normal:         1 -0.001716 -0.008834
    - offset: -0.0704325
    - vertices: p122(v55) p994(v33) p234(v2)
    - neighboring facets: f556 f236 f520
- f242
    - flags: top simplicial
    - normal:    0.9999 0.004617  0.01358
    - offset: -0.0664929
    - vertices: p867(v56) p619(v32) p234(v2)
    - neighboring facets: f124 f471 f506
- f250
    - flags: bottom simplicial
    - normal:   -0.9712   0.2173  0.09786
    - offset: -0.05802103
    - vertices: p499(v58) p11(v11) p44(v1)
    - neighboring facets: f48 f360 f429
- f259
    - flags: bottom simplicial
    - normal:    0.5846 -0.01361   0.8112
    - offset: -0.04566086
    - vertices: p918(v60) p224(v40) p936(v6)
    - neighboring facets: f367 f437 f438
- f262
    - flags: top simplicial
    - normal:   -0.2029  -0.9792 -4.111e-05
    - offset: -0.0674946
    - vertices: p255(v61) p764(v25) p577(v3)
    - neighboring facets: f171 f265 f263
- f263
    - flags: top simplicial
    - normal:   -0.2178  -0.9755  -0.0327
    - offset: -0.06847585
    - vertices: p255(v61) p540(v42) p764(v25)
    - neighboring facets: f168 f262 f264
- f264
    - flags: bottom simplicial
    - normal:    -0.106  -0.9938 -0.03236
    - offset: -0.06666356
    - vertices: p255(v61) p540(v42) p778(v13)
    - neighboring facets: f167 f266 f263
- f265
    - flags: bottom simplicial
    - normal:  0.003174       -1 -0.003441
    - offset: -0.06342151
    - vertices: p255(v61) p654(v45) p577(v3)
    - neighboring facets: f187 f262 f266
- f266
    - flags: top simplicial
    - normal:  0.003628  -0.9997 -0.02372
    - offset: -0.06390376
    - vertices: p255(v61) p654(v45) p778(v13)
    - neighboring facets: f277 f264 f265
- f271
    - flags: bottom simplicial
    - normal:    0.6373  -0.7356   0.2295
    - offset: -0.06899678
    - vertices: p377(v63) p654(v45) p891(v17)
    - neighboring facets: f334 f369 f272
- f272
    - flags: top simplicial
    - normal:    0.2791   -0.936   0.2145
    - offset: -0.0663133
    - vertices: p377(v63) p654(v45) p600(v44)
    - neighboring facets: f187 f366 f271
- f276
    - flags: top simplicial
    - normal:    0.4149  -0.6973  -0.5845
    - offset: -0.2800887
    - vertices: p965(v64) p597(v28) p778(v13)
    - neighboring facets: f190 f277 f376
- f277
    - flags: bottom simplicial
    - normal:   0.01787  -0.9995 -0.02517
    - offset: -0.06455012
    - vertices: p965(v64) p654(v45) p778(v13)
    - neighboring facets: f266 f276 f476
- f281
    - flags: top simplicial
    - normal:     0.817  0.03352  -0.5757
    - offset: -0.2565064
    - vertices: p125(v65) p597(v28) p975(v9)
    - neighboring facets: f198 f410 f282
- f282
    - flags: top simplicial
    - normal:    0.7321  0.02341  -0.6808
    - offset: -0.2949327
    - vertices: p125(v65) p352(v47) p597(v28)
    - neighboring facets: f195 f281 f283
- f283
    - flags: bottom simplicial
    - normal:    0.3546   0.3005  -0.8854
    - offset: -0.3814834
    - vertices: p125(v65) p352(v47) p847(v18)
    - neighboring facets: f196 f286 f282
- f286
    - flags: bottom simplicial
    - normal:  -0.03553   0.9895  -0.1404
    - offset: -0.1158804
    - vertices: p125(v65) p847(v18) p663(v5)
    - neighboring facets: f58 f529 f283
- f290
    - flags: bottom simplicial
    - normal:     0.958  -0.1983   -0.207
    - offset: -0.1285924
    - vertices: p982(v66) p676(v54) p597(v28)
    - neighboring facets: f375 f488 f462
- f299
    - flags: top simplicial
    - normal:    0.9614  -0.2654  0.07293
    - offset: -0.06451094
    - vertices: p841(v68) p730(v31) p891(v17)
    - neighboring facets: f225 f300 f510
- f300
    - flags: bottom simplicial
    - normal:    0.9915 -0.01494   0.1295
    - offset: -0.0528573
    - vertices: p841(v68) p58(v49) p891(v17)
    - neighboring facets: f203 f299 f396
- f307
    - flags: top simplicial
    - normal:    0.9888   0.0385   0.1443
    - offset: -0.05212137
    - vertices: p733(v69) p58(v49) p718(v30)
    - neighboring facets: f203 f311 f308
- f308
    - flags: top simplicial
    - normal:     0.989  0.04053   0.1424
    - offset: -0.05230306
    - vertices: p733(v69) p92(v50) p58(v49)
    - neighboring facets: f208 f307 f313
- f311
    - flags: top simplicial
    - normal:    0.8825   0.4667  0.05744
    - offset: -0.07304426
    - vertices: p145(v70) p733(v69) p718(v30)
    - neighboring facets: f307 f512 f313
- f312
    - flags: bottom simplicial
    - normal:    0.9952  0.08667  0.04578
    - offset: -0.06351236
    - vertices: p145(v70) p92(v50) p696(v20)
    - neighboring facets: f207 f516 f313
- f313
    - flags: bottom simplicial
    - normal:    0.9736   0.2131  0.08182
    - offset: -0.06293125
    - vertices: p145(v70) p733(v69) p92(v50)
    - neighboring facets: f308 f312 f311
- f322
    - flags: top simplicial
    - normal:    0.2907    0.856   0.4275
    - offset: -0.07841907
    - center: 0.02928391000000001 0.06618913333333334 0.03099083333333334 
    - vertices: p291(v72) p370(v52) p936(v6)
    - neighboring facets: f222 f436 f601
- f334
    - flags: top simplicial
    - normal:    0.7617  -0.6468  0.03725
    - offset: -0.07338321
    - vertices: p472(v73) p654(v45) p891(v17)
    - neighboring facets: f271 f335 f444
- f335
    - flags: bottom simplicial
    - normal:    0.8552  -0.5159  0.04951
    - offset: -0.0716863
    - vertices: p472(v73) p27(v53) p891(v17)
    - neighboring facets: f225 f334 f445
- f359
    - flags: top simplicial
    - normal:   -0.9892 -0.02882   0.1437
    - offset: -0.0463331
    - vertices: p406(v78) p243(v24) p44(v1)
    - neighboring facets: f83 f360 f432
- f360
    - flags: bottom simplicial
    - normal:   -0.9698   0.1475   0.1943
    - offset: -0.05408101
    - vertices: p406(v78) p499(v58) p44(v1)
    - neighboring facets: f250 f359 f433
- f365
    - flags: top simplicial
    - normal:    0.5561   -0.338   0.7593
    - offset: -0.05466672
    - vertices: p101(v80) p600(v44) p224(v40)
    - neighboring facets: f439 f367 f366
- f366
    - flags: top simplicial
    - normal:     0.349  -0.8885   0.2979
    - offset: -0.06732433
    - vertices: p101(v80) p377(v63) p600(v44)
    - neighboring facets: f272 f365 f369
- f367
    - flags: top simplicial
    - normal:    0.8029 -0.08591   0.5899
    - offset: -0.04475984
    - vertices: p101(v80) p224(v40) p936(v6)
    - neighboring facets: f259 f368 f365
- f368
    - flags: bottom simplicial
    - normal:    0.8523 -0.08904   0.5154
    - offset: -0.04476512
    - vertices: p101(v80) p891(v17) p936(v6)
    - neighboring facets: f111 f367 f369
- f369
    - flags: bottom simplicial
    - normal:    0.8309  -0.2884   0.4759
    - offset: -0.05411327
    - vertices: p101(v80) p377(v63) p891(v17)
    - neighboring facets: f271 f368 f366
- f372
    - flags: top simplicial
    - normal:    0.5242  -0.8514 -0.01867
    - offset: -0.07722516
    - vertices: p398(v81) p654(v45) p545(v8)
    - neighboring facets: f446 f481 f477
- f375
    - flags: top simplicial
    - normal:    0.8867  -0.4309  -0.1676
    - offset: -0.1217561
    - vertices: p748(v82) p676(v54) p597(v28)
    - neighboring facets: f290 f376 f565
- f376
    - flags: bottom simplicial
    - normal:    0.6666  -0.7375  -0.1085
    - offset: -0.1049835
    - vertices: p748(v82) p965(v64) p597(v28)
    - neighboring facets: f276 f375 f474
- f385
    - flags: top simplicial
    - normal:   0.03745   0.9992  -0.0165
    - offset: -0.0695444
    - center: 0.029876 0.06619333333333334 -0.1385979 
    - vertices: p584(v84) p125(v65) p370(v52)
    - neighboring facets: f503 f626 f530
    - ridges:
- f394
    - flags: top simplicial
    - normal:    0.9949 -2.555e-06   0.1008
    - offset: -0.0553574
    - vertices: p561(v86) p58(v49) p133(v16)
    - neighboring facets: f208 f399 f396
- f396
    - flags: top simplicial
    - normal:    0.9945 -0.002704   0.1043
    - offset: -0.05505056
    - vertices: p561(v86) p841(v68) p58(v49)
    - neighboring facets: f300 f394 f400
- f397
    - flags: bottom simplicial
    - normal:    0.9959 0.000197  0.09044
    - offset: -0.05635819
    - vertices: p956(v87) p92(v50) p133(v16)
    - neighboring facets: f208 f399 f594
- f399
    - flags: top simplicial
    - normal:    0.9957 -3.746e-05  0.09274
    - offset: -0.05613302
    - vertices: p956(v87) p561(v86) p133(v16)
    - neighboring facets: f394 f397 f400
- f400
    - flags: bottom simplicial
    - normal:    0.9956 -0.0003941  0.09356
    - offset: -0.05605726
    - vertices: p956(v87) p561(v86) p841(v68)
    - neighboring facets: f396 f595 f399
- f408
    - flags: bottom simplicial
    - normal:    0.5471    0.837 0.005238
    - offset: -0.07990988
    - vertices: p123(v89) p370(v52) p718(v30)
    - neighboring facets: f222 f513 f409
- f409
    - flags: top simplicial
    - normal:    0.5035    0.864 -0.001023
    - offset: -0.07983569
    - vertices: p123(v89) p370(v52) p325(v51)
    - neighboring facets: f584 f582 f408
- f410
    - flags: top simplicial
    - normal:    0.7167   0.6656  -0.2081
    - offset: -0.1464216
    - vertices: p934(v90) p125(v65) p975(v9)
    - neighboring facets: f281 f499 f501
- f429
    - flags: top simplicial
    - normal:   -0.8494   0.4712   0.2376
    - offset: -0.06864233
    - vertices: p780(v93) p499(v58) p11(v11)
    - neighboring facets: f250 f526 f433
- f430
    - flags: top simplicial
    - normal:    -0.568  0.06211   0.8207
    - offset: -0.04658878
    - vertices: p780(v93) p669(v35) p585(v21)
    - neighboring facets: f174 f434 f431
- f431
    - flags: top simplicial
    - normal:   -0.4799   0.1133     0.87
    - offset: -0.0481591
    - center: -0.01781715666666667 0.05340956666666666 0.0385708 
    - vertices: p780(v93) p291(v72) p669(v35)
    - neighboring facets: f443 f430 f603
- f432
    - flags: bottom simplicial
    - normal:   -0.9218  0.03029   0.3864
    - offset: -0.04564271
    - vertices: p780(v93) p406(v78) p243(v24)
    - neighboring facets: f359 f435 f433
- f433
    - flags: top simplicial
    - normal:   -0.9247  0.04614   0.3779
    - offset: -0.04658281
    - vertices: p780(v93) p406(v78) p499(v58)
    - neighboring facets: f360 f429 f432
- f434
    - flags: bottom simplicial
    - normal:   -0.7198  0.01702   0.6939
    - offset: -0.04566468
    - vertices: p780(v93) p525(v43) p585(v21)
    - neighboring facets: f174 f430 f435
- f435
    - flags: top simplicial
    - normal:   -0.7504  0.01168   0.6609
    - offset: -0.04552775
    - vertices: p780(v93) p525(v43) p243(v24)
    - neighboring facets: f172 f432 f434
- f436
    - flags: top simplicial
    - normal:     0.447   0.4866   0.7506
    - offset: -0.0700409
    - vertices: p874(v94) p291(v72) p936(v6)
    - neighboring facets: f322 f437 f443
- f437
    - flags: bottom simplicial
    - normal:    0.5256  0.03926   0.8498
    - offset: -0.0474807
    - vertices: p874(v94) p918(v60) p936(v6)
    - neighboring facets: f259 f436 f438
- f438
    - flags: top simplicial
    - normal:    0.4379 -0.01863   0.8988
    - offset: -0.04582381
    - vertices: p874(v94) p918(v60) p224(v40)
    - neighboring facets: f259 f439 f437
- f439
    - flags: bottom simplicial
    - normal:    0.2135 -0.06774   0.9746
    - offset: -0.04530153
    - vertices: p874(v94) p600(v44) p224(v40)
    - neighboring facets: f365 f438 f440
- f440
    - flags: top simplicial
    - normal:  -0.03088  -0.0706    0.997
    - offset: -0.0449095
    - vertices: p874(v94) p600(v44) p577(v3)
    - neighboring facets: f187 f441 f439
- f441
    - flags: bottom simplicial
    - normal:   -0.2641 -0.01075   0.9644
    - offset: -0.04575932
    - vertices: p874(v94) p525(v43) p577(v3)
    - neighboring facets: f171 f440 f442
- f442
    - flags: top simplicial
    - normal:   -0.3446  0.01215   0.9387
    - offset: -0.04547153
    - vertices: p874(v94) p525(v43) p669(v35)
    - neighboring facets: f174 f443 f441
- f443
    - flags: bottom simplicial
    - normal:   -0.3901  0.05002   0.9194
    - offset: -0.04663394
    - vertices: p874(v94) p291(v72) p669(v35)
    - neighboring facets: f431 f442 f436
- f444
    - flags: bottom simplicial
    - normal:    0.7523   -0.658    0.032
    - offset: -0.07380255
    - vertices: p252(v95) p472(v73) p654(v45)
    - neighboring facets: f334 f446 f445
- f445
    - flags: top simplicial
    - normal:    0.7877  -0.6151  0.03532
    - offset: -0.07358676
    - vertices: p252(v95) p472(v73) p27(v53)
    - neighboring facets: f335 f534 f444
- f446
    - flags: bottom simplicial
    - normal:    0.6902  -0.7235  0.01385
    - offset: -0.07564788
    - vertices: p252(v95) p654(v45) p545(v8)
    - neighboring facets: f372 f480 f444
- f452
    - flags: bottom simplicial
    - normal:    0.9907 -0.0005437  -0.1363
    - offset: -0.1013541
    - vertices: p368(v96) p308(v75) p947(v19)
    - neighboring facets: f550 f493 f457
- f457
    - flags: top simplicial
    - normal:    0.9908  0.00098  -0.1355
    - offset: -0.1011387
    - vertices: p805(v97) p368(v96) p308(v75)
    - neighboring facets: f452 f535 f495
- f458
    - flags: top simplicial
    - normal:    0.9936  0.02946  -0.1087
    - offset: -0.09401301
    - vertices: p805(v97) p253(v92) p981(v34)
    - neighboring facets: f573 f494 f459
- f459
    - flags: bottom simplicial
    - normal:    0.9944  0.01888  -0.1035
    - offset: -0.09225048
    - vertices: p805(v97) p253(v92) p601(v76)
    - neighboring facets: f522 f539 f458
- f462
    - flags: top simplicial
    - normal:    0.9826  -0.1074  -0.1517
    - offset: -0.1088995
    - vertices: p798(v98) p982(v66) p676(v54)
    - neighboring facets: f290 f564 f552
- f471
    - flags: top simplicial
    - normal:         1 -0.007093 -0.005575
    - offset: -0.06977178
    - vertices: p248(v99) p867(v56) p234(v2)
    - neighboring facets: f242 f557 f472
- f472
    - flags: bottom simplicial
    - normal:    0.9997 -0.02478 0.001326
    - offset: -0.06880837
    - vertices: p248(v99) p867(v56) p730(v31)
    - neighboring facets: f590 f473 f471
- f473
    - flags: top simplicial
    - normal:    0.9915  -0.1293 -0.01316
    - offset: -0.07431101
    - vertices: p248(v99) p762(v77) p730(v31)
    - neighboring facets: f531 f472 f545
- f474
    - flags: top simplicial
    - normal:    0.5867  -0.8063 -0.07556
    - offset: -0.09313161
    - vertices: p236(v100) p748(v82) p965(v64)
    - neighboring facets: f376 f476 f558
- f476
    - flags: top simplicial
    - normal:     0.306  -0.9515 -0.03166
    - offset: -0.07429703
    - vertices: p236(v100) p965(v64) p654(v45)
    - neighboring facets: f277 f477 f474
- f477
    - flags: bottom simplicial
    - normal:    0.3127  -0.9493 -0.03155
    - offset: -0.07444977
    - vertices: p236(v100) p398(v81) p654(v45)
    - neighboring facets: f372 f476 f560
- f478
    - flags: top simplicial
    - normal:    0.9086  -0.4177 -0.007775
    - offset: -0.07904044
    - vertices: p988(v101) p252(v95) p762(v77)
    - neighboring facets: f532 f563 f480
- f480
    - flags: bottom simplicial
    - normal:    0.6774  -0.7356 -0.007273
    - offset: -0.07868283
    - vertices: p988(v101) p252(v95) p545(v8)
    - neighboring facets: f446 f481 f478
- f481
    - flags: top simplicial
    - normal:    0.5597  -0.8284 -0.02219
    - offset: -0.07868667
    - vertices: p988(v101) p398(v81) p545(v8)
    - neighboring facets: f372 f480 f561
- f487
    - flags: top simplicial
    - normal:    0.9504 -0.001783   -0.311
    - offset: -0.1595003
    - vertices: p63(v102) p989(v48) p597(v28)
    - neighboring facets: f198 f488 f489
- f488
    - flags: bottom simplicial
    - normal:    0.9636 -0.03881  -0.2645
    - offset: -0.1435616
    - vertices: p63(v102) p982(v66) p597(v28)
    - neighboring facets: f290 f487 f567
- f489
    - flags: bottom simplicial
    - normal:    0.9477   0.0197  -0.3184
    - offset: -0.1621657
    - vertices: p63(v102) p989(v48) p975(v9)
    - neighboring facets: f198 f490 f487
- f490
    - flags: top simplicial
    - normal:    0.9495  0.02449  -0.3128
    - offset:   -0.16033
    - vertices: p63(v102) p544(v85) p975(v9)
    - neighboring facets: f617 f489 f610
- f492
    - flags: bottom simplicial
    - normal:    0.9885 0.007218  -0.1508
    - offset:  -0.105898
    - vertices: p594(v103) p544(v85) p981(v34)
    - neighboring facets: f615 f494 f609
- f493
    - flags: bottom simplicial
    - normal:      0.99 0.001696  -0.1411
    - offset:  -0.102837
    - vertices: p594(v103) p368(v96) p947(v19)
    - neighboring facets: f452 f612 f495
- f494
    - flags: top simplicial
    - normal:    0.9902 0.003728  -0.1397
    - offset: -0.1024172
    - vertices: p594(v103) p805(v97) p981(v34)
    - neighboring facets: f458 f492 f495
- f495
    - flags: bottom simplicial
    - normal:    0.9902 0.003723  -0.1397
    - offset: -0.1024157
    - vertices: p594(v103) p805(v97) p368(v96)
    - neighboring facets: f457 f493 f494
- f499
    - flags: top simplicial
    - normal:     0.725   0.6632  -0.1857
    - offset:  -0.138021
    - vertices: p461(v104) p934(v90) p975(v9)
    - neighboring facets: f410 f618 f501
- f501
    - flags: bottom simplicial
    - normal:    0.6623   0.7292  -0.1719
    - offset: -0.1342426
    - vertices: p461(v104) p934(v90) p125(v65)
    - neighboring facets: f410 f503 f499
- f503
    - flags: bottom simplicial
    - normal:    0.2304   0.9729 -0.02064
    - offset: -0.07563947
    - vertices: p461(v104) p125(v65) p370(v52)
    - neighboring facets: f385 f586 f501
- f504
    - flags: top simplicial
    - normal:    0.9984  0.02996  0.04806
    - offset: -0.06158492
    - vertices: p303(v105) p92(v50) p619(v32)
    - neighboring facets: f207 f506 f599
- f506
    - flags: bottom simplicial
    - normal:    0.9997 0.001116  0.02302
    - offset: -0.06496875
    - vertices: p303(v105) p867(v56) p619(v32)
    - neighboring facets: f242 f504 f589
- f510
    - flags: bottom simplicial
    - normal:    0.9965 -0.05973  0.05818
    - offset: -0.06142493
    - vertices: p2(v106) p841(v68) p730(v31)
    - neighboring facets: f299 f511 f623
- f511
    - flags: top simplicial
    - normal:    0.9988 -0.01729  0.04627
    - offset: -0.06176893
    - vertices: p2(v106) p958(v88) p730(v31)
    - neighboring facets: f591 f510 f597
- f512
    - flags: top simplicial
    - normal:    0.8286   0.5582  0.04326
    - offset: -0.07609607
    - vertices: p209(v107) p145(v70) p718(v30)
    - neighboring facets: f311 f513 f514
- f513
    - flags: bottom simplicial
    - normal:    0.7309   0.6821  0.02381
    - offset: -0.07905334
    - vertices: p209(v107) p123(v89) p718(v30)
    - neighboring facets: f408 f512 f514
- f514
    - flags: top simplicial
    - normal:    0.7579   0.6519  0.02289
    - offset: -0.07907403
    - vertices: p209(v107) p123(v89) p145(v70)
    - neighboring facets: f583 f512 f513
- f515
    - flags: bottom simplicial
    - normal:    0.8739   0.4814 -0.06744
    - offset: -0.09583817
    - vertices: p390(v108) p253(v92) p834(v71)
    - neighboring facets: f576 f580 f522
- f516
    - flags: bottom simplicial
    - normal:    0.8562   0.5164 -0.01496
    - offset: -0.08456847
    - vertices: p390(v108) p145(v70) p696(v20)
    - neighboring facets: f312 f517 f581
- f517
    - flags: top simplicial
    - normal:    0.9989  0.03087 -0.03453
    - offset: -0.07594013
    - vertices: p390(v108) p122(v55) p696(v20)
    - neighboring facets: f236 f516 f520
- f520
    - flags: bottom simplicial
    - normal:    0.9988  0.02077 -0.04351
    - offset: -0.07747002
    - vertices: p390(v108) p122(v55) p994(v33)
    - neighboring facets: f237 f554 f517
- f522
    - flags: top simplicial
    - normal:    0.9982  0.01733 -0.05677
    - offset: -0.08022992
    - vertices: p390(v108) p253(v92) p601(v76)
    - neighboring facets: f459 f555 f515
- f526
    - flags: top simplicial
    - normal:   -0.2031   0.9783  0.03997
    - offset: -0.07404766
    - center: -0.0373691 0.06731183333333333 0.01512396333333333 
    - vertices: p708(v109) p780(v93) p11(v11)
    - neighboring facets: f429 f528 f604
- f527
    - flags: top simplicial
    - normal:   -0.0461   0.9987 -0.02071
    - offset: -0.06918704
    - vertices: p708(v109) p451(v29) p663(v5)
    - neighboring facets: f109 f529 f528
- f528
    - flags: bottom simplicial
    - normal:   -0.0844   0.9962 -0.02143
    - offset: -0.07016886
    - vertices: p708(v109) p451(v29) p11(v11)
    - neighboring facets: f108 f526 f527
- f529
    - flags: bottom simplicial
    - normal:  -0.02865   0.9994 -0.01965
    - offset: -0.06872486
    - vertices: p708(v109) p125(v65) p663(v5)
    - neighboring facets: f286 f527 f530
- f530
    - flags: bottom simplicial
    - normal:  -0.02447   0.9995 -0.01903
    - offset: -0.06862001
    - center: 0.005915866666666665 0.06619333333333333 -0.1367792 
    - vertices: p708(v109) p584(v84) p125(v65)
    - neighboring facets: f385 f529 f625
    - ridges:
- f531
    - flags: bottom simplicial
    - normal:    0.9825   -0.186 -0.01114
    - offset: -0.07551288
    - vertices: p850(v110) p762(v77) p730(v31)
    - neighboring facets: f473 f533 f532
- f532
    - flags: bottom simplicial
    - normal:    0.9101  -0.4144 -0.007425
    - offset: -0.07893167
    - vertices: p850(v110) p252(v95) p762(v77)
    - neighboring facets: f478 f531 f534
- f533
    - flags: top simplicial
    - normal:    0.9516  -0.3018  0.05817
    - offset: -0.06740268
    - vertices: p850(v110) p27(v53) p730(v31)
    - neighboring facets: f225 f531 f534
- f534
    - flags: top simplicial
    - normal:    0.9071  -0.4208 0.004554
    - offset: -0.07716401
    - vertices: p850(v110) p252(v95) p27(v53)
    - neighboring facets: f445 f533 f532
- f535
    - flags: top simplicial
    - normal:     0.992 0.001143  -0.1258
    - offset: -0.09831846
    - vertices: p467(v111) p805(v97) p308(v75)
    - neighboring facets: f457 f549 f539
- f538
    - flags: bottom simplicial
    - normal:     0.995 0.005989  -0.1001
    - offset: -0.09118843
    - vertices: p467(v111) p601(v76) p372(v57)
    - neighboring facets: f605 f548 f539
- f539
    - flags: bottom simplicial
    - normal:    0.9944  0.01369  -0.1051
    - offset: -0.09257594
    - vertices: p467(v111) p805(v97) p601(v76)
    - neighboring facets: f459 f538 f535
- f543
    - flags: top simplicial
    - normal:    0.9981 0.0006043 -0.06148
    - offset: -0.08120402
    - vertices: p928(v112) p248(v99) p601(v76)
    - neighboring facets: f553 f606 f546
- f544
    - flags: top simplicial
    - normal:    0.9958 -0.05301 -0.07503
    - offset: -0.08544407
    - vertices: p251(v113) p798(v98) p762(v77)
    - neighboring facets: f562 f545 f552
- f545
    - flags: bottom simplicial
    - normal:    0.9958 -0.05299 -0.07502
    - offset: -0.08544265
    - vertices: p251(v113) p248(v99) p762(v77)
    - neighboring facets: f473 f544 f546
- f546
    - flags: bottom simplicial
    - normal:    0.9961  -0.0458 -0.07487
    - offset: -0.08522932
    - vertices: p251(v113) p928(v112) p248(v99)
    - neighboring facets: f543 f545 f608
- f548
    - flags: bottom simplicial
    - normal:    0.9941 -0.001691  -0.1084
    - offset: -0.09350172
    - vertices: p251(v113) p467(v111) p372(v57)
    - neighboring facets: f538 f607 f549
- f549
    - flags: top simplicial
    - normal:    0.9921 -0.0004908  -0.1251
    - offset: -0.09812028
    - vertices: p251(v113) p467(v111) p308(v75)
    - neighboring facets: f535 f550 f548
- f550
    - flags: top simplicial
    - normal:     0.991 -0.006086  -0.1341
    - offset: -0.1007505
    - vertices: p251(v113) p308(v75) p947(v19)
    - neighboring facets: f452 f551 f549
- f551
    - flags: bottom simplicial
    - normal:    0.9904 -0.01635   -0.137
    - offset: -0.1018405
    - vertices: p251(v113) p982(v66) p947(v19)
    - neighboring facets: f613 f550 f552
- f552
    - flags: bottom simplicial
    - normal:    0.9902 -0.02996  -0.1365
    - offset: -0.1020502
    - vertices: p251(v113) p798(v98) p982(v66)
    - neighboring facets: f462 f551 f544
- f553
    - flags: bottom simplicial
    - normal:    0.9984  0.00667 -0.05632
    - offset: -0.07996124
    - vertices: p335(v114) p248(v99) p601(v76)
    - neighboring facets: f543 f555 f557
- f554
    - flags: bottom simplicial
    - normal:    0.9986  0.01358 -0.05197
    - offset: -0.07900585
    - vertices: p335(v114) p390(v108) p994(v33)
    - neighboring facets: f520 f556 f555
- f555
    - flags: top simplicial
    - normal:    0.9985  0.01315 -0.05339
    - offset: -0.07929695
    - vertices: p335(v114) p390(v108) p601(v76)
    - neighboring facets: f522 f553 f554
- f556
    - flags: bottom simplicial
    - normal:         1 -0.003694 -0.008859
    - offset: -0.07040877
    - vertices: p335(v114) p994(v33) p234(v2)
    - neighboring facets: f237 f557 f554
- f557
    - flags: top simplicial
    - normal:         1 -0.006835 -0.00593
    - offset: -0.0698391
    - vertices: p335(v114) p248(v99) p234(v2)
    - neighboring facets: f471 f556 f553
- f558
    - flags: bottom simplicial
    - normal:    0.6008  -0.7967 -0.06497
    - offset: -0.08993003
    - vertices: p326(v115) p236(v100) p748(v82)
    - neighboring facets: f474 f559 f560
- f559
    - flags: top simplicial
    - normal:     0.654  -0.7537 -0.06521
    - offset: -0.0907932
    - vertices: p326(v115) p988(v101) p748(v82)
    - neighboring facets: f566 f558 f561
- f560
    - flags: top simplicial
    - normal:    0.5702  -0.8197 -0.05384
    - offset: -0.08625898
    - vertices: p326(v115) p236(v100) p398(v81)
    - neighboring facets: f477 f561 f558
- f561
    - flags: bottom simplicial
    - normal:    0.5868  -0.8081 -0.05181
    - offset: -0.08602469
    - vertices: p326(v115) p988(v101) p398(v81)
    - neighboring facets: f481 f560 f559
- f562
    - flags: bottom simplicial
    - normal:     0.937  -0.3403 -0.07936
    - offset: -0.09392259
    - vertices: p265(v116) p798(v98) p762(v77)
    - neighboring facets: f544 f563 f564
- f563
    - flags: top simplicial
    - normal:    0.8893  -0.4514 -0.07399
    - offset: -0.09395237
    - vertices: p265(v116) p988(v101) p762(v77)
    - neighboring facets: f478 f562 f566
- f564
    - flags: top simplicial
    - normal:    0.9534  -0.2763  -0.1209
    - offset:  -0.104551
    - vertices: p265(v116) p798(v98) p676(v54)
    - neighboring facets: f462 f565 f562
- f565
    - flags: bottom simplicial
    - normal:    0.7909  -0.6065  -0.0815
    - offset: -0.09649301
    - vertices: p265(v116) p748(v82) p676(v54)
    - neighboring facets: f375 f564 f566
- f566
    - flags: bottom simplicial
    - normal:    0.7888  -0.6093 -0.08054
    - offset: -0.09619834
    - vertices: p265(v116) p988(v101) p748(v82)
    - neighboring facets: f559 f565 f563
- f567
    - flags: top simplicial
    - normal:    0.9832 -0.004485  -0.1823
    - offset:  -0.116233
    - vertices: p608(v117) p63(v102) p982(v66)
    - neighboring facets: f488 f614 f611
- f573
    - flags: bottom simplicial
    - normal:    0.9644   0.2335  -0.1243
    - offset: -0.1053818
    - vertices: p345(v118) p253(v92) p981(v34)
    - neighboring facets: f458 f616 f576
- f576
    - flags: top simplicial
    - normal:    0.8801   0.4669 -0.08607
    - offset: -0.1004492
    - vertices: p345(v118) p253(v92) p834(v71)
    - neighboring facets: f515 f577 f573
- f577
    - flags: bottom simplicial
    - normal:    0.7811   0.6169 -0.09615
    - offset: -0.1056335
    - vertices: p345(v118) p461(v104) p834(v71)
    - neighboring facets: f579 f576 f619
- f578
    - flags: bottom simplicial
    - normal:    0.4807   0.8762 -0.03486
    - offset: -0.08595968
    - vertices: p158(v119) p461(v104) p325(v51)
    - neighboring facets: f585 f582 f579
- f579
    - flags: top simplicial
    - normal:    0.6003   0.7978 -0.05618
    - offset: -0.09417224
    - vertices: p158(v119) p461(v104) p834(v71)
    - neighboring facets: f577 f580 f578
- f580
    - flags: bottom simplicial
    - normal:    0.8676   0.4932 -0.06423
    - offset: -0.09524386
    - vertices: p158(v119) p390(v108) p834(v71)
    - neighboring facets: f515 f579 f581
- f581
    - flags: top simplicial
    - normal:    0.7993   0.6007 -0.01867
    - offset: -0.08550119
    - vertices: p158(v119) p390(v108) p145(v70)
    - neighboring facets: f516 f583 f580
- f582
    - flags: top simplicial
    - normal:    0.7354   0.6774 -0.01594
    - offset: -0.08525663
    - vertices: p158(v119) p123(v89) p325(v51)
    - neighboring facets: f409 f578 f583
- f583
    - flags: bottom simplicial
    - normal:    0.7732    0.634 -0.01507
    - offset: -0.0848747
    - vertices: p158(v119) p123(v89) p145(v70)
    - neighboring facets: f514 f581 f582
- f584
    - flags: bottom simplicial
    - normal:    0.3216   0.9467 -0.01849
    - offset: -0.07765484
    - vertices: p86(v120) p370(v52) p325(v51)
    - neighboring facets: f409 f585 f586
- f585
    - flags: top simplicial
    - normal:    0.3626   0.9316 -0.02428
    - offset: -0.08028881
    - vertices: p86(v120) p461(v104) p325(v51)
    - neighboring facets: f578 f584 f586
- f586
    - flags: bottom simplicial
    - normal:    0.2598   0.9654 -0.02026
    - offset: -0.0763527
    - vertices: p86(v120) p461(v104) p370(v52)
    - neighboring facets: f503 f584 f585
- f589
    - flags: top simplicial
    - normal:    0.9997 -0.0005541  0.02512
    - offset: -0.06463824
    - vertices: p765(v121) p303(v105) p867(v56)
    - neighboring facets: f506 f590 f600
- f590
    - flags: top simplicial
    - normal:    0.9995 -0.008178   0.0301
    - offset: -0.06388889
    - vertices: p765(v121) p867(v56) p730(v31)
    - neighboring facets: f472 f591 f589
- f591
    - flags: bottom simplicial
    - normal:    0.9994 -0.008514  0.03232
    - offset: -0.06356524
    - vertices: p765(v121) p958(v88) p730(v31)
    - neighboring facets: f511 f590 f598
- f594
    - flags: top simplicial
    - normal:    0.9966 7.64e-07   0.0827
    - offset: -0.05713702
    - vertices: p199(v122) p956(v87) p92(v50)
    - neighboring facets: f397 f622 f595
- f595
    - flags: bottom simplicial
    - normal:    0.9966 -3.373e-06  0.08269
    - offset: -0.05713786
    - vertices: p199(v122) p956(v87) p841(v68)
    - neighboring facets: f400 f624 f594
- f597
    - flags: bottom simplicial
    - normal:    0.9983 -2.892e-07  0.05788
    - offset: -0.05993578
    - vertices: p526(v123) p2(v106) p958(v88)
    - neighboring facets: f511 f598 f621
- f598
    - flags: top simplicial
    - normal:    0.9986 0.001801  0.05335
    - offset: -0.06053644
    - vertices: p526(v123) p765(v121) p958(v88)
    - neighboring facets: f591 f597 f600
- f599
    - flags: bottom simplicial
    - normal:    0.9984   0.0188   0.0528
    - offset: -0.06075553
    - vertices: p526(v123) p303(v105) p92(v50)
    - neighboring facets: f504 f620 f600
- f600
    - flags: bottom simplicial
    - normal:    0.9987 0.008076  0.05122
    - offset: -0.06086789
    - vertices: p526(v123) p765(v121) p303(v105)
    - neighboring facets: f589 f599 f598
- f601
    - flags: bottom simplicial tested
    - normal:    0.1199   0.9687   0.2174
    - offset: -0.0751877
    - center: 0.01371967333333333 0.06769333333333331 0.03665223333333333 
    - vertices: p455(v124) p291(v72) p370(v52)
    - neighboring facets: f322 f626 f603
    - ridges:
- f603
    - flags: bottom simplicial tested
    - normal:   -0.3561   0.6565    0.665
    - offset: -0.07466218
    - center: -0.01208579333333334 0.06727276666666668 0.03938940000000001 
    - vertices: p455(v124) p780(v93) p291(v72)
    - neighboring facets: f431 f601 f604
- f604
    - flags: bottom simplicial tested
    - normal:   -0.1297   0.9741   0.1855
    - offset: -0.07499194
    - center: -0.02332183666666667 0.06793943333333334 0.03122253333333333 
    - vertices: p455(v124) p708(v109) p780(v93)
    - neighboring facets: f526 f603 f625
    - ridges:
- f605
    - flags: top simplicial
    - normal:    0.9958 0.001082 -0.09121
    - offset: -0.08885063
    - vertices: p610(v125) p601(v76) p372(v57)
    - neighboring facets: f538 f607 f606
- f606
    - flags: top simplicial
    - normal:    0.9964 1.375e-05 -0.08428
    - offset: -0.08706055
    - vertices: p610(v125) p928(v112) p601(v76)
    - neighboring facets: f543 f605 f608
- f607
    - flags: bottom simplicial
    - normal:    0.9955 -0.01056 -0.09384
    - offset: -0.08966098
    - vertices: p610(v125) p251(v113) p372(v57)
    - neighboring facets: f548 f605 f608
- f608
    - flags: top simplicial
    - normal:    0.9957 -0.01297 -0.09195
    - offset: -0.08919596
    - vertices: p610(v125) p251(v113) p928(v112)
    - neighboring facets: f546 f606 f607
- f609
    - flags: top simplicial
    - normal:    0.9885 0.006952  -0.1512
    - offset: -0.1060221
    - vertices: p422(v126) p594(v103) p544(v85)
    - neighboring facets: f492 f610 f612
- f610
    - flags: bottom simplicial
    - normal:    0.9847 0.001646  -0.1744
    - offset: -0.1135894
    - vertices: p422(v126) p63(v102) p544(v85)
    - neighboring facets: f490 f609 f611
- f611
    - flags: bottom simplicial
    - normal:    0.9846 0.0002995  -0.1745
    - offset: -0.1136394
    - vertices: p422(v126) p608(v117) p63(v102)
    - neighboring facets: f567 f610 f614
- f612
    - flags: bottom simplicial
    - normal:    0.9884 0.002513  -0.1518
    - offset: -0.1061892
    - vertices: p422(v126) p594(v103) p947(v19)
    - neighboring facets: f493 f613 f609
- f613
    - flags: top simplicial
    - normal:    0.9878 0.000248  -0.1556
    - offset: -0.1074247
    - vertices: p422(v126) p982(v66) p947(v19)
    - neighboring facets: f551 f612 f614
- f614
    - flags: top simplicial
    - normal:     0.987 -0.0001716  -0.1606
    - offset: -0.1090633
    - vertices: p422(v126) p608(v117) p982(v66)
    - neighboring facets: f567 f613 f611
- f615
    - flags: top simplicial
    - normal:    0.9704   0.1976  -0.1392
    - offset: -0.1089071
    - vertices: p875(v127) p544(v85) p981(v34)
    - neighboring facets: f492 f616 f617
- f616
    - flags: bottom simplicial
    - normal:    0.9641   0.2315  -0.1303
    - offset:  -0.107144
    - vertices: p875(v127) p345(v118) p981(v34)
    - neighboring facets: f573 f615 f619
- f617
    - flags: bottom simplicial
    - normal:    0.9508   0.1584  -0.2664
    - offset: -0.1500305
    - vertices: p875(v127) p544(v85) p975(v9)
    - neighboring facets: f490 f618 f615
- f618
    - flags: top simplicial
    - normal:    0.8592   0.4808  -0.1748
    - offset: -0.1291223
    - vertices: p875(v127) p461(v104) p975(v9)
    - neighboring facets: f499 f617 f619
- f619
    - flags: top simplicial
    - normal:    0.8479   0.5123  -0.1365
    - offset: -0.1167629
    - vertices: p875(v127) p345(v118) p461(v104)
    - neighboring facets: f577 f618 f616
- f620
    - flags: bottom simplicial
    - normal:    0.9979 0.004816  0.06439
    - offset: -0.05913953
    - vertices: p282(v128) p526(v123) p92(v50)
    - neighboring facets: f599 f622 f621
- f621
    - flags: top simplicial
    - normal:    0.9981   0.0013  0.06233
    - offset: -0.05937407
    - vertices: p282(v128) p526(v123) p2(v106)
    - neighboring facets: f597 f623 f620
- f622
    - flags: top simplicial
    - normal:    0.9966 8.722e-07  0.08269
    - offset: -0.05713716
    - vertices: p282(v128) p199(v122) p92(v50)
    - neighboring facets: f594 f620 f624
- f623
    - flags: top simplicial
    - normal:    0.9973 -0.002961  0.07402
    - offset: -0.05810098
    - vertices: p282(v128) p2(v106) p841(v68)
    - neighboring facets: f510 f624 f621
- f624
    - flags: bottom simplicial
    - normal:    0.9966 -3.507e-06  0.08269
    - offset: -0.05713793
    - vertices: p282(v128) p199(v122) p841(v68)
    - neighboring facets: f595 f623 f622
- f625
    - flags: top simplicial tricoplanar keepcentrum
    - owner of normal & centrum is facet f625
    - normal:         0        1        0
    - offset:   -0.06836
    - center: 0.0060711975 0.06836 0.0121065 
    - vertices: p455(v124) p708(v109) p584(v84)
    - neighboring facets: f530 f626 f604
- f626
    - flags: top simplicial tricoplanar
    - owner of normal & centrum is facet f625
    - normal:         0        1        0
    - offset:   -0.06836
    - center: 0.0060711975 0.06836 0.0121065 
    - vertices: p455(v124) p584(v84) p370(v52)
    - neighboring facets: f385 f601 f625
