3
1000 272 408
-0.0157336 -0.047686 0.00751358 
-0.022097 -0.039092 -0.10165 
-0.0188636 -0.045 -0.0159884 
-0.0174071 -0.0369201 -0.246638 
-0.0117634 0.049287 0.0100038 
0.0461478 0.0352247 -0.0623511 
0.0117657 0.0459732 -0.0426406 
0.00182444 0.0369123 -0.164782 
0.0143445 0.04325 -0.161095 
-0.0248682 0.0383 -0.0383587 
-0.0203228 0.0401843 -0.113427 
0.00277423 0.0397 0.00557987 
0.00306693 0.0326957 -0.339822 
-0.0092481 0.0370896 -0.181977 
0.00635981 -0.0398282 -0.119257 
0.0442788 0.0380182 -0.1203 
-0.0107422 0.0403722 -0.0701809 
0.0436626 0.00358435 -0.197068 
0.0438716 0.0328984 -0.197983 
-0.0197638 0.0367431 -0.155448 
0.009534900000000001 -0.0274723 -0.203253 
0.0386689 0.0293759 -0.25842 
-0.00126645 0.0352711 0.0199562 
-0.0161352 0.0441259 -0.0591145 
-0.0151301 -0.0332753 -0.234874 
0.0402461 -0.0422161 -0.122148 
0.0457206 -0.009793609999999999 -0.0448563 
-0.00649839 -0.04375 -0.133882 
-0.00440873 0.00322202 -0.0570712 
-0.0200874 0.0416764 -0.0397958 
0.0348734 0.038618 -0.217585 
0.0487392 0.0240494 -0.08365160000000001 
0.02515 0.0339816 -0.35115 
-0.0116035 0.0372807 0.0143551 
0.0227782 0.0378611 0.0146343 
-0.008060390000000001 0.0301609 -0.306206 
-0.0133476 -0.0593772 -0.0192938 
0.0439233 -0.0325765 -0.0289756 
0.0014334 0.0477844 -0.0418134 
0.0218212 0.0326749 -0.333794 
0.0207512  -0.04 -0.017571 
-0.0171126 0.0318426 -0.342704 
0.0120348 -0.0422311 -0.105939 
0.0401174 -0.0387828 -0.0118747 
-0.0144351 -0.0298 -0.0542321 
0.0499107 0.0243853 -0.155488 
0.0357535 0.0439774 -0.101598 
0.00255288 -0.0442094 -0.0514763 
-0.0117436 -0.0427756 -0.0382125 
-0.0128541  -0.03 -0.337693 
0.0373615 -0.044189 -0.06951839999999999 
0.0009420020000000001 -0.0445187 -0.161961 
0.0485682 -0.00679753 -0.12198 
-0.0203644 0.0475686 -0.026881 
0.0401521 0.0287169 -0.26132 
0.0333112 -0.0294949 -0.287177 
-0.00763698 -0.0420215 -0.0558041 
0.000798594 -0.0452898 -0.04186 
0.033398 -0.000500992 0.0120291 
0.0048462 -0.0492 -0.0171285 
0.0476663 0.0224355 -0.0687928 
0.00747351  -0.03 -0.340373 
-0.0182473 -0.0329077 -0.292024 
-0.025633  -0.04 -0.0115289 
0.0495482 0.0142153 -0.102725 
-0.0070411 0.0391572 -0.174757 
0.028633 0.0376195 -0.230226 
0.0221543 0.0380251 -0.126085 
0.00368661 -0.0444426 0.015809 
-0.0291788 -0.0435903 -0.0586478 
-0.000750207 -0.0342 0.00114915 
-0.0141154 -0.041587 -0.0057939 
-0.00594861   0.03 -0.327511 
0.0395496 0.00453781 -0.00487375 
0.0230193 -0.0339663 -0.320317 
0.000274974 -0.0273076 -0.215334 
-0.03334  0.045 -0.0749672 
0.00516858 -0.0424168 -0.114491 
0.0231765 0.0348534 -0.233194 
-0.0183034 -0.0423071 0.0180523 
0.0429662 -0.0336235 -0.217914 
-0.00297257  0.035 -0.337823 
0.00384829 -0.0397 -0.0103658 
0.0252186 -0.0382201 0.00662112 
0.0145742   0.03 -0.312223 
-0.0253002 0.0453 -0.0559302 
0.0116557 -0.045225 -0.147231 
-0.0190373 0.03667 -0.157123 
0.0127148 -0.0439582 -0.0133168 
0.0185055 -0.0389563 -0.104757 
0.0274702 -0.0373088 -0.142493 
0.0107609 0.0430261 0.00619684 
0.0171566 -0.0214914 0.0310462 
0.0231476 -0.0575 0.006514 
-0.00762243 -0.0343904 -0.0638946 
0.0446059 0.0305553 -0.221425 
0.00601123 -0.045 -0.06688040000000001 
-0.00772642 -0.0440123 0.0392276 
-0.0149826 -0.0337783 -0.292369 
0.000951338 -0.0358 -0.0379661 
0.024585 -0.0398997 -0.141261 
-0.009929260000000001 -0.0372 0.007980289999999999 
0.0433762 -7.736330000000001e-05 -0.2486 
-0.0249243 0.0354446 -0.285611 
-0.0151887  -0.03 -0.353072 
-0.00475321 0.0122815 -0.0548575 
0.0414075 -0.0331231 -0.218451 
0.0258453 0.0302731 -0.34908 
-0.0178746 -0.0363831 -0.204898 
0.0105083 0.0424686 -0.144208 
-0.0131874 -0.0419211 -0.14299 
-0.0164798 0.0417939 -0.0689176 
0.0270352 -0.0308093 -0.337462 
0.0363715 0.0130188 0.00548421 
-0.012057 -0.0578984 0.0069466 
-0.0212518 -0.0316074 -0.0538037 
0.00186475 -0.0378002 0.0252792 
0.033296 -0.0328113 -0.195693 
0.0150433 -0.0335615 -0.228319 
0.0441163 0.0320979 -0.0303117 
-0.0135461 -0.0337766 -0.223394 
0.0100974 0.0310568 -0.228372 
-0.0322963 0.0415077 0.0234722 
-0.00692212 -0.0431308 0.0156329 
0.0250448 -0.0406827 -0.0996824 
0.00208048 0.04595 -0.138783 
0.0373993 -0.0407454 -0.102645 
0.00464808 -0.0337334 -0.224383 
0.0311578 0.0434465 -0.0868917 
-0.00798929 -0.0478835 -0.07346750000000001 
-0.0244306 -0.0405067 -0.067176 
-0.00750097 0.0464618 -0.0200604 
0.0169089 -0.0432565 -0.107974 
0.0292446 0.0296909 0.0200895 
0.00441098 0.0349343 -0.196878 
0.0114971 0.0521221 -0.00329421 
0.0424862 0.00428095 -0.0165777 
0.039141 -0.0183533 -0.277997 
-0.0120227 -0.044875 -0.0837517 
0.0485598 0.0185914 -0.0803929 
-0.00683324 0.0372554 -0.141384 
0.0021774 -0.0225573 -0.196681 
-0.0218655 -0.0433627 -0.0320828 
-0.023444 0.0332673 -0.235056 
0.007954900000000001 -0.0429076 -0.151099 
0.0045685 -0.0467 0.0131396 
0.00536212 -0.0399555 -0.196501 
0.0245184 0.0264453 -0.242291 
0.0187068 -0.0363557 -0.198786 
0.0288611 -0.019847 0.0212829 
0.037726 0.0328798 -0.245911 
-0.0159222 -0.0325376 -0.286235 
0.0446545 -0.00677084 -0.217495 
0.0492736 0.0197024 -0.09540999999999999 
0.00345183 0.0266146 -0.208682 
0.00998697 -0.0338202 -0.346219 
0.044585 -0.009204270000000001 -0.0505952 
0.024858 -0.0417859 0.0105893 
-0.0114588 -0.0461231 -0.155991 
-0.025082 -0.032869 -0.0443086 
0.0468615 -0.00532576 -0.07751189999999999 
0.0493706 -0.0164803 -0.097994 
-0.011291 0.040288 -0.140658 
0.0389219 -0.0208645 -0.000670191 
0.018519 -0.0363314 -0.164879 
-0.015611 0.0365645 -0.159539 
0.00384852 -0.0312169 -0.28202 
0.0199934 0.0390474 -0.102671 
-0.0235434   0.04 -0.0114078 
0.005245 -0.035 -0.337483 
0.0200254 -0.0446373 -0.0238653 
0.034564 -0.0357864 -0.216055 
0.00800472 0.0566499 -0.0113883 
0.0198282 0.0588633 0.0151018 
-0.0345766 0.0399872 -0.07996159999999999 
0.015722 0.0404166 -0.170165 
-0.0131139 0.0315 -0.336754 
-0.0151948 -0.0431271 0.0105381 
-0.0170372 -0.0449819 -0.0802614 
0.0260485 -0.0276574 -0.342859 
0.006613 0.04475 -0.130797 
0.0254077 0.0391644 -0.134456 
-0.00734594 -0.0499076 -0.0071252 
0.00374575 -0.0284403 -0.216687 
-0.0151709 -0.0446121 -0.0335482 
0.0153806 -0.0389725 -0.104387 
-0.000679434 0.0439652 -0.157971 
-0.00578794 -0.0364345 -0.198921 
-0.0141894 -0.0314218 -0.277326 
0.0324022 0.0337881 -0.268493 
0.0245379 0.0340329 -0.253732 
0.0426196 0.0245018 -0.22084 
-0.00515963 0.0457759 -0.16142 
0.0136288 0.0478829 0.0165731 
0.0108337 -0.0441303 0.00617469 
0.0376666 -0.0377358 -0.194861 
-0.0197531 0.04325 -0.143754 
0.0455802 0.0384598 -0.07579470000000001 
0.0421228 -0.0225885 -0.0246028 
0.014618 -0.000675075 0.0322759 
-0.00739531 -0.0373989 -0.207353 
0.0142892 -0.0339449 -0.257105 
0.0473057 0.00570272 -0.0641954 
-0.0114103 0.0396712 -0.0883852 
0.0500473 -0.018567 -0.128794 
0.0203404 0.0270137 -0.229273 
0.0244866 0.0329967 -0.302628 
-0.0297421 0.0362149 -0.0664227 
-0.00417851 -0.0471242 -0.150968 
0.0462736 0.0201572 -0.221296 
0.0398256 -0.0424453 -0.119463 
0.0453417 0.0319356 -0.0431503 
-0.0127978 -0.0440283 0.013341 
-0.0222081 -0.047 -0.0748154 
0.0417647 0.0116864 -0.249556 
0.0291353 0.0190747 -0.311686 
0.00693205 -0.0320251 -0.206194 
-0.0106119 0.0451198 -0.142652 
-0.0104957 -0.0467369 0.0311874 
0.0271506 -0.0310456 -0.326735 
0.0471641 -0.0299053 -0.112371 
-0.00478547 -0.0426947 -0.0326457 
0.0211569 -0.038868 -0.0175012 
0.0274967 0.0365449 -0.194452 
0.0132694 -0.0324551 -0.288124 
0.000575023 -0.0485732 0.0214017 
-0.0112487 -0.0372 -0.00144815 
-0.00398969 -0.0453 -0.068495 
-0.00323218 -0.0409265 -0.174262 
0.0313071 -0.0358319 -0.176319 
-0.000466549 -0.0275265 -0.0522096 
0.046041 0.0354732 -0.08366120000000001 
0.0259056 -0.0376813 -0.133961 
-0.028785 0.0415 -0.0169879 
0.0169754 0.0160174 0.0361977 
0.048013 -0.0132982 -0.169786 
0.0106247 -0.0380689 -0.160301 
-0.0129777 -0.0359729 -0.173089 
-0.0194141 0.0415474 -0.0851987 
0.00745528 -0.0476704 -0.0581694 
0.0221775 -0.0298426 -0.198867 
0.0212771 0.0426074 0.00253859 
0.0266759 0.0319644 -0.265467 
-0.0258969 0.0436139 -0.11271 
0.0326211 0.0332185 -0.23599 
0.026043 0.030641 -0.318409 
0.0298918 0.0119038 0.0223413 
-0.0374079  0.045 -0.0534302 
0.0012304 -0.045 -0.0740691 
-0.0187778 0.0387067 -0.201142 
-0.00371365 0.0392146 -0.0988417 
-0.035154  -0.04 -0.0724118 
0.00895058 -0.0444766 -0.169519 
-0.0127127 -0.0397168 -0.00269609 
0.0250377 0.0370964 -0.220506 
0.000235517 0.0399753 -0.00777382 
0.0148743 -0.0387838 -0.211338 
-0.00266623 0.0423404 -0.140043 
-0.0177606 0.0303044 -0.358813 
-0.00452743 0.047304 -0.0310324 
0.0450564 0.035534 -0.0503513 
-0.0306052 0.0413758 -0.0558555 
0.0114247 -0.028902 -0.220412 
0.0374445 0.021819 -0.259856 
0.0408652 -0.0390828 -0.131893 
-0.00385291 -0.0388558 -0.160233 
0.0160995 0.0575 -0.0096025 
0.0209676 -0.0357315 -0.293247 
-0.0116211  -0.04 -0.0222153 
-0.0022889 -0.0464782 -0.149669 
-0.0148642 0.0278761 -0.209519 
0.0104614 0.0364702 -0.161699 
0.045593 0.0276843 -0.124463 
0.0441418 0.00604511 -0.227901 
0.0470833 0.03174 -0.165085 
-0.00292109 -0.0410027 -0.0997873 
0.00444928 0.0549483 -0.017426 
-0.0227835 0.0342438 -0.212691 
0.0259705 -0.0393376 -0.0960255 
-0.0287081  -0.04 0.00658935 
-0.0209916 -0.0337625 -0.223717 
0.0436906 0.009486329999999999 -0.245728 
0.0116567 0.038509 0.0333842 
-0.00772757 0.0318779 -0.357299 
-0.0188123 -0.0164854 -0.0468217 
-0.0134998 -0.031685 -0.311441 
-0.00467428 0.0310942 -0.28483 
0.0036056 0.0399679 -0.08041040000000001 
0.0321794 -0.0340669 0.016845 
0.00831484 0.0419729 -0.15859 
-0.0138816 0.0435851 -0.023248 
0.00779755 0.0372788 -0.177643 
0.00122642 -0.0450691 0.0183799 
-0.000972695 0.0492364 -0.00970582 
0.00655211 0.0343428 -0.364676 
0.0230767   0.04 0.0224686 
0.0478882 0.0354014 -0.135949 
-0.0317361 -0.0478903 -0.0667975 
0.0374726 0.00894239 -0.259792 
-0.0124158 -0.0411975 -0.0878917 
-0.00455867 0.042926 -0.0712347 
0.0448597 0.0316374 -0.0797953 
0.0447831 0.0367185 -0.0544621 
-0.00040361 -0.045 0.0251526 
0.0160727 0.0388125 -0.0108882 
-0.00199677 -0.0373499 -0.185151 
-0.0282013 -0.0443927 -0.0948707 
-0.0138969 0.0352158 -0.190429 
0.028323  -0.04 0.00575174 
0.0474035 -0.0256892 -0.20592 
0.0117591 -0.0289516 -0.219275 
0.0116834 0.0458783 -0.061771 
-0.015738 -0.0441836 0.0252437 
0.0438318 -0.00588923 -0.0527059 
0.0396891 0.0208179 -0.241852 
0.00270419 -0.0427064 -0.0654033 
0.0214764   0.03 -0.354153 
-0.00789603 -0.0285791 -0.213507 
-0.0272538 0.00442509 -0.0565213 
-0.0168803 -0.0397871 0.00668806 
0.012074 0.0334009 -0.266463 
0.0117618 0.0407792 -0.00404191 
-0.0401909 -0.0452011 -0.0601483 
0.0466155 -0.0151142 -0.197673 
-0.0109098 0.0606664 -0.00873752 
0.0141865 -0.0411212 -0.00127577 
-0.0252898 -0.0449102 -0.082977 
0.0179213 0.0385 -0.0074039 
-0.00727588 0.0443713 -0.146693 
0.0123129 -0.0419386 -0.0304755 
-0.0282333 -0.0444644 -0.00637617 
-0.00116111 0.0320599 -0.331787 
0.0394875 -0.0368385 -0.0553917 
-0.0424917   0.04 -0.0641533 
0.0205736 -0.0362172 -0.007819359999999999 
0.00244171 -0.045 -0.0731406 
0.0392334 -0.0214924 -0.253815 
-0.0181068 0.0461976 0.0299259 
0.0438631 0.03873 -0.11136 
0.0226248   0.04 0.00198177 
-0.0154389 0.0453 -0.0463856 
-0.0245831 -0.0386333 -0.112157 
-0.0199701 -0.0470061 -0.0345759 
0.0140119 0.00355289 0.0346806 
0.0451568 0.0351382 -0.0501512 
0.00348383 -0.0456431 -0.162436 
0.0453521 -0.0242124 -0.190852 
0.0186102 0.0418659 -0.0104369 
0.0222484 0.0415 -0.0748066 
0.047948 0.008473919999999999 -0.171606 
-0.0324906 0.0444204 0.009380899999999999 
0.0485422 -0.0197902 -0.120406 
0.015852 -0.03272 -0.247593 
0.0301856 0.0376014 -0.247045 
-0.0151269 -0.0500869 0.0253398 
0.0267005 -0.0399849 0.0218397 
-0.0187736 0.0468839 -0.0790232 
0.0326829 0.0282641 -0.200632 
0.0470786 0.0119731 -0.141975 
-0.000876457 -0.0321958 -0.294065 
0.0395942 0.0399903 -0.131612 
0.0308362 -0.0324411 -0.294669 
0.012529 0.0320748 -0.301073 
0.0295856 -0.0334052 -0.294404 
-0.00839411 -0.0316931 -0.306361 
0.045559 -0.008015090000000001 -0.0429476 
0.0483186 0.00229052 -0.07656830000000001 
-0.00902185 0.0442261 0.0193189 
0.0167809  -0.04 -0.0589621 
0.0442064 0.0171649 -0.225868 
0.00573215 -0.0410499 -0.00169949 
0.00673497 -0.041143 -0.0573931 
-0.0442828  -0.04 -0.0593432 
-0.0276493 -0.0232718 -0.046534 
0.0139953 0.0344763 -0.24183 
0.009782290000000001 0.0567256 0.0151033 
0.0165955 -0.0496717 -0.0290857 
0.00409937 0.059539 -0.0185556 
0.020133  -0.04 -0.00923125 
0.0231609 -0.0424944 -0.0147153 
0.008209620000000001 0.029032 -0.217433 
0.0320571 0.0224982 -0.218066 
0.00096949   0.04 0.0329292 
0.0430193 0.0368473 -0.167972 
0.0299062 -0.0172175 -0.307509 
0.0463263 -0.00473555 -0.202191 
-0.00783215  0.035 -0.35789 
0.0180241 -0.029688 -0.20241 
-0.0249488 -0.0391975 -0.196836 
0.0184263 0.0312317 -0.224365 
-0.0028305 -0.0431052 -0.012164 
0.0174947 -0.0407444 -0.00600947 
0.0159552 0.0304799 -0.2989 
0.0316635 -0.0345573 -0.205511 
0.00129934 0.0334208 -0.266005 
-0.00452237 0.0423679 -0.0408606 
-0.00427587 -3.41309e-05 -0.0572141 
0.0009737119999999999 -0.0397 0.009520270000000001 
0.0121449 -0.03775 -0.154505 
-0.0140268 -0.0426968 0.0259424 
0.0226856 0.0284325 -0.344182 
0.0454898 -0.0239112 -0.0418352 
0.0435894 -0.0289172 -0.0500171 
0.0124287 0.0324006 -0.208498 
0.0100457 0.0575 0.0173858 
0.0413803 0.00539409 -0.252789 
-0.0252412 0.0389478 -0.0572705 
0.013853 0.0300323 -0.309796 
-0.0414845 -0.0401838 -0.0117393 
-0.0118511 0.0375244 -0.0233484 
-0.0204496 -0.0083201 -0.0534211 
-0.0146685  0.038 -0.0118504 
-0.017898  -0.03 -0.323786 
-0.0287834 -0.0415 0.010371 
-0.0180686 -0.0491709 -0.0731296 
0.036985 0.0303964 -0.237611 
-0.0139734 -0.0428124 -0.0431662 
0.0305959 -0.0315426 -0.300709 
-0.0225008 0.0351988 -0.190818 
0.0219446 0.0413753 -0.0856109 
0.0120882   0.04 -0.0214805 
0.0381137 -0.0436758 -0.09840450000000001 
-0.0383294  -0.04 -0.0445292 
-0.015747 -0.029478 -0.207218 
-0.0184335 0.034116 -0.294014 
0.0313752 0.0372791 -0.143173 
0.019603 0.0141376 0.0298153 
0.0231399 0.0364983 0.00328797 
0.0367108 -0.0293844 -0.280309 
0.0314404 0.0366211 -0.257526 
0.00952071 0.0473352 0.0102236 
0.0150129 -0.0392344 -0.00719405 
0.0212984 0.0431458 0.00225922 
-0.00153791   0.03 -0.33286 
-0.00604691 -0.0286927 -0.230503 
-0.0131733  0.045 -0.0248048 
0.0188987  0.045 -0.0122447 
0.0348306 0.00567341 -0.296772 
0.0369039 -0.0136427 -0.284233 
-0.02587 0.0392383 -0.0982991 
0.0393854 0.020188 -0.26614 
0.0115697 -0.0444437 0.0143993 
0.00392069 0.0381384 -0.01287 
0.0277083 0.0339685 -0.218996 
-0.0287573 -0.039155 -0.0364702 
-0.0189425 0.0359607 -0.173367 
0.0482569 -0.0326683 -0.163836 
0.00652028 0.0351744 -0.261671 
-0.0126882 -0.0342214 -0.349212 
0.0176887   0.04 -0.0602975 
0.00349558 -0.0308695 -0.374653 
0.0173228 -0.0397 0.00404356 
0.0260832 0.0443462 -0.0776414 
0.0499275 0.0168747 -0.118515 
0.0138111 -0.0268201 0.0341837 
-0.008450859999999999 -0.0463137 -0.00364579 
0.0422434 0.0380592 -0.0331195 
0.0422034 0.0336579 -0.0131303 
-0.0181887 -0.047 -0.076492 
0.0169116 -0.0360219 -0.206431 
-0.0110827 -0.0395226 -0.0917873 
0.00750617 -0.043284 -0.0113689 
0.0123953 0.0438022 0.0313295 
0.01997 -0.018178 0.0298954 
0.0423945 -0.0123696 -0.256919 
0.0389208 0.0121977 -0.27937 
0.0113561 -0.0384136 0.0383467 
0.020852  -0.04 0.00921865 
0.0103364 0.0360886 -0.170438 
0.0166526 0.037097 0.0186704 
0.0388563 0.0188011 -0.0172972 
0.0212682 -0.0330765 -0.239427 
0.0452025 0.0142294 -0.231916 
0.0157991   0.04 -0.0582828 
0.0447482 0.0115755 -0.0538391 
0.0355223 -0.0447445 -0.0122849 
0.0138989 0.0585547 -0.000797275 
-0.0128485 0.0496437 -0.0703858 
0.043701 -0.0231147 -0.215948 
-0.0257761 0.00244181 -0.0465684 
-0.0113345 0.0273032 -0.222642 
-0.0294964 -0.047 -0.0328666 
0.0133444 0.0434594 -0.0843769 
-0.011737 0.0434106 -0.14758 
-0.0435153  0.045 -0.0442752 
0.0268821 -0.0217048 -0.329034 
-0.035819 0.0400343 -0.0787428 
-0.00413728 -0.0465 -0.0662871 
0.00326288 0.0410995 -0.0901346 
0.0232311 0.0393195 -0.130903 
0.00948384 -0.0413998 -0.0191421 
0.0357077 -0.0267037 0.00121809 
0.0129136 -0.0326661 -0.248826 
0.0457775 0.0100745 -0.0458921 
0.0118285 0.0274392 -0.213631 
-0.0192465 -0.0484462 -0.0302353 
-0.025 -0.0331581 -0.281539 
-0.0336548 -0.0406962 -0.043319 
0.00235736 0.0397 -0.00970009 
-0.0247217  -0.04 0.00410691 
0.0456868 -0.00608857 -0.208262 
0.0318639 0.039596 -0.204735 
0.0197732  0.045 -0.0196873 
-0.0376819 -0.0472137 -0.0451448 
0.0112641 -0.0358155 -0.211159 
-0.0324481 -0.0415 -0.0248334 
-0.0175845 -0.0243236 -0.0464233 
0.008944219999999999 0.0280371 -0.24022 
0.0169789 -0.0447477 -0.0303105 
0.0302402 -0.038964 -0.104582 
-0.0146748 0.047304 -0.07863729999999999 
0.0217717 0.0395213 -0.0193338 
0.00618483 0.0398161 -0.174862 
0.00276455 0.0423097 -0.0539219 
0.0477165 -0.0109859 -0.069119 
0.00294932 -0.0469544 -0.146611 
-0.0102594 -0.00969124 -0.0558666 
0.0476998 0.0137722 -0.106265 
0.008642159999999999 0.0416352 -0.0698669 
0.0467079 0.0274959 -0.114842 
-0.00545459 -0.0311138 -0.284382 
0.009907600000000001  0.035 -0.3233 
0.0452115 -0.0147005 -0.0387668 
0.00823392 0.0409626 -0.173433 
0.0367075 -0.0377206 -0.223004 
0.00297949 -0.0278244 -0.226209 
0.00391728 -0.045 -0.0397761 
0.0392775 -0.032933 -0.02981 
0.00812331 -0.030707 -0.203125 
0.0457869 -0.008884329999999999 -0.209163 
0.0213195 -0.0446986 0.00198139 
0.0243538 0.0360035 -0.284748 
0.038154 0.0373244 -0.218848 
0.00145623 0.0255659 -0.228044 
0.0256341 -0.0444673 -0.00490738 
0.0177073 0.0385587 -0.113864 
-0.0045272 -0.0480747 -0.0361359 
0.00642686  -0.04 -0.0214613 
-0.0122477 0.0347349 -0.235907 
-0.0160073 -0.0453 -0.06512279999999999 
-0.00290577 0.0275736 -0.216449 
-0.0289986   0.04 -0.077916 
0.0153587 -0.000527933 0.0369136 
0.0456163 0.0189842 -0.210785 
0.00349975 -0.0450536 -0.0138098 
0.008904820000000001 -0.0384507 -0.137997 
-0.0285887 -0.0438884 -0.0089032 
-0.0131297 -0.0430895 -0.0395823 
-0.0455145 -0.0420654 -0.056997 
-0.0010853 -0.0408512 -0.102988 
0.00332778 0.0435691 -0.112657 
0.0484128 0.0297624 -0.07789980000000001 
-0.0089908 -0.0402505 -0.161933 
-0.0204962 0.0357434 -0.00576904 
0.0282695 0.0329194 -0.293252 
-0.0118826 -0.0479364 -0.151511 
0.0466914 0.0325103 -0.160779 
-0.00981283 -0.0310772 -0.285218 
0.00438336 0.044586 0.00727528 
0.0405395 0.00289448 -0.00173474 
0.037816 0.0449284 0.00257459 
0.0304592 -0.000412752 0.018008 
0.0161371 0.0309498 -0.288137 
-0.00234045 0.0460458 -0.0520775 
0.0290038 -0.0404022 -0.106106 
-0.0368315   0.04 -0.0207887 
0.009774929999999999  0.045 -0.0354617 
0.0323232 0.0401885 -0.186334 
0.009251870000000001 0.044213 -0.15763 
0.0131275 0.0284208 -0.231434 
-0.013506 0.0365197 -0.19503 
0.0023893 0.0306773 -0.294377 
0.0333366 0.00912781 -0.287886 
0.0155307 -0.0592163 0.0184078 
0.0166389 0.0324974 -0.252691 
-0.0322566 -0.049946 -0.0544403 
0.011945 -0.0460351 0.017797 
-0.0130935 0.0609962 -0.0107423 
0.0298496   0.04 -0.009078920000000001 
0.045827 -0.0282828 -0.0966269 
-0.00383018 -0.0401283 -0.0365674 
-0.008820629999999999 -0.045 -0.0779451 
-0.0131996 -0.0327541 -0.246812 
0.0316221   0.04 0.000132317 
0.0083082 -0.0517247 -0.00813759 
0.0345176 -0.022471 -0.295039 
0.0423549 0.0292877 -0.0568 
0.0256115 -0.0405384 -0.152826 
0.0499882 0.0134882 -0.123723 
0.000449458 -0.0465512 0.0214038 
-0.0181441 -0.0412725 -0.00312673 
-0.00513711 -0.0473438 0.0208424 
0.0320053 0.0282794 -0.298838 
-0.0237867 -0.0393634 -0.0954342 
-0.0376222  -0.04 -0.0617741 
0.0342431 0.00879605 0.0180082 
0.0151644 0.0429306 -0.0235296 
-0.0161742 -0.0378237 0.0215899 
0.00975818 0.0584442 0.00991655 
-0.008912339999999999 0.041781 -0.0361356 
-0.009586280000000001 -0.0376726 0.0179186 
-0.033373  -0.04 -0.0374846 
0.0343148 -0.0196389 -0.293817 
-0.00347905 0.0475312 -0.0346178 
0.0223083 0.0279827 -0.241467 
-0.0236099 0.048022 -0.0747365 
-0.00790648 -0.0297382 -0.20126 
-0.0164321 -0.0444131 -0.024565 
0.014833  -0.04 -0.0204819 
0.0406859 0.0264511 -0.0141648 
0.0278483  -0.04 -0.0548146 
0.00959376 -0.0321995 -0.259513 
0.0145874 0.0516947 0.00934543 
-0.0249008 0.0344047 -0.310885 
-0.01737 -0.0453 -0.0445228 
-0.0103022 -0.0315 -0.331781 
0.0163713 -0.0344307 -0.242875 
-0.00330918 0.0432648 -0.0987325 
-0.00295058 0.0421514 -0.150516 
0.0194562 0.0321316 0.0348859 
0.0477674 0.009135229999999999 -0.0949666 
-0.0256409 -0.0378346 0.008594330000000001 
0.0153464 -0.0368477 0.0101869 
0.0109479 -0.04375 -0.163353 
-0.00958817 -0.0397186 -0.0403326 
0.0342538 0.037331 -0.141982 
0.0483084 0.00722141 -0.194827 
0.0130569 -0.0612411 0.009228780000000001 
0.0253836 -0.0284864 -0.21563 
0.0313766 -0.0415307 -0.08277669999999999 
0.019669 -0.0344794 -0.207295 
-0.00598945 0.0357471 -0.215354 
0.0318424 -0.0449785 -0.0544086 
0.0266044 0.0356355 -0.180816 
0.0405939 -0.0408291 -0.0402248 
0.0406794 0.0427706 -0.071862 
-0.00459045 0.0305538 -0.0614937 
-0.00584385 -0.0358013 -0.0175401 
0.0153482 0.0418731 0.0221119 
-0.0134023   0.03 -0.317532 
-0.0147809 -0.0485958 0.0300482 
-0.0100644  0.045 0.0251871 
0.0467052 0.00190892 -0.0568878 
0.00727613   0.03 -0.339477 
0.0234713 -0.0400703 -0.0220779 
-0.0139872 -0.0327714 -0.280881 
0.00397094 0.0444403 -0.153323 
-0.0371709   0.04 0.0104414 
0.0206069 0.0347858 -0.313047 
0.0490713 0.0159028 -0.0900185 
0.0118563 -0.0372305 -0.0141188 
0.0186564 0.0377076 -0.133359 
-0.0207631 0.0465 -0.0348303 
0.0385676 0.0407576 -0.0401383 
-0.00364232 -0.0263395 -0.228123 
0.00582446 0.0397 0.0027623 
-0.00336198   0.04 0.0240277 
-0.0233419  0.045 0.008732119999999999 
0.0216597 -0.0431884 -0.146795 
0.012729  0.045 0.018272 
0.0465588 0.0373034 -0.0805413 
0.0181904 -0.0333401 -0.333225 
0.0288597 0.0447996 -0.0275405 
0.008229139999999999 -0.0425431 -0.0144508 
0.00711518 -0.0391808 -0.163119 
0.0483662 -0.0172344 -0.112807 
-0.020733 -0.0420794 -0.127482 
0.00397258 -0.0394391 -0.0562992 
-0.025 -0.0372871 -0.19358 
0.0379923 -0.0427471 -0.0673192 
0.0247637 0.0338163 -0.222484 
0.0464275 -0.0114944 -0.07105880000000001 
0.0167534 -0.0331379 -0.272486 
0.018395 -0.0325834 -0.285187 
-0.0281626 0.0368869 -0.035889 
0.00403702 -0.0449198 -0.0827243 
0.00232457 -0.0378158 -0.160738 
0.0246092 -0.0316187 -0.272816 
0.0381649 -0.0393118 -0.138341 
-0.0243702 0.0394741 -0.0928973 
0.0129112 0.0441347 0.0131488 
-0.0143946 -0.0344856 -0.207154 
0.0434609 -0.0230109 -0.07129489999999999 
0.0411667 0.0107952 -0.0169651 
0.00261419 0.0433161 -0.0384998 
-0.00146177 0.0418435 -0.0422373 
0.0295496 0.0291692 -0.214291 
0.0485739 -0.0101766 -0.147535 
-0.018588 -0.0439965 -0.0107556 
-0.0156503 0.0422916 -0.0684616 
-0.0115741 -0.0518831 -0.00228173 
0.0160323 -0.039 -0.026055 
0.0483966 0.00453038 -0.157699 
-0.0277148 -0.0412898 -0.0620373 
0.0206674 0.0445315 -0.0330043 
0.0265088 -0.0297345 -0.201345 
-0.0116535 -0.0449757 -0.00449115 
0.0364858 -0.0194234 -0.295533 
0.044423 0.0102608 -0.225053 
-0.00968609 0.043393 -0.0340127 
-0.00754749 0.0400104 0.0055282 
0.0485599 0.00423846 -0.08039399999999999 
0.0208671 -0.0365521 -0.159824 
-0.030716  0.045 -0.00854798 
0.0435139 0.0373206 -0.153902 
0.0187685 -0.0415 0.022156 
0.0340822 -0.0356317 0.0171028 
-0.014731 -0.0432581 -0.147269 
0.008655960000000001 -0.0433106 -0.00342117 
0.0108158 0.04475 -0.155798 
-0.00788965 -0.0435358 -0.159041 
-0.0293656 0.0415 -0.00147955 
0.0348944 0.044369 -0.0474346 
0.0417527 -0.0419027 -0.0700621 
-0.0218871  0.038 0.00110872 
0.0285459 -0.0334834 -0.230109 
-0.00692842 0.0401783 -0.174653 
-0.0254529 0.0448291 -0.0471579 
-0.0214301  0.035 -0.339887 
0.001025 0.0373221 -0.164471 
0.0267447 0.0292583 -0.212251 
0.0479695 0.00222638 -0.0994898 
0.00324847 0.0432458 -0.12114 
-0.0120827 -0.0400712 0.0327951 
-0.0195123 -0.0385014 -0.0408098 
0.0480685 -0.00671182 -0.168233 
0.0270876 -0.0345578 -0.29534 
-0.0178872 0.0538881 0.00104609 
0.0480037 0.00461365 -0.170048 
0.0400592 0.0291149 -0.250219 
0.00094991 -0.0452173 -0.129099 
0.0169566 0.0305406 -0.297509 
-0.0157955 -0.0284051 -0.217493 
0.0490911 0.000597488 -0.178757 
-0.0113933 -0.0398437 -0.0589648 
-0.0233752 0.0411687 -0.168715 
-0.0260095 -0.0458826 -0.0616791 
-0.00246694 -0.0360345 -0.206332 
0.009168839999999999 -0.0314674 -0.355857 
0.00550538  0.035 -0.018372 
0.045608 -0.0279697 -0.123667 
0.050136 -0.00943833 -0.142756 
0.0462155 0.0280985 -0.200689 
-0.00189277 0.0406129 -0.101281 
-0.012222 -0.0467 0.0124039 
0.0220619 -0.0393811 -0.0950281 
0.00258843 -0.0420088 -0.138335 
-0.0106153   0.03 -0.319215 
-0.00393795 -0.04375 -0.166079 
0.0201799 -0.0308839 -0.232331 
-0.025 -0.0314585 -0.340418 
-0.0319732   0.04 0.00250302 
0.0339236 0.0149396 -0.31053 
0.0322125 0.0427405 -0.0917048 
0.00505158  0.045 -0.0692752 
-0.0271409   0.04 -0.00283858 
-0.0249458 -0.0342261 -0.319982 
-0.0067035 -0.035 -0.360369 
0.0138018 0.0438297 -0.0843149 
-0.0102348 0.045562 -0.142112 
0.0179065 0.0264723 -0.241671 
-0.00182593 -0.0427 0.00229154 
0.016094 -0.0445164 -0.164192 
 0.034 0.0286448 -0.204366 
-0.0104299 -0.0279156 -0.226387 
-0.000722925 -0.045 0.0368105 
-0.00918533 -0.035 -0.361447 
-0.0263708  -0.04 0.0188375 
0.0484 0.0140736 -0.157448 
-0.0217926 -0.0383453 -0.0622341 
0.046747 0.00950847 -0.07579660000000001 
-0.00754795 -0.0463509 0.00988934 
0.0482453 0.0308806 -0.144669 
-0.00397523 0.0397 0.0110354 
-0.00665559 0.0362236 -0.167347 
0.0354525 -0.0419414 -0.0266386 
0.0407262 0.0363175 -0.0236547 
0.0257371 0.0406311 -0.100864 
-0.00243558 0.0271335 -0.226529 
-0.0121529 -0.0179845 -0.0470639 
-0.0120568 0.0416009 0.00298696 
0.0454318 -0.0230218 -0.229821 
0.0232824 -0.0294515 -0.207825 
-0.00646471 -0.0476804 -0.0688371 
-0.0182655 0.0300804 -0.308448 
0.0427455 0.0372861 -0.0514052 
0.00253481 0.0496904 -0.063351 
-0.00283446 0.0378869 -0.129252 
0.027743  0.045 0.0235756 
0.0469563 0.0234739 -0.187828 
0.0484477 0.0003957 -0.154772 
0.0334735 0.008190329999999999 -0.288604 
0.000716738 -0.0364573 -0.196791 
-0.013403 0.0338834 -0.0445453 
0.0321961 -0.0313058 -0.196218 
0.0495275 0.0269116 -0.168443 
0.0377536 -0.0232959 -0.274321 
-0.034024 0.0420655 -0.00586976 
-0.00247475 -0.0388486 -0.139285 
0.0486935 -0.0103218 -0.08278389999999999 
0.0166309 -0.0575 0.0163998 
0.0302798 0.0390623 -0.10233 
-0.00912044 -0.0445413 -0.00843087 
0.0481997 0.0166059 -0.164564 
0.041669 0.0236263 -0.009385589999999999 
0.0115282  -0.04 -0.0336568 
-0.0280223 0.0396701 -0.111946 
0.0256352 -0.0364592 -0.161951 
0.0250614 0.0415 -0.0752685 
-0.0236263 -0.045 -0.0273909 
-0.0178614 -0.04375 -0.148746 
0.0468508 -0.0322203 -0.160911 
0.0385904 0.0393393 -0.145378 
-0.0100707   0.03 -0.368064 
0.0363865 -0.0423381 -0.000800479 
-0.015343 0.0337119 -0.259339 
0.0475117 0.0155754 -0.066815 
0.0487065 0.0230056 -0.186655 
0.0100285 -0.0372 0.00142415 
-0.0115996 -0.0411854 -0.00449108 
0.0336741 -0.0293027 -0.211233 
-0.0203848   0.03 -0.316969 
0.0386958 0.0383942 0.00973855 
0.0138253 0.000624161 0.0342188 
0.0332253 0.0296472 -0.203344 
-0.0256274 0.0374336 0.00402487 
-0.0102717 0.0315266 -0.274925 
0.0224018 0.0352034 -0.190715 
0.0476795 -0.009048550000000001 -0.09317259999999999 
-0.0157204 -0.0397976 -0.128591 
0.0009888919999999999 0.03725 -0.136185 
0.0221688 0.0378909 -0.129159 
0.0400586 0.004898 -0.0086832 
0.0404118 -0.0039069 -0.000561445 
-0.0101155 -0.0456057 -0.141918 
-0.000766425 0.0346196 -0.204085 
0.0346908 -0.0355041 -0.183721 
-0.00593453 0.0349157 -0.231768 
-0.00825093 0.0354741 -0.0188297 
-0.0112202 0.0352721 -0.18914 
0.0270727 0.031135 -0.32692 
0.013404 -0.0205431 0.0328639 
-0.0218899   0.04 -0.0245076 
-0.0325425 -0.01457 -0.0528321 
-0.0198514 -0.0332921 -0.234491 
0.0020774 -0.0262506 -0.2032 
0.0446133 0.008692480000000001 -0.223068 
0.0182175 -0.0385 -0.00430585 
0.0490309 0.0286326 -0.17489 
-0.0206777 0.0456071 0.0055824 
-0.0135865 -0.0459569 -0.163763 
-0.00420974 0.0362357 -0.167069 
-0.00360945 -0.0467314 -0.161379 
0.00567321 0.0440668 -0.102337 
0.03223 0.0400927 -0.192696 
-0.0231505 0.0379494 -0.242448 
0.0484456 -0.00807716 -0.154943 
0.0333176 0.0444374 -0.0326791 
0.0258056   0.04 -0.0146213 
0.00296084  -0.03 -0.314752 
0.013664 -0.0612614 -0.00298952 
0.0486105 0.0107643 -0.127808 
0.0236595 0.0396715 -0.0883765 
0.0184117 0.0317625 -0.212208 
-0.0156135 0.0358 -0.0346082 
0.00168259 -0.0492 0.0177356 
0.0252498 -0.0281104 -0.224242 
0.0216307 -0.00205009 0.0336161 
-0.00624581 -0.0498538 -0.068755 
0.0499761 0.0150876 -0.152613 
0.00185125 -0.0274404 -0.200749 
-0.025 -0.0332508 -0.268671 
-0.0213606 0.0409937 -0.0014391 
0.0301242 0.0158101 0.022515 
-0.0197375  0.035 -0.334188 
-0.00621009 -0.0456818 -0.139048 
-0.0187695  0.045 -0.0302311 
-0.0220111 -0.0307143 -0.0423296 
-0.013193 0.0353398 0.0128699 
0.0327722 0.0406627 -0.180304 
0.033437 0.0448366 -0.0563496 
-0.00896804 0.0110788 -0.0571863 
0.0456829 -0.00545618 -0.207491 
0.0132717 -0.0321342 -0.203695 
-0.0338729 -0.0372134 -0.0600643 
-0.0162215 0.0416162 -0.0932885 
-0.0108998 -0.0363097 -0.199841 
-0.00573323 0.0333326 -0.233561 
-0.0197224 -0.0359945 -0.172595 
0.0402021 -0.0421194 -0.124861 
-0.0332365 -0.0497122 -0.0464613 
0.0470778 -0.0107812 -0.21164 
0.0458605 -0.0344811 -0.183003 
-0.0144009 -0.0383691 -0.118208 
0.0405595 -0.0427871 -0.00320478 
0.0145111 0.039796 -0.11999 
0.0420172 0.00361474 -0.023966 
0.00248732 0.0445171 0.0258619 
-0.00567424 0.0382576 -0.202707 
0.0474888 -0.0217151 -0.0662667 
0.00793544 0.04795 -0.160997 
-0.0229191 0.0411414 -0.0663173 
0.0189332 0.00372509 0.030025 
-0.0215201 -0.035 -0.327753 
0.0353329 -0.0246506 -0.291804 
0.0491237 -0.0317254 -0.0989626 
-0.00991761 -0.059 0.0153903 
-0.0237144 0.038494 -0.229975 
0.0353036 0.00490075 0.0161522 
0.0481709 -0.029793 -0.183531 
0.0473159 0.0260368 -0.206689 
-0.013957 -0.047 -0.0260727 
0.0193146 -0.02974 -0.201219 
0.008214809999999999 -0.0408178 0.0165691 
-0.00397668 0.0331334 -0.238124 
0.0281339 0.0274713 -0.324041 
0.0253502 -0.0389244 -0.10549 
0.028229 -0.0358108 -0.211267 
0.0313404 -0.0336198 -0.235282 
0.0445601 -0.0101738 -0.032704 
0.0103357 -0.0428819 -0.148618 
-0.0170448 -0.0348105 -0.313061 
0.0256404   0.04 0.00913226 
-0.0268543 -0.0404058 -0.0456874 
0.00497158 0.0567754 -0.0129943 
-0.00185599 0.0587651 0.0137877 
-0.0191874 0.0345533 -0.205603 
-0.0244195 -0.0394686 -0.06718399999999999 
0.02633  -0.04 -0.0257951 
-0.0272775 -0.0356794 -0.0539285 
0.000287832 -0.0372 -0.0031274 
-0.0129094 -0.0105665 -0.057043 
0.0274978 0.0319234 -0.302821 
-0.00401826  -0.03 -0.319534 
0.0165824   0.03 -0.366104 
-0.0205099 0.0346095 -0.204315 
-0.0236467  0.035 -0.338861 
-0.0329373 -0.0358 -0.0585263 
0.0339141 -0.02809 -0.224711 
-0.0166177  -0.03 -0.327827 
0.0385208 -0.0338926 -0.0142116 
0.00216431  -0.03 -0.33161 
-0.00504753 0.0315 -0.314813 
0.0070233 -0.0312651 -0.223602 
0.00453819 0.0457679 -0.161696 
-0.00237744 -0.0492 0.0200557 
0.0317426 -0.0438325 0.0103784 
1.11406e-05  -0.04 -0.0293918 
0.0326253 0.0398578 -0.148027 
-0.0148241 -0.0388906 0.00690925 
0.0426039 -0.0199375 -0.240782 
0.0157905 0.0350578 0.0112129 
0.0169932  0.035 -0.315428 
0.041633 -0.0343564 -0.208018 
-0.00213567 -0.0384789 0.009246320000000001 
0.0187529 -0.0304681 -0.335015 
0.0141033 -0.0218583 0.0325252 
0.00584357 -0.0462956 -0.0528697 
-0.021848 -0.045 0.0122896 
0.0415939 -0.032746 -0.00864791 
-0.0219149 -0.0455477 -0.0757558 
-0.00235081 -0.0359733 -0.207545 
-0.0044442 -0.0392675 -0.09762990000000001 
0.0416234 -0.0343716 -0.0237448 
-0.00596213  -0.03 -0.364085 
0.0284841 0.0274581 -0.219093 
-0.0157358 -0.0314199 -0.27737 
0.0206446  -0.04 0.0253533 
0.0072119 -0.0408778 -0.0952123 
0.0447529 -0.0140968 -0.0503575 
-0.0144282 0.048111 0.0158199 
-0.0215478 0.0453 -0.0692357 
0.0467062 -0.0370037 -0.1359 
-0.025 0.0337484 -0.303847 
0.0186985 0.0454145 -0.0295634 
0.0463386 -0.018023 -0.0522153 
-0.0264495 -0.0417512 0.00615411 
-0.00648755 -0.0235491 -0.0575608 
-0.00486224 -0.0440549 -0.156349 
-0.008146189999999999 0.0406014 -0.0194781 
0.0399288 -0.0375505 -0.022716 
0.0135273  -0.04 -0.0517335 
-0.0415212  -0.04 -0.0316283 
-0.0237472 -0.0427965 -0.0711471 
-0.0212077 0.0115971 -0.0567412 
-8.704639999999999e-05 0.0422176 -0.0357266 
0.0210406 -0.0347672 -0.312194 
-0.0288362   0.04 -0.03046 
-0.00737668 -0.04845 -0.160067 
0.0499924 -0.00221405 -0.124087 
-0.014493 -0.0450052 0.0114903 
0.0102132 -0.0535302 0.0147621 
0.0460968 0.0165094 -0.0674384 
-0.0271895 -0.0453 -0.038984 
-0.0204068 0.0408807 0.0342928 
0.0464633 0.0185519 -0.200148 
0.0124076 -0.0397 0.00517972 
0.0499874 0.0141648 -0.152119 
0.0141244 0.0366772 -0.156957 
-0.0413839 0.0456447 -0.053103 
3 750 936 548 
3 936 333 548 
3 333 484 548 
3 484 333 936 
3 999 936 577 
3 484 999 577 
3 999 484 936 
3 813 766 450 
3 766 36 860 
3 36 627 860 
3 934 813 450 
3 294 934 32 
3 934 294 813 
3 750 258 936 
3 766 258 750 
3 813 258 766 
3 377 173 577 
3 173 377 32 
3 294 377 577 
3 377 294 32 
3 532 173 32 
3 350 484 577 
3 122 350 577 
3 350 647 484 
3 647 350 122 
3 894 905 972 
3 959 894 833 
3 97 767 122 
3 994 97 122 
3 524 74 860 
3 757 766 860 
3 766 757 450 
3 905 799 161 
3 204 905 161 
3 903 766 750 
3 903 36 766 
3 903 575 36 
3 36 906 627 
3 294 386 813 
3 258 386 936 
3 386 258 813 
3 936 386 577 
3 386 294 577 
3 5 660 551 
3 660 5 560 
3 457 822 560 
3 822 894 706 
3 894 822 833 
3 211 5 551 
3 173 925 577 
3 337 994 122 
3 337 122 577 
3 925 337 577 
3 337 462 994 
3 619 234 994 
3 97 234 542 
3 234 97 994 
3 234 867 542 
3 867 234 619 
3 713 894 972 
3 37 959 401 
3 37 894 959 
3 894 37 905 
3 97 640 767 
3 906 640 97 
3 466 97 542 
3 867 466 542 
3 466 867 706 
3 889 524 860 
3 74 155 860 
3 155 757 860 
3 757 155 450 
3 45 453 551 
3 64 453 161 
3 453 204 161 
3 899 799 905 
3 899 37 401 
3 37 899 905 
3 756 750 548 
3 756 903 750 
3 903 756 575 
3 503 906 36 
3 640 408 767 
3 408 640 906 
3 503 408 906 
3 767 408 122 
3 408 647 122 
3 408 503 548 
3 484 408 548 
3 647 408 484 
3 95 532 32 
3 54 95 32 
3 107 752 32 
3 752 54 32 
3 173 635 560 
3 822 804 833 
3 804 822 457 
3 804 959 833 
3 804 457 959 
3 788 462 173 
3 462 788 619 
3 788 173 560 
3 822 788 560 
3 211 119 457 
3 211 344 5 
3 344 457 560 
3 344 211 457 
3 462 404 173 
3 404 462 337 
3 404 925 173 
3 404 337 925 
3 282 619 994 
3 462 282 994 
3 282 462 619 
3 595 867 619 
3 788 595 619 
3 595 788 822 
3 867 595 706 
3 627 93 860 
3 713 93 894 
3 93 889 860 
3 573 906 97 
3 906 573 627 
3 573 93 627 
3 894 573 706 
3 93 573 894 
3 892 80 524 
3 892 889 972 
3 889 892 524 
3 524 112 74 
3 80 112 524 
3 155 112 450 
3 112 155 74 
3 204 588 741 
3 453 588 204 
3 588 997 741 
3 588 453 45 
3 997 588 45 
3 975 899 401 
3 899 975 514 
3 975 366 514 
3 899 366 799 
3 366 899 514 
3 799 649 161 
3 649 64 161 
3 322 756 548 
3 756 322 575 
3 503 322 548 
3 575 890 36 
3 890 503 36 
3 322 890 575 
3 890 322 503 
3 817 795 848 
3 781 281 102 
3 795 869 45 
3 869 997 45 
3 816 551 401 
3 816 60 551 
3 26 60 401 
3 60 816 401 
3 119 919 457 
3 959 919 401 
3 457 919 959 
3 5 260 560 
3 260 344 560 
3 344 260 5 
3 908 822 706 
3 595 908 706 
3 908 595 822 
3 889 25 972 
3 93 25 889 
3 25 713 972 
3 25 93 713 
3 466 765 97 
3 765 573 97 
3 573 765 466 
3 355 466 706 
3 573 355 706 
3 355 573 466 
3 905 446 972 
3 446 892 972 
3 204 446 905 
3 179 934 450 
3 112 179 450 
3 934 179 32 
3 179 107 32 
3 179 752 107 
3 179 697 752 
3 697 179 112 
3 209 891 626 
3 781 891 209 
3 701 366 551 
3 366 701 799 
3 139 701 551 
3 701 139 799 
3 366 202 551 
3 202 366 975 
3 551 202 401 
3 202 975 401 
3 139 31 799 
3 31 649 799 
3 31 139 551 
3 910 209 626 
3 817 910 626 
3 910 817 848 
3 95 910 848 
3 209 910 54 
3 910 95 54 
3 472 781 209 
3 281 472 209 
3 472 281 781 
3 197 660 560 
3 635 197 560 
3 95 296 532 
3 296 95 848 
3 296 197 635 
3 197 296 660 
3 795 296 848 
3 660 296 551 
3 296 45 551 
3 296 795 45 
3 493 119 211 
3 493 60 26 
3 493 211 551 
3 60 493 551 
3 892 909 80 
3 446 909 892 
3 909 204 741 
3 909 446 204 
3 697 465 752 
3 752 465 54 
3 465 209 54 
3 465 281 209 
3 137 697 781 
3 428 697 112 
3 697 428 781 
3 428 112 80 
3 781 428 80 
3 649 153 64 
3 31 153 649 
3 153 453 64 
3 453 153 551 
3 153 31 551 
3 296 704 532 
3 704 296 635 
3 532 704 173 
3 704 635 173 
3 522 919 119 
3 493 522 119 
3 919 522 401 
3 309 781 80 
3 909 309 80 
3 309 891 781 
3 891 309 626 
3 464 465 697 
3 137 464 697 
3 281 464 102 
3 465 464 281 
3 464 781 102 
3 464 137 781 
3 522 365 401 
3 365 522 493 
3 365 26 401 
3 365 493 26 
3 309 733 626 
3 733 909 741 
3 733 309 909 
3 997 733 741 
3 733 817 626 
3 817 733 795 
3 733 869 795 
3 869 733 997 
Vertices and facets:
- p750(v11): -0.025 -0.031 -0.34
- p936(v6): -0.024 0.035 -0.34
- p548(v1): -0.046 -0.042 -0.057
- p333(v17): -0.042  0.04 -0.064
- p484(v10): -0.044 0.045 -0.044
- p999(v18): -0.041 0.046 -0.053
- p577(v3): -0.013 0.061 -0.011
- p813(v20): -0.01  0.03 -0.37
- p766(v19): -0.0092 -0.035 -0.36
- p450(v4): 0.0035 -0.031 -0.37
- p36(v31): -0.013 -0.059 -0.019
- p860(v9): 0.014 -0.061 -0.003
- p627(v27): 0.013 -0.061 0.0092
- p934(v32): 0.017  0.03 -0.37
- p294(v33): 0.0066 0.034 -0.36
- p32(v12): 0.025 0.034 -0.35
- p258(v34): -0.018  0.03 -0.36
- p377(v36): 0.0041  0.06 -0.019
- p173(v22):  0.02 0.059 0.015
- p532(v38): 0.038 0.037 -0.22
- p350(v42): -0.032 0.044 0.0094
- p122(v25): -0.032 0.042 0.023
- p647(v45): -0.037  0.04  0.01
- p894(v48): 0.041 -0.043 -0.0032
- p905(v30): 0.049 -0.032 -0.099
- p972(v16): 0.047 -0.037 -0.14
- p959(v40): 0.042 -0.033 -0.0086
- p833(v24):  0.04 -0.0039 -0.00056
- p97(v49): -0.0077 -0.044 0.039
- p767(v44): -0.026 -0.04 0.019
- p994(v43): -0.02 0.041 0.034
- p524(v50): 0.037 -0.038 -0.22
- p74(v28): 0.023 -0.034 -0.32
- p757(v52): -0.0067 -0.035 -0.36
- p799(v55): 0.049 -0.01 -0.083
- p161(v29): 0.049 -0.016 -0.098
- p204(v56):  0.05 -0.019 -0.13
- p903(v58): -0.022 -0.035 -0.33
- p575(v57): -0.032 -0.05 -0.054
- p906(v59): -0.0099 -0.059 0.015
- p386(v60): -0.0078 0.035 -0.36
- p660(v64): 0.047 0.037 -0.081
- p5(v63): 0.046 0.035 -0.062
- p551(v23): 0.048  0.03 -0.078
- p560(v8): 0.038 0.045 0.0026
- p822(v66): 0.039 0.038 0.0097
- p457(v41): 0.042 0.034 -0.013
- p706(v5): 0.034 -0.036 0.017
- p211(v67): 0.045 0.032 -0.043
- p925(v68): -0.0019 0.059 0.014
- p337(v69): -0.018 0.046  0.03
- p462(v71): 0.012 0.044 0.031
- p234(v72): 0.017 0.016 0.036
- p619(v47): 0.019 0.032 0.035
- p542(v26): 0.015 -0.00053 0.037
- p867(v73): 0.022 -0.0021 0.034
- p713(v74): 0.042 -0.042 -0.07
- p37(v76): 0.044 -0.033 -0.029
- p401(v13): 0.045 -0.024 -0.042
- p640(v77): -0.015 -0.049  0.03
- p466(v78): 0.011 -0.038 0.038
- p889(v79):  0.04 -0.042 -0.12
- p155(v81):  0.01 -0.034 -0.35
- p453(v84):  0.05 0.017 -0.12
- p45(v39):  0.05 0.024 -0.16
- p64(v54):  0.05 0.014  -0.1
- p899(v86): 0.047 -0.022 -0.066
- p756(v88): -0.025 -0.034 -0.32
- p503(v89): -0.038 -0.047 -0.045
- p408(v90): -0.041 -0.04 -0.012
- p95(v92): 0.045 0.031 -0.22
- p54(v62):  0.04 0.029 -0.26
- p752(v93): 0.034 0.015 -0.31
- p107(v53): 0.026  0.03 -0.35
- p635(v94): 0.041 0.043 -0.072
- p804(v96): 0.042 0.024 -0.0094
- p788(v97): 0.028 0.045 0.024
- p119(v99): 0.044 0.032 -0.03
- p344(v100): 0.045 0.035 -0.05
- p404(v101):  0.01 0.058 0.017
- p282(v102): 0.012 0.039 0.033
- p595(v103): 0.034 0.0088 0.018
- p93(v105): 0.023 -0.058 0.0065
- p573(v106): 0.016 -0.059 0.018
- p892(v107): 0.046 -0.034 -0.18
- p80(v80): 0.043 -0.034 -0.22
- p112(v108): 0.027 -0.031 -0.34
- p588(v110):  0.05 0.013 -0.12
- p741(v2):  0.05 -0.0094 -0.14
- p997(v95):  0.05 0.014 -0.15
- p975(v111): 0.046 -0.018 -0.052
- p514(v85): 0.048 -0.011 -0.069
- p366(v112): 0.048 0.0023 -0.077
- p649(v113): 0.049 0.016 -0.09
- p322(v114): -0.04 -0.045 -0.06
- p890(v115): -0.033 -0.05 -0.046
- p817(v116): 0.049 0.023 -0.19
- p795(v65):  0.05 0.027 -0.17
- p848(v21): 0.049 0.029 -0.17
- p281(v118): 0.044 0.0095 -0.25
- p781(v109): 0.045 -0.023 -0.23
- p102(v35): 0.043 -7.7e-05 -0.25
- p869(v120):  0.05 0.015 -0.15
- p816(v121): 0.048 0.016 -0.067
- p60(v122): 0.048 0.022 -0.069
- p26(v98): 0.046 -0.0098 -0.045
- p919(v123): 0.045 -0.01 -0.033
- p260(v124): 0.045 0.036 -0.05
- p908(v125): 0.035 0.0049 0.016
- p25(v126):  0.04 -0.042 -0.12
- p765(v127): -0.00072 -0.045 0.037
- p355(v128): 0.027 -0.04 0.022
- p446(v129): 0.048 -0.033 -0.16
- p179(v130): 0.026 -0.028 -0.34
- p697(v131): 0.036 -0.019  -0.3
- p891(v132): 0.047 -0.011 -0.21
- p209(v91): 0.046  0.02 -0.22
- p626(v61): 0.048 0.0072 -0.19
- p701(v133): 0.049 0.0042 -0.08
- p139(v87): 0.049 0.019 -0.08
- p202(v134): 0.047 0.0057 -0.064
- p31(v135): 0.049 0.024 -0.084
- p910(v136): 0.047 0.026 -0.21
- p472(v137): 0.045 0.014 -0.23
- p197(v138): 0.046 0.038 -0.076
- p296(v139): 0.048 0.035 -0.14
- p493(v140): 0.046  0.01 -0.046
- p909(v141): 0.048 -0.03 -0.18
- p465(v142): 0.039 0.012 -0.28
- p137(v143): 0.039 -0.018 -0.28
- p428(v144): 0.037 -0.029 -0.28
- p153(v145): 0.049  0.02 -0.095
- p704(v146): 0.044 0.037 -0.15
- p522(v147): 0.045 -0.015 -0.039
- p309(v148): 0.047 -0.026 -0.21
- p464(v149): 0.042 -0.012 -0.26
- p365(v150): 0.046 -0.008 -0.043
- p733(v151): 0.049 0.0006 -0.18
- f30
    - flags: top simplicial
    - normal:   -0.9972  0.02198 -0.07136
    - offset: -0.04853008
    - vertices: p750(v11) p936(v6) p548(v1)
    - neighboring facets: f59 f398 f140
- f59
    - flags: bottom simplicial
    - normal:   -0.9971  0.03072 -0.06896
    - offset: -0.04802328
    - vertices: p333(v17) p936(v6) p548(v1)
    - neighboring facets: f30 f60 f61
- f60
    - flags: top simplicial
    - normal:   -0.9977  0.03158 -0.05932
    - offset: -0.04746435
    - vertices: p333(v17) p484(v10) p548(v1)
    - neighboring facets: f413 f59 f61
- f61
    - flags: bottom simplicial
    - normal:   -0.9949  0.07294 -0.06958
    - offset: -0.04965654
    - vertices: p333(v17) p484(v10) p936(v6)
    - neighboring facets: f64 f59 f60
- f62
    - flags: top simplicial
    - normal:   -0.4062   0.9119 -0.05918
    - offset: -0.06157466
    - vertices: p999(v18) p936(v6) p577(v3)
    - neighboring facets: f268 f63 f64
- f63
    - flags: bottom simplicial
    - normal:   -0.4316   0.9013 -0.03838
    - offset: -0.06103644
    - vertices: p999(v18) p484(v10) p577(v3)
    - neighboring facets: f175 f62 f64
- f64
    - flags: top simplicial
    - normal:   -0.5227   0.8501 -0.06411
    - offset: -0.06383813
    - vertices: p999(v18) p484(v10) p936(v6)
    - neighboring facets: f61 f62 f63
- f72
    - flags: top simplicial
    - normal:   -0.7061 -0.08123  -0.7034
    - offset: -0.2635829
    - vertices: p813(v20) p766(v19) p450(v4)
    - neighboring facets: f229 f133 f143
- f126
    - flags: bottom simplicial
    - normal:  -0.02648  -0.9971 -0.07136
    - offset: -0.06093521
    - vertices: p36(v31) p766(v19) p860(v9)
    - neighboring facets: f226 f127 f255
- f127
    - flags: top simplicial
    - normal:  -0.06854  -0.9976 -0.001748
    - offset: -0.06018601
    - vertices: p36(v31) p627(v27) p860(v9)
    - neighboring facets: f476 f126 f262
- f133
    - flags: top simplicial
    - normal:   0.07278   0.1234  -0.9897
    - offset: -0.3672371
    - vertices: p934(v32) p813(v20) p450(v4)
    - neighboring facets: f72 f605 f139
- f138
    - flags: top simplicial
    - normal:    0.3133   0.8576  -0.4078
    - offset: -0.1802323
    - vertices: p294(v33) p934(v32) p32(v12)
    - neighboring facets: f607 f152 f139
- f139
    - flags: bottom simplicial
    - normal:   0.06567   0.4453   -0.893
    - offset: -0.3413688
    - vertices: p294(v33) p934(v32) p813(v20)
    - neighboring facets: f133 f265 f138
- f140
    - flags: bottom simplicial
    - normal:   -0.9571  0.02625  -0.2885
    - offset: -0.1213252
    - vertices: p258(v34) p750(v11) p936(v6)
    - neighboring facets: f30 f266 f142
- f142
    - flags: bottom simplicial
    - normal:   -0.8031 -0.08165  -0.5902
    - offset: -0.2235667
    - vertices: p258(v34) p766(v19) p750(v11)
    - neighboring facets: f254 f140 f143
- f143
    - flags: bottom simplicial
    - normal:    -0.768  -0.0752   -0.636
    - offset: -0.2395541
    - vertices: p258(v34) p813(v20) p766(v19)
    - neighboring facets: f72 f142 f267
- f149
    - flags: top simplicial
    - normal:   0.07719   0.9969 -0.01606
    - offset: -0.0599681
    - vertices: p377(v36) p173(v22) p577(v3)
    - neighboring facets: f308 f151 f150
- f150
    - flags: bottom simplicial
    - normal:    0.1793   0.9817 -0.06409
    - offset: -0.06037384
    - vertices: p377(v36) p173(v22) p32(v12)
    - neighboring facets: f158 f152 f149
- f151
    - flags: bottom simplicial
    - normal:   0.05164   0.9961 -0.07214
    - offset: -0.06085456
    - vertices: p377(v36) p294(v33) p577(v3)
    - neighboring facets: f269 f149 f152
- f152
    - flags: top simplicial
    - normal:   0.07162   0.9948 -0.07191
    - offset: -0.06085953
    - vertices: p377(v36) p294(v33) p32(v12)
    - neighboring facets: f138 f150 f151
- f158
    - flags: top simplicial
    - normal:    0.3532   0.9337  -0.0583
    - offset: -0.06108534
    - vertices: p532(v38) p173(v22) p32(v12)
    - neighboring facets: f150 f424 f693
- f175
    - flags: top simplicial
    - normal:   -0.5663   0.8146   0.1252
    - offset: -0.0557602
    - vertices: p350(v42) p484(v10) p577(v3)
    - neighboring facets: f63 f176 f191
- f176
    - flags: bottom simplicial
    - normal:   -0.5251    0.832   0.1792
    - offset: -0.05569765
    - vertices: p350(v42) p122(v25) p577(v3)
    - neighboring facets: f316 f175 f192
- f191
    - flags: bottom simplicial
    - normal:    -0.662   0.7355    0.144
    - offset: -0.0555323
    - vertices: p647(v45) p350(v42) p484(v10)
    - neighboring facets: f175 f414 f192
- f192
    - flags: top simplicial
    - normal:   -0.6581   0.7355   0.1611
    - offset: -0.05556407
    - vertices: p647(v45) p350(v42) p122(v25)
    - neighboring facets: f176 f411 f191
- f205
    - flags: top simplicial
    - normal:    0.8576   -0.514  0.01732
    - offset: -0.05672179
    - vertices: p894(v48) p905(v30) p972(v16)
    - neighboring facets: f597 f338 f347
- f210
    - flags: bottom simplicial
    - normal:     0.985 -0.007983   0.1725
    - offset: -0.03973936
    - vertices: p894(v48) p959(v40) p833(v24)
    - neighboring facets: f442 f300 f345
- f213
    - flags: top simplicial
    - normal:   -0.7438 -0.09172   0.6621
    - offset: -0.03575536
    - vertices: p97(v49) p767(v44) p122(v25)
    - neighboring facets: f410 f217 f349
- f217
    - flags: bottom simplicial
    - normal:   -0.6736 -0.05779   0.7368
    - offset: -0.0366515
    - vertices: p97(v49) p994(v43) p122(v25)
    - neighboring facets: f315 f213 f329
- f220
    - flags: top simplicial
    - normal:    0.2678  -0.9606 -0.07473
    - offset: -0.06272859
    - vertices: p524(v50) p74(v28) p860(v9)
    - neighboring facets: f368 f357 f500
- f226
    - flags: top simplicial
    - normal:   0.03262  -0.9966  -0.0751
    - offset: -0.06172592
    - vertices: p757(v52) p766(v19) p860(v9)
    - neighboring facets: f126 f369 f229
- f229
    - flags: bottom simplicial
    - normal:   0.09321  -0.9722  -0.2146
    - offset: -0.1107357
    - vertices: p757(v52) p766(v19) p450(v4)
    - neighboring facets: f72 f372 f226
- f242
    - flags: bottom simplicial
    - normal:    0.9984  -0.0195  0.05234
    - offset: -0.04448575
    - vertices: p799(v55) p905(v30) p161(v29)
    - neighboring facets: f245 f534 f389
- f245
    - flags: top simplicial
    - normal:    0.9996 -0.01766  0.02316
    - offset: -0.04737136
    - vertices: p204(v56) p905(v30) p161(v29)
    - neighboring facets: f242 f385 f599
- f254
    - flags: top simplicial
    - normal:   -0.3957  -0.9069  -0.1449
    - offset: -0.0877355
    - vertices: p903(v58) p766(v19) p750(v11)
    - neighboring facets: f142 f399 f255
- f255
    - flags: top simplicial
    - normal:   -0.1968  -0.9778 -0.07206
    - offset: -0.06207569
    - vertices: p903(v58) p36(v31) p766(v19)
    - neighboring facets: f126 f254 f256
- f256
    - flags: top simplicial
    - normal:   -0.3464  -0.9359 -0.06478
    - offset: -0.06144183
    - vertices: p903(v58) p575(v57) p36(v31)
    - neighboring facets: f543 f255 f401
- f262
    - flags: bottom simplicial
    - normal:  -0.09178  -0.9956   0.0199
    - offset: -0.05995579
    - vertices: p906(v59) p36(v31) p627(v27)
    - neighboring facets: f127 f486 f402
- f265
    - flags: bottom simplicial
    - normal:   -0.1518   0.8999  -0.4089
    - offset: -0.1790105
    - vertices: p386(v60) p294(v33) p813(v20)
    - neighboring facets: f139 f267 f269
- f266
    - flags: bottom simplicial
    - normal:   -0.3813   0.8685  -0.3169
    - offset: -0.1467865
    - vertices: p386(v60) p258(v34) p936(v6)
    - neighboring facets: f140 f268 f267
- f267
    - flags: top simplicial
    - normal:   -0.3759   0.8617  -0.3408
    - offset: -0.1550719
    - vertices: p386(v60) p258(v34) p813(v20)
    - neighboring facets: f143 f265 f266
- f268
    - flags: bottom simplicial
    - normal:  -0.09113    0.993 -0.07574
    - offset: -0.0625733
    - vertices: p386(v60) p936(v6) p577(v3)
    - neighboring facets: f62 f269 f266
- f269
    - flags: top simplicial
    - normal:   0.01041   0.9972 -0.07452
    - offset: -0.06148753
    - vertices: p386(v60) p294(v33) p577(v3)
    - neighboring facets: f151 f268 f265
- f286
    - flags: bottom simplicial
    - normal:    0.9655   0.2552  0.05098
    - offset: -0.05036909
    - vertices: p660(v64) p5(v63) p551(v23)
    - neighboring facets: f305 f654 f287
- f287
    - flags: top simplicial
    - normal:    0.9263   0.3714  0.06337
    - offset: -0.05187794
    - vertices: p660(v64) p5(v63) p560(v8)
    - neighboring facets: f581 f646 f286
- f296
    - flags: bottom simplicial
    - normal:    0.9661   0.2384  0.09881
    - offset: -0.04750087
    - vertices: p822(v66) p457(v41) p560(v8)
    - neighboring facets: f458 f448 f441
- f299
    - flags: top simplicial
    - normal:    0.9494 -0.02806   0.3127
    - offset: -0.03870698
    - vertices: p822(v66) p894(v48) p706(v5)
    - neighboring facets: f489 f584 f300
- f300
    - flags: bottom simplicial
    - normal:    0.9787 -0.01022    0.205
    - offset: -0.03947592
    - vertices: p822(v66) p894(v48) p833(v24)
    - neighboring facets: f210 f440 f299
- f305
    - flags: top simplicial
    - normal:    0.9782   0.1941  0.07431
    - offset: -0.04734318
    - vertices: p211(v67) p5(v63) p551(v23)
    - neighboring facets: f286 f662 f457
- f308
    - flags: bottom simplicial
    - normal:  -0.01028   0.9954  0.09524
    - offset: -0.05982711
    - vertices: p925(v68) p173(v22) p577(v3)
    - neighboring facets: f149 f317 f462
- f315
    - flags: top simplicial
    - normal:   -0.4791   0.6715   0.5653
    - offset: -0.05661396
    - vertices: p337(v69) p994(v43) p122(v25)
    - neighboring facets: f217 f316 f325
- f316
    - flags: top simplicial
    - normal:   -0.4097   0.8723   0.2669
    - offset: -0.05570396
    - vertices: p337(v69) p122(v25) p577(v3)
    - neighboring facets: f176 f317 f315
- f317
    - flags: bottom simplicial
    - normal:   -0.4095   0.8724    0.267
    - offset: -0.05570532
    - vertices: p337(v69) p925(v68) p577(v3)
    - neighboring facets: f308 f316 f463
- f325
    - flags: bottom simplicial
    - normal:   0.01387    0.631   0.7756
    - offset: -0.05211283
    - vertices: p462(v71) p337(v69) p994(v43)
    - neighboring facets: f315 f465 f461
- f327
    - flags: bottom simplicial
    - normal:  0.002881   0.0807   0.9967
    - offset: -0.03742097
    - vertices: p234(v72) p619(v47) p994(v43)
    - neighboring facets: f464 f329 f335
- f328
    - flags: bottom simplicial
    - normal:   0.02293  0.04098   0.9989
    - offset: -0.03720348
    - vertices: p234(v72) p97(v49) p542(v26)
    - neighboring facets: f352 f334 f329
- f329
    - flags: top simplicial
    - normal:  -0.01363    0.056   0.9983
    - offset: -0.03680312
    - vertices: p234(v72) p97(v49) p994(v43)
    - neighboring facets: f217 f327 f328
- f334
    - flags: bottom simplicial
    - normal:     0.464 -0.007012   0.8858
    - offset: -0.03982845
    - vertices: p867(v73) p234(v72) p542(v26)
    - neighboring facets: f328 f353 f335
- f335
    - flags: top simplicial
    - normal:    0.4785 -0.002181   0.8781
    - offset: -0.0398725
    - vertices: p867(v73) p234(v72) p619(v47)
    - neighboring facets: f327 f467 f334
- f338
    - flags: top simplicial
    - normal:    0.7293  -0.6841 0.003966
    - offset: -0.05884134
    - vertices: p713(v74) p894(v48) p972(v16)
    - neighboring facets: f205 f589 f478
- f344
    - flags: top simplicial
    - normal:    0.9935 -0.01078   0.1138
    - offset: -0.04069086
    - vertices: p37(v76) p959(v40) p401(v13)
    - neighboring facets: f577 f390 f345
- f345
    - flags: top simplicial
    - normal:    0.9927 -0.04078   0.1134
    - offset: -0.04164537
    - vertices: p37(v76) p894(v48) p959(v40)
    - neighboring facets: f210 f344 f347
- f347
    - flags: bottom simplicial
    - normal:    0.9869  -0.1445  0.07158
    - offset: -0.04598125
    - vertices: p37(v76) p894(v48) p905(v30)
    - neighboring facets: f205 f391 f345
- f349
    - flags: bottom simplicial
    - normal:   -0.7441  -0.1559   0.6497
    - offset: -0.03809631
    - vertices: p640(v77) p97(v49) p767(v44)
    - neighboring facets: f213 f407 f351
- f351
    - flags: bottom simplicial
    - normal:   -0.1586  -0.8292   0.5359
    - offset: -0.05874525
    - vertices: p640(v77) p906(v59) p97(v49)
    - neighboring facets: f484 f349 f408
- f352
    - flags: top simplicial
    - normal:   0.03614  0.03396   0.9988
    - offset: -0.03740533
    - vertices: p466(v78) p97(v49) p542(v26)
    - neighboring facets: f328 f353 f591
- f353
    - flags: bottom simplicial
    - normal:    0.4624 -0.01532   0.8865
    - offset: -0.03983536
    - vertices: p466(v78) p867(v73) p542(v26)
    - neighboring facets: f334 f352 f354
- f354
    - flags: top simplicial
    - normal:     0.686  -0.1001   0.7207
    - offset: -0.03927089
    - vertices: p466(v78) p867(v73) p706(v5)
    - neighboring facets: f471 f594 f353
- f357
    - flags: top simplicial
    - normal:    0.4044  -0.9129 -0.05532
    - offset: -0.0616166
    - vertices: p889(v79) p524(v50) p860(v9)
    - neighboring facets: f220 f481 f493
- f368
    - flags: bottom simplicial
    - normal:    0.1487  -0.9856 -0.08039
    - offset: -0.06265211
    - vertices: p155(v81) p74(v28) p860(v9)
    - neighboring facets: f220 f369 f507
- f369
    - flags: top simplicial
    - normal:    0.1379  -0.9872  -0.0804
    - offset: -0.06260072
    - vertices: p155(v81) p757(v52) p860(v9)
    - neighboring facets: f226 f368 f372
- f372
    - flags: bottom simplicial
    - normal:     0.191  -0.9709  -0.1444
    - offset: -0.08472595
    - vertices: p155(v81) p757(v52) p450(v4)
    - neighboring facets: f229 f506 f369
- f380
    - flags: bottom simplicial
    - normal:    0.9973  0.07233  0.01424
    - offset: -0.04932454
    - vertices: p453(v84) p45(v39) p551(v23)
    - neighboring facets: f655 f689 f523
- f384
    - flags: bottom simplicial
    - normal:    0.9997 -0.002138  0.02365
    - offset: -0.04707391
    - vertices: p453(v84) p64(v54) p161(v29)
    - neighboring facets: f536 f385 f688
- f385
    - flags: top simplicial
    - normal:    0.9997 -0.003051  0.02217
    - offset: -0.04723579
    - vertices: p453(v84) p204(v56) p161(v29)
    - neighboring facets: f245 f384 f521
- f389
    - flags: top simplicial
    - normal:    0.9981 -0.02298  0.05695
    - offset: -0.04412467
    - vertices: p899(v86) p799(v55) p905(v30)
    - neighboring facets: f242 f391 f532
- f390
    - flags: top simplicial
    - normal:    0.9948 -0.06814  0.07527
    - offset: -0.04373488
    - vertices: p899(v86) p37(v76) p401(v13)
    - neighboring facets: f344 f527 f391
- f391
    - flags: bottom simplicial
    - normal:    0.9944 -0.07592  0.07297
    - offset: -0.04403797
    - vertices: p899(v86) p37(v76) p905(v30)
    - neighboring facets: f347 f389 f390
- f398
    - flags: top simplicial
    - normal:   -0.7915   -0.606 -0.07997
    - offset: -0.06607094
    - vertices: p756(v88) p750(v11) p548(v1)
    - neighboring facets: f30 f539 f399
- f399
    - flags: top simplicial
    - normal:    -0.465  -0.8775  -0.1176
    - offset: -0.07926188
    - vertices: p756(v88) p903(v58) p750(v11)
    - neighboring facets: f254 f398 f401
- f401
    - flags: bottom simplicial
    - normal:   -0.3579  -0.9315   -0.065
    - offset: -0.06160728
    - vertices: p756(v88) p903(v58) p575(v57)
    - neighboring facets: f256 f540 f399
- f402
    - flags: top simplicial
    - normal:   -0.4953  -0.8668  0.05841
    - offset: -0.0569498
    - vertices: p503(v89) p906(v59) p36(v31)
    - neighboring facets: f262 f544 f409
- f407
    - flags: bottom simplicial
    - normal:    -0.759  -0.5299   0.3783
    - offset: -0.04833847
    - vertices: p408(v90) p640(v77) p767(v44)
    - neighboring facets: f349 f410 f408
- f408
    - flags: top simplicial
    - normal:   -0.6572  -0.7002    0.279
    - offset: -0.05212433
    - vertices: p408(v90) p640(v77) p906(v59)
    - neighboring facets: f351 f409 f407
- f409
    - flags: bottom simplicial
    - normal:   -0.5745  -0.8117   0.1054
    - offset: -0.05521122
    - vertices: p408(v90) p503(v89) p906(v59)
    - neighboring facets: f402 f408 f412
- f410
    - flags: bottom simplicial
    - normal:   -0.8926 -0.09001   0.4417
    - offset: -0.03546074
    - vertices: p408(v90) p767(v44) p122(v25)
    - neighboring facets: f213 f411 f407
- f411
    - flags: top simplicial
    - normal:   -0.9337 -0.04792   0.3548
    - offset: -0.03649452
    - vertices: p408(v90) p647(v45) p122(v25)
    - neighboring facets: f192 f410 f414
- f412
    - flags: top simplicial
    - normal:   -0.6372  -0.7656  0.08857
    - offset: -0.05615878
    - vertices: p408(v90) p503(v89) p548(v1)
    - neighboring facets: f541 f413 f409
- f413
    - flags: bottom simplicial
    - normal:    -0.996 0.009972  0.08828
    - offset: -0.03988341
    - vertices: p408(v90) p484(v10) p548(v1)
    - neighboring facets: f60 f412 f414
- f414
    - flags: bottom simplicial
    - normal:   -0.9929  0.02104    0.117
    - offset: -0.03897071
    - vertices: p408(v90) p647(v45) p484(v10)
    - neighboring facets: f191 f413 f411
- f424
    - flags: top simplicial
    - normal:    0.7044   0.7045 -0.08703
    - offset: -0.07221542
    - vertices: p95(v92) p532(v38) p32(v12)
    - neighboring facets: f158 f425 f648
- f425
    - flags: bottom simplicial
    - normal:    0.8777   0.4642  -0.1194
    - offset: -0.07976351
    - vertices: p95(v92) p54(v62) p32(v12)
    - neighboring facets: f431 f424 f640
- f430
    - flags: bottom simplicial
    - normal:    0.9814  0.08896  -0.1703
    - offset: -0.08749397
    - vertices: p752(v93) p107(v53) p32(v12)
    - neighboring facets: f608 f431 f609
- f431
    - flags: top simplicial
    - normal:    0.9806   0.1171  -0.1569
    - offset: -0.08374163
    - vertices: p752(v93) p54(v62) p32(v12)
    - neighboring facets: f425 f430 f675
- f434
    - flags: bottom simplicial
    - normal:    0.6127   0.7903 0.0006593
    - offset: -0.05867917
    - vertices: p635(v94) p173(v22) p560(v8)
    - neighboring facets: f447 f647 f694
- f440
    - flags: bottom simplicial
    - normal:    0.9885   0.0033   0.1511
    - offset: -0.03984964
    - vertices: p804(v96) p822(v66) p833(v24)
    - neighboring facets: f300 f442 f441
- f441
    - flags: top simplicial
    - normal:    0.9885 0.003655   0.1509
    - offset: -0.03986219
    - vertices: p804(v96) p822(v66) p457(v41)
    - neighboring facets: f296 f443 f440
- f442
    - flags: top simplicial
    - normal:    0.9898 0.0005491   0.1427
    - offset: -0.03991578
    - vertices: p804(v96) p959(v40) p833(v24)
    - neighboring facets: f210 f440 f443
- f443
    - flags: top simplicial
    - normal:    0.9898 0.000549   0.1427
    - offset: -0.03991593
    - vertices: p804(v96) p457(v41) p959(v40)
    - neighboring facets: f578 f442 f441
- f445
    - flags: top simplicial
    - normal:     0.315   0.6194   0.7191
    - offset: -0.05356476
    - vertices: p788(v97) p462(v71) p173(v22)
    - neighboring facets: f460 f447 f446
- f446
    - flags: bottom simplicial
    - normal:    0.3691    0.468   0.8029
    - offset: -0.05023101
    - vertices: p788(v97) p462(v71) p619(v47)
    - neighboring facets: f466 f468 f445
- f447
    - flags: top simplicial
    - normal:    0.7123   0.6142   0.3396
    - offset: -0.0554082
    - vertices: p788(v97) p173(v22) p560(v8)
    - neighboring facets: f434 f448 f445
- f448
    - flags: bottom simplicial
    - normal:    0.7759   0.5106   0.3704
    - offset: -0.05323689
    - vertices: p788(v97) p822(v66) p560(v8)
    - neighboring facets: f296 f447 f469
- f453
    - flags: bottom simplicial
    - normal:    0.9759   0.1984  0.09064
    - offset: -0.04667496
    - vertices: p119(v99) p211(v67) p457(v41)
    - neighboring facets: f459 f576 f658
- f457
    - flags: bottom simplicial
    - normal:    0.9695   0.2317  0.08039
    - offset: -0.04788767
    - vertices: p344(v100) p211(v67) p5(v63)
    - neighboring facets: f305 f583 f459
- f458
    - flags: top simplicial
    - normal:    0.9633   0.2538    0.087
    - offset: -0.04805569
    - vertices: p344(v100) p457(v41) p560(v8)
    - neighboring facets: f296 f582 f459
- f459
    - flags: top simplicial
    - normal:    0.9655   0.2456  0.08684
    - offset: -0.04787189
    - vertices: p344(v100) p211(v67) p457(v41)
    - neighboring facets: f453 f458 f457
- f460
    - flags: bottom simplicial
    - normal:    0.0621   0.7172   0.6941
    - offset: -0.05393042
    - vertices: p404(v101) p462(v71) p173(v22)
    - neighboring facets: f445 f462 f461
- f461
    - flags: top simplicial
    - normal:   0.02402   0.7152   0.6985
    - offset: -0.05350877
    - vertices: p404(v101) p462(v71) p337(v69)
    - neighboring facets: f325 f463 f460
- f462
    - flags: top simplicial
    - normal:  -0.02936   0.9086   0.4166
    - offset: -0.05919344
    - vertices: p404(v101) p925(v68) p173(v22)
    - neighboring facets: f308 f460 f463
- f463
    - flags: top simplicial
    - normal:  -0.08162   0.8245   0.5599
    - offset: -0.05632477
    - vertices: p404(v101) p337(v69) p925(v68)
    - neighboring facets: f317 f462 f461
- f464
    - flags: top simplicial
    - normal:   0.04817   0.2844   0.9575
    - offset: -0.04347791
    - vertices: p282(v102) p619(v47) p994(v43)
    - neighboring facets: f327 f465 f466
- f465
    - flags: bottom simplicial
    - normal:   0.05271    0.355   0.9334
    - offset: -0.04544435
    - vertices: p282(v102) p462(v71) p994(v43)
    - neighboring facets: f325 f464 f466
- f466
    - flags: top simplicial
    - normal:    0.1044   0.3472    0.932
    - offset: -0.04570024
    - vertices: p282(v102) p462(v71) p619(v47)
    - neighboring facets: f446 f464 f465
- f467
    - flags: top simplicial
    - normal:    0.7689  0.02518   0.6388
    - offset: -0.03805624
    - vertices: p595(v103) p867(v73) p619(v47)
    - neighboring facets: f335 f468 f471
- f468
    - flags: bottom simplicial
    - normal:    0.7811  0.04445   0.6229
    - offset: -0.0383539
    - vertices: p595(v103) p788(v97) p619(v47)
    - neighboring facets: f446 f467 f469
- f469
    - flags: top simplicial
    - normal:    0.7945  0.04958   0.6052
    - offset: -0.03854151
    - vertices: p595(v103) p788(v97) p822(v66)
    - neighboring facets: f448 f586 f468
- f471
    - flags: bottom simplicial
    - normal:    0.7829 -0.01551   0.6219
    - offset: -0.03787327
    - vertices: p595(v103) p867(v73) p706(v5)
    - neighboring facets: f354 f585 f467
- f476
    - flags: bottom simplicial
    - normal:    0.3521  -0.9358  0.01905
    - offset: -0.06208098
    - vertices: p93(v105) p627(v27) p860(v9)
    - neighboring facets: f127 f481 f488
- f478
    - flags: bottom simplicial
    - normal:    0.6459  -0.7634 0.001428
    - offset: -0.05885731
    - vertices: p93(v105) p713(v74) p894(v48)
    - neighboring facets: f338 f490 f590
- f481
    - flags: top simplicial
    - normal:    0.4134   -0.909 -0.05276
    - offset: -0.0614942
    - vertices: p93(v105) p889(v79) p860(v9)
    - neighboring facets: f357 f476 f588
- f484
    - flags: top simplicial
    - normal:  -0.07066  -0.8415   0.5356
    - offset: -0.05859302
    - vertices: p573(v106) p906(v59) p97(v49)
    - neighboring facets: f351 f592 f486
- f486
    - flags: bottom simplicial
    - normal:  -0.03487  -0.9739   0.2242
    - offset: -0.06125759
    - vertices: p573(v106) p906(v59) p627(v27)
    - neighboring facets: f262 f488 f484
- f488
    - flags: top simplicial
    - normal:    0.3702  -0.9231   0.1039
    - offset: -0.06232564
    - vertices: p573(v106) p93(v105) p627(v27)
    - neighboring facets: f476 f486 f490
- f489
    - flags: bottom simplicial
    - normal:    0.7234  -0.5456    0.423
    - offset: -0.05133256
    - vertices: p573(v106) p894(v48) p706(v5)
    - neighboring facets: f299 f595 f490
- f490
    - flags: bottom simplicial
    - normal:    0.7114  -0.5979   0.3693
    - offset: -0.05325466
    - vertices: p573(v106) p93(v105) p894(v48)
    - neighboring facets: f478 f489 f488
- f491
    - flags: top simplicial
    - normal:    0.5847  -0.8083 -0.06833
    - offset: -0.06719417
    - vertices: p892(v107) p80(v80) p524(v50)
    - neighboring facets: f501 f493 f665
- f492
    - flags: top simplicial
    - normal:    0.5587  -0.8276 -0.05435
    - offset: -0.06410473
    - vertices: p892(v107) p889(v79) p972(v16)
    - neighboring facets: f587 f598 f493
- f493
    - flags: bottom simplicial
    - normal:    0.5448  -0.8367  -0.0569
    - offset: -0.0642444
    - vertices: p892(v107) p889(v79) p524(v50)
    - neighboring facets: f357 f491 f492
- f500
    - flags: bottom simplicial
    - normal:    0.3606  -0.9287 -0.08655
    - offset: -0.06756791
    - vertices: p112(v108) p524(v50) p74(v28)
    - neighboring facets: f220 f507 f501
- f501
    - flags: bottom simplicial
    - normal:    0.5999  -0.7939 -0.09864
    - offset: -0.07396716
    - vertices: p112(v108) p80(v80) p524(v50)
    - neighboring facets: f491 f500 f684
- f506
    - flags: bottom simplicial
    - normal:     0.249  -0.9559   -0.156
    - offset: -0.08883457
    - vertices: p112(v108) p155(v81) p450(v4)
    - neighboring facets: f372 f606 f507
- f507
    - flags: top simplicial
    - normal:    0.2335  -0.9646  -0.1229
    - offset: -0.07751019
    - vertices: p112(v108) p155(v81) p74(v28)
    - neighboring facets: f368 f500 f506
- f520
    - flags: bottom simplicial
    - normal:         1  0.00076  0.00685
    - offset: -0.04914979
    - vertices: p588(v110) p204(v56) p741(v2)
    - neighboring facets: f668 f522 f521
- f521
    - flags: bottom simplicial
    - normal:    0.9999 -1.128e-07  0.01165
    - offset: -0.04854288
    - vertices: p588(v110) p453(v84) p204(v56)
    - neighboring facets: f385 f520 f523
- f522
    - flags: top simplicial
    - normal:         1 0.006344 0.000123
    - offset: -0.05005755
    - vertices: p588(v110) p997(v95) p741(v2)
    - neighboring facets: f718 f520 f524
- f523
    - flags: top simplicial
    - normal:    0.9999  0.01419 0.002428
    - offset: -0.04987401
    - vertices: p588(v110) p453(v84) p45(v39)
    - neighboring facets: f380 f524 f521
- f524
    - flags: bottom simplicial
    - normal:         1 0.007554 0.0001518
    - offset: -0.05006988
    - vertices: p588(v110) p997(v95) p45(v39)
    - neighboring facets: f566 f523 f522
- f527
    - flags: top simplicial
    - normal:    0.9967 0.0001018  0.08156
    - offset: -0.04192386
    - vertices: p975(v111) p899(v86) p401(v13)
    - neighboring facets: f390 f628 f528
- f528
    - flags: bottom simplicial
    - normal:    0.9967 0.0005018  0.08145
    - offset: -0.0419225
    - vertices: p975(v111) p899(v86) p514(v85)
    - neighboring facets: f533 f531 f527
- f531
    - flags: bottom simplicial
    - normal:    0.9967 0.0005022  0.08145
    - offset: -0.04192248
    - vertices: p366(v112) p975(v111) p514(v85)
    - neighboring facets: f528 f533 f626
- f532
    - flags: bottom simplicial
    - normal:    0.9976 -0.00463  0.06956
    - offset: -0.04286397
    - vertices: p366(v112) p899(v86) p799(v55)
    - neighboring facets: f389 f622 f533
- f533
    - flags: top simplicial
    - normal:    0.9967 0.0005016  0.08145
    - offset: -0.04192258
    - vertices: p366(v112) p899(v86) p514(v85)
    - neighboring facets: f528 f531 f532
- f534
    - flags: bottom simplicial
    - normal:     0.999 -0.00191  0.04524
    - offset: -0.04491777
    - vertices: p649(v113) p799(v55) p161(v29)
    - neighboring facets: f242 f536 f630
- f536
    - flags: top simplicial
    - normal:    0.9993 -1.156e-06  0.03751
    - offset: -0.04566055
    - vertices: p649(v113) p64(v54) p161(v29)
    - neighboring facets: f384 f534 f686
- f539
    - flags: top simplicial
    - normal:   -0.5355  -0.8419 -0.06698
    - offset: -0.06360484
    - vertices: p322(v114) p756(v88) p548(v1)
    - neighboring facets: f398 f541 f540
- f540
    - flags: bottom simplicial
    - normal:   -0.4773  -0.8763 -0.06502
    - offset: -0.06270497
    - vertices: p322(v114) p756(v88) p575(v57)
    - neighboring facets: f401 f545 f539
- f541
    - flags: bottom simplicial
    - normal:   -0.5194  -0.8541  -0.0277
    - offset: -0.06114723
    - vertices: p322(v114) p503(v89) p548(v1)
    - neighboring facets: f412 f539 f546
- f543
    - flags: bottom simplicial
    - normal:   -0.4106  -0.9115 -0.02371
    - offset: -0.06006124
    - vertices: p890(v115) p575(v57) p36(v31)
    - neighboring facets: f256 f544 f545
- f544
    - flags: top simplicial
    - normal:   -0.4805  -0.8761  0.04011
    - offset: -0.05765851
    - vertices: p890(v115) p503(v89) p36(v31)
    - neighboring facets: f402 f543 f546
- f545
    - flags: bottom simplicial
    - normal:   -0.4941  -0.8687 -0.03523
    - offset: -0.06124378
    - vertices: p890(v115) p322(v114) p575(v57)
    - neighboring facets: f540 f543 f546
- f546
    - flags: top simplicial
    - normal:   -0.4971   -0.867 -0.03317
    - offset: -0.06116663
    - vertices: p890(v115) p322(v114) p503(v89)
    - neighboring facets: f541 f544 f545
- f549
    - flags: top simplicial
    - normal:    0.9961   0.0661 -0.05908
    - offset: -0.06106288
    - vertices: p817(v116) p795(v65) p848(v21)
    - neighboring facets: f653 f637 f720
- f558
    - flags: bottom simplicial
    - normal:    0.9941 -1.759e-06  -0.1088
    - offset: -0.07017001
    - vertices: p281(v118) p781(v109) p102(v35)
    - neighboring facets: f709 f707 f643
- f565
    - flags: bottom simplicial
    - normal:    0.9995 -0.002247    -0.03
    - offset: -0.05449859
    - vertices: p869(v120) p795(v65) p45(v39)
    - neighboring facets: f656 f566 f721
- f566
    - flags: top simplicial
    - normal:    0.9997 -9.271e-05 -0.02304
    - offset: -0.05347788
    - vertices: p869(v120) p997(v95) p45(v39)
    - neighboring facets: f524 f565 f722
- f568
    - flags: top simplicial
    - normal:    0.9966  0.00116   0.0825
    - offset: -0.04185564
    - vertices: p816(v121) p551(v23) p401(v13)
    - neighboring facets: f627 f575 f573
- f573
    - flags: bottom simplicial
    - normal:    0.9966 0.001422  0.08283
    - offset: -0.04183608
    - vertices: p60(v122) p816(v121) p551(v23)
    - neighboring facets: f568 f663 f575
- f574
    - flags: bottom simplicial
    - normal:    0.9966 0.001465  0.08298
    - offset: -0.04182645
    - vertices: p60(v122) p26(v98) p401(v13)
    - neighboring facets: f713 f575 f661
- f575
    - flags: top simplicial
    - normal:    0.9966 0.001464  0.08298
    - offset: -0.04182652
    - vertices: p60(v122) p816(v121) p401(v13)
    - neighboring facets: f568 f574 f573
- f576
    - flags: bottom simplicial
    - normal:    0.9939 0.004194   0.1103
    - offset: -0.04063885
    - vertices: p919(v123) p119(v99) p457(v41)
    - neighboring facets: f453 f578 f695
- f577
    - flags: bottom simplicial
    - normal:    0.9934 -0.008739   0.1143
    - offset: -0.04061752
    - vertices: p919(v123) p959(v40) p401(v13)
    - neighboring facets: f344 f697 f578
- f578
    - flags: bottom simplicial
    - normal:    0.9926 -0.0009065   0.1215
    - offset: -0.04026416
    - vertices: p919(v123) p457(v41) p959(v40)
    - neighboring facets: f443 f577 f576
- f581
    - flags: bottom simplicial
    - normal:    0.9542   0.2884  0.07936
    - offset: -0.04924511
    - vertices: p260(v124) p5(v63) p560(v8)
    - neighboring facets: f287 f582 f583
- f582
    - flags: top simplicial
    - normal:    0.9557   0.2831  0.08049
    - offset: -0.04906809
    - vertices: p260(v124) p344(v100) p560(v8)
    - neighboring facets: f458 f581 f583
- f583
    - flags: bottom simplicial
    - normal:    0.9559   0.2827  0.07965
    - offset: -0.04910504
    - vertices: p260(v124) p344(v100) p5(v63)
    - neighboring facets: f457 f581 f582
- f584
    - flags: top simplicial
    - normal:    0.9207  -0.0186   0.3898
    - offset: -0.03870942
    - vertices: p908(v125) p822(v66) p706(v5)
    - neighboring facets: f299 f585 f586
- f585
    - flags: bottom simplicial
    - normal:    0.8556 -0.01364   0.5175
    - offset: -0.03849674
    - vertices: p908(v125) p595(v103) p706(v5)
    - neighboring facets: f471 f584 f586
- f586
    - flags: top simplicial
    - normal:    0.8728 0.005065   0.4881
    - offset: -0.03872084
    - vertices: p908(v125) p595(v103) p822(v66)
    - neighboring facets: f469 f584 f585
- f587
    - flags: bottom simplicial
    - normal:    0.5766  -0.8161 -0.03844
    - offset: -0.06235522
    - vertices: p25(v126) p889(v79) p972(v16)
    - neighboring facets: f492 f589 f588
- f588
    - flags: bottom simplicial
    - normal:    0.4866  -0.8727   -0.039
    - offset: -0.06119251
    - vertices: p25(v126) p93(v105) p889(v79)
    - neighboring facets: f481 f587 f590
- f589
    - flags: top simplicial
    - normal:    0.6111  -0.7914 -0.01291
    - offset: -0.05958366
    - vertices: p25(v126) p713(v74) p972(v16)
    - neighboring facets: f338 f587 f590
- f590
    - flags: top simplicial
    - normal:    0.6107  -0.7918  -0.0129
    - offset: -0.05957871
    - vertices: p25(v126) p93(v105) p713(v74)
    - neighboring facets: f478 f589 f588
- f591
    - flags: bottom simplicial
    - normal:    0.2002  -0.5554   0.8071
    - offset: -0.05455943
    - vertices: p765(v127) p466(v78) p97(v49)
    - neighboring facets: f352 f592 f593
- f592
    - flags: top simplicial
    - normal:     0.131  -0.7252   0.6759
    - offset: -0.05742175
    - vertices: p765(v127) p573(v106) p97(v49)
    - neighboring facets: f484 f591 f593
- f593
    - flags: bottom simplicial
    - normal:    0.2577  -0.6411   0.7229
    - offset: -0.05527445
    - vertices: p765(v127) p573(v106) p466(v78)
    - neighboring facets: f596 f591 f592
- f594
    - flags: top simplicial
    - normal:    0.6507  -0.4034   0.6433
    - offset: -0.04755456
    - vertices: p355(v128) p466(v78) p706(v5)
    - neighboring facets: f354 f595 f596
- f595
    - flags: bottom simplicial
    - normal:    0.6566  -0.4845    0.578
    - offset: -0.04952915
    - vertices: p355(v128) p573(v106) p706(v5)
    - neighboring facets: f489 f594 f596
- f596
    - flags: top simplicial
    - normal:    0.6225  -0.4728   0.6237
    - offset: -0.04914729
    - vertices: p355(v128) p573(v106) p466(v78)
    - neighboring facets: f593 f594 f595
- f597
    - flags: bottom simplicial
    - normal:    0.9266   -0.376 -0.006916
    - offset: -0.05813078
    - vertices: p446(v129) p905(v30) p972(v16)
    - neighboring facets: f205 f598 f599
- f598
    - flags: top simplicial
    - normal:    0.8096  -0.5852 -0.04588
    - offset: -0.06570189
    - vertices: p446(v129) p892(v107) p972(v16)
    - neighboring facets: f492 f597 f666
- f599
    - flags: bottom simplicial
    - normal:    0.9952 -0.09681 -0.01189
    - offset: -0.05313762
    - vertices: p446(v129) p204(v56) p905(v30)
    - neighboring facets: f245 f597 f669
- f605
    - flags: top simplicial
    - normal:    0.8164 -0.09555  -0.5695
    - offset: -0.2191608
    - vertices: p179(v130) p934(v32) p450(v4)
    - neighboring facets: f133 f606 f607
- f606
    - flags: bottom simplicial
    - normal:    0.7089  -0.5449  -0.4478
    - offset: -0.1870754
    - vertices: p179(v130) p112(v108) p450(v4)
    - neighboring facets: f506 f605 f615
- f607
    - flags: bottom simplicial
    - normal:    0.8725 -0.05263  -0.4858
    - offset: -0.1907581
    - vertices: p179(v130) p934(v32) p32(v12)
    - neighboring facets: f138 f608 f605
- f608
    - flags: top simplicial
    - normal:    0.9252  -0.0373  -0.3776
    - offset: -0.1545982
    - vertices: p179(v130) p107(v53) p32(v12)
    - neighboring facets: f430 f607 f609
- f609
    - flags: top simplicial
    - normal:     0.977 -0.01939  -0.2124
    - offset: -0.09882251
    - vertices: p179(v130) p752(v93) p107(v53)
    - neighboring facets: f430 f608 f614
- f614
    - flags: bottom simplicial
    - normal:    0.9771 -0.01969  -0.2121
    - offset: -0.09870046
    - vertices: p697(v131) p179(v130) p752(v93)
    - neighboring facets: f609 f673 f615
- f615
    - flags: top simplicial
    - normal:    0.9771 -0.04862   -0.207
    - offset: -0.0977816
    - vertices: p697(v131) p179(v130) p112(v108)
    - neighboring facets: f606 f682 f614
- f616
    - flags: bottom simplicial
    - normal:    0.9971 0.002354  -0.0755
    - offset: -0.06289773
    - vertices: p891(v132) p209(v91) p626(v61)
    - neighboring facets: f635 f702 f617
- f617
    - flags: bottom simplicial
    - normal:     0.996 -0.001862 -0.08892
    - offset: -0.06573065
    - vertices: p891(v132) p781(v109) p209(v91)
    - neighboring facets: f641 f616 f701
- f621
    - flags: top simplicial
    - normal:     0.998 -0.0003806  0.06276
    - offset: -0.04341742
    - vertices: p701(v133) p366(v112) p551(v23)
    - neighboring facets: f625 f623 f622
- f622
    - flags: bottom simplicial
    - normal:    0.9981 -0.001084   0.0624
    - offset: -0.04344419
    - vertices: p701(v133) p366(v112) p799(v55)
    - neighboring facets: f532 f624 f621
- f623
    - flags: bottom simplicial
    - normal:    0.9983 2.445e-06  0.05885
    - offset: -0.0437446
    - vertices: p701(v133) p139(v87) p551(v23)
    - neighboring facets: f631 f621 f624
- f624
    - flags: top simplicial
    - normal:    0.9984 2.68e-06   0.0558
    - offset: -0.04399839
    - vertices: p701(v133) p139(v87) p799(v55)
    - neighboring facets: f629 f622 f623
- f625
    - flags: bottom simplicial
    - normal:    0.9967 0.0005299  0.08145
    - offset: -0.04192308
    - vertices: p202(v134) p366(v112) p551(v23)
    - neighboring facets: f621 f627 f626
- f626
    - flags: top simplicial
    - normal:    0.9967 0.0005031  0.08145
    - offset: -0.04192242
    - vertices: p202(v134) p366(v112) p975(v111)
    - neighboring facets: f531 f628 f625
- f627
    - flags: bottom simplicial
    - normal:    0.9966 0.0009868  0.08224
    - offset: -0.04187142
    - vertices: p202(v134) p551(v23) p401(v13)
    - neighboring facets: f568 f628 f625
- f628
    - flags: top simplicial
    - normal:    0.9966 0.0007379  0.08192
    - offset: -0.04189231
    - vertices: p202(v134) p975(v111) p401(v13)
    - neighboring facets: f527 f627 f626
- f629
    - flags: bottom simplicial
    - normal:    0.9985 6.276e-05  0.05507
    - offset: -0.04405969
    - vertices: p31(v135) p139(v87) p799(v55)
    - neighboring facets: f624 f630 f631
- f630
    - flags: top simplicial
    - normal:    0.9986 -1.24e-05  0.05211
    - offset: -0.04431399
    - vertices: p31(v135) p649(v113) p799(v55)
    - neighboring facets: f534 f629 f687
- f631
    - flags: top simplicial
    - normal:    0.9984 0.0006342  0.05603
    - offset: -0.04399102
    - vertices: p31(v135) p139(v87) p551(v23)
    - neighboring facets: f623 f690 f629
- f635
    - flags: top simplicial
    - normal:    0.9973 0.006175 -0.07365
    - offset: -0.06256925
    - vertices: p910(v136) p209(v91) p626(v61)
    - neighboring facets: f616 f636 f639
- f636
    - flags: bottom simplicial
    - normal:    0.9977 0.009914 -0.06775
    - offset: -0.06146598
    - vertices: p910(v136) p817(v116) p626(v61)
    - neighboring facets: f719 f635 f637
- f637
    - flags: top simplicial
    - normal:    0.9961  0.06619 -0.05912
    - offset: -0.06107269
    - vertices: p910(v136) p817(v116) p848(v21)
    - neighboring facets: f549 f638 f636
- f638
    - flags: bottom simplicial
    - normal:    0.9455   0.3165 -0.07683
    - offset: -0.06885624
    - vertices: p910(v136) p95(v92) p848(v21)
    - neighboring facets: f650 f637 f640
- f639
    - flags: bottom simplicial
    - normal:    0.9839   0.1302  -0.1226
    - offset: -0.07528917
    - vertices: p910(v136) p209(v91) p54(v62)
    - neighboring facets: f676 f640 f635
- f640
    - flags: top simplicial
    - normal:    0.9728   0.1993  -0.1178
    - offset: -0.07556575
    - vertices: p910(v136) p95(v92) p54(v62)
    - neighboring facets: f425 f639 f638
- f641
    - flags: top simplicial
    - normal:    0.9949 0.0004662  -0.1006
    - offset: -0.06831179
    - vertices: p472(v137) p781(v109) p209(v91)
    - neighboring facets: f617 f642 f643
- f642
    - flags: bottom simplicial
    - normal:    0.9917  0.03974  -0.1222
    - offset: -0.07373365
    - vertices: p472(v137) p281(v118) p209(v91)
    - neighboring facets: f677 f641 f643
- f643
    - flags: top simplicial
    - normal:    0.9941 -6.424e-07  -0.1088
    - offset: -0.07016948
    - vertices: p472(v137) p281(v118) p781(v109)
    - neighboring facets: f558 f641 f642
- f646
    - flags: top simplicial
    - normal:    0.8322   0.5533  0.03678
    - offset: -0.05642232
    - vertices: p197(v138) p660(v64) p560(v8)
    - neighboring facets: f287 f647 f652
- f647
    - flags: bottom simplicial
    - normal:    0.6622   0.7494 0.003749
    - offset: -0.05871714
    - vertices: p197(v138) p635(v94) p560(v8)
    - neighboring facets: f434 f646 f651
- f648
    - flags: bottom simplicial
    - normal:    0.7094   0.7016 -0.06702
    - offset: -0.06792088
    - vertices: p296(v139) p95(v92) p532(v38)
    - neighboring facets: f424 f691 f650
- f650
    - flags: top simplicial
    - normal:     0.864   0.4997 -0.06151
    - offset: -0.06742846
    - vertices: p296(v139) p95(v92) p848(v21)
    - neighboring facets: f638 f653 f648
- f651
    - flags: top simplicial
    - normal:    0.6544   0.7561 -0.01333
    - offset: -0.05991457
    - vertices: p296(v139) p197(v138) p635(v94)
    - neighboring facets: f647 f692 f652
- f652
    - flags: bottom simplicial
    - normal:    0.7543   0.6565 -0.004439
    - offset: -0.05996704
    - vertices: p296(v139) p197(v138) p660(v64)
    - neighboring facets: f646 f654 f651
- f653
    - flags: bottom simplicial
    - normal:     0.972   0.2346 -0.01225
    - offset: -0.05651844
    - vertices: p296(v139) p795(v65) p848(v21)
    - neighboring facets: f549 f650 f656
- f654
    - flags: bottom simplicial
    - normal:    0.9698   0.2436   0.0149
    - offset: -0.05303868
    - vertices: p296(v139) p660(v64) p551(v23)
    - neighboring facets: f286 f655 f652
- f655
    - flags: top simplicial
    - normal:    0.9858   0.1679 0.007398
    - offset: -0.05214421
    - vertices: p296(v139) p45(v39) p551(v23)
    - neighboring facets: f380 f654 f656
- f656
    - flags: top simplicial
    - normal:     0.985   0.1728 0.004554
    - offset: -0.05266435
    - vertices: p296(v139) p795(v65) p45(v39)
    - neighboring facets: f565 f655 f653
- f658
    - flags: top simplicial
    - normal:    0.9955 0.007941  0.09491
    - offset: -0.04129367
    - vertices: p493(v140) p119(v99) p211(v67)
    - neighboring facets: f453 f662 f696
- f661
    - flags: top simplicial
    - normal:    0.9965 0.001472  0.08299
    - offset: -0.04182588
    - vertices: p493(v140) p60(v122) p26(v98)
    - neighboring facets: f574 f714 f663
- f662
    - flags: top simplicial
    - normal:    0.9961 0.008886  0.08748
    - offset: -0.04167506
    - vertices: p493(v140) p211(v67) p551(v23)
    - neighboring facets: f305 f663 f658
- f663
    - flags: bottom simplicial
    - normal:    0.9965 0.001912  0.08322
    - offset: -0.04181857
    - vertices: p493(v140) p60(v122) p551(v23)
    - neighboring facets: f573 f662 f661
- f665
    - flags: bottom simplicial
    - normal:    0.8899  -0.4481 -0.08479
    - offset: -0.07178166
    - vertices: p909(v141) p892(v107) p80(v80)
    - neighboring facets: f491 f700 f666
- f666
    - flags: bottom simplicial
    - normal:    0.8917  -0.4473 -0.06919
    - offset: -0.06897869
    - vertices: p909(v141) p446(v129) p892(v107)
    - neighboring facets: f598 f665 f669
- f668
    - flags: top simplicial
    - normal:    0.9986 -0.04724 -0.02454
    - offset: -0.05401445
    - vertices: p909(v141) p204(v56) p741(v2)
    - neighboring facets: f520 f716 f669
- f669
    - flags: top simplicial
    - normal:    0.9963 -0.08488 -0.01674
    - offset: -0.05359204
    - vertices: p909(v141) p446(v129) p204(v56)
    - neighboring facets: f599 f668 f666
- f673
    - flags: bottom simplicial
    - normal:    0.9874 0.004695  -0.1579
    - offset: -0.08261402
    - vertices: p465(v142) p697(v131) p752(v93)
    - neighboring facets: f614 f675 f705
- f675
    - flags: bottom simplicial
    - normal:    0.9846  0.09044  -0.1499
    - offset: -0.0813103
    - vertices: p465(v142) p752(v93) p54(v62)
    - neighboring facets: f431 f676 f673
- f676
    - flags: top simplicial
    - normal:     0.988  0.07415  -0.1353
    - offset: -0.07714645
    - vertices: p465(v142) p209(v91) p54(v62)
    - neighboring facets: f639 f675 f677
- f677
    - flags: top simplicial
    - normal:    0.9885   0.0689  -0.1346
    - offset: -0.07691636
    - vertices: p465(v142) p281(v118) p209(v91)
    - neighboring facets: f642 f676 f708
- f679
    - flags: top simplicial
    - normal:    0.9815  -0.1295  -0.1407
    - offset: -0.07991441
    - vertices: p137(v143) p697(v131) p781(v109)
    - neighboring facets: f683 f710 f706
- f682
    - flags: top simplicial
    - normal:    0.9629   -0.219  -0.1576
    - offset: -0.08594921
    - vertices: p428(v144) p697(v131) p112(v108)
    - neighboring facets: f615 f684 f683
- f683
    - flags: bottom simplicial
    - normal:    0.9701  -0.1964  -0.1428
    - offset: -0.08141557
    - vertices: p428(v144) p697(v131) p781(v109)
    - neighboring facets: f679 f685 f682
- f684
    - flags: top simplicial
    - normal:    0.7967  -0.5923  -0.1201
    - offset: -0.08032173
    - vertices: p428(v144) p112(v108) p80(v80)
    - neighboring facets: f501 f685 f682
- f685
    - flags: bottom simplicial
    - normal:    0.9303  -0.3476  -0.1169
    - offset: -0.0771322
    - vertices: p428(v144) p781(v109) p80(v80)
    - neighboring facets: f699 f684 f683
- f686
    - flags: bottom simplicial
    - normal:    0.9993 1.187e-05   0.0375
    - offset: -0.04566091
    - vertices: p153(v145) p649(v113) p64(v54)
    - neighboring facets: f536 f688 f687
- f687
    - flags: bottom simplicial
    - normal:    0.9991  0.00737  0.04268
    - offset: -0.04530038
    - vertices: p153(v145) p31(v135) p649(v113)
    - neighboring facets: f630 f686 f690
- f688
    - flags: top simplicial
    - normal:    0.9995  0.01471  0.02649
    - offset: -0.04701358
    - vertices: p153(v145) p453(v84) p64(v54)
    - neighboring facets: f384 f686 f689
- f689
    - flags: bottom simplicial
    - normal:    0.9987  0.04607  0.02263
    - offset: -0.04795771
    - vertices: p153(v145) p453(v84) p551(v23)
    - neighboring facets: f380 f690 f688
- f690
    - flags: top simplicial
    - normal:    0.9991   0.0181  0.03871
    - offset: -0.04589156
    - vertices: p153(v145) p31(v135) p551(v23)
    - neighboring facets: f631 f689 f687
- f691
    - flags: bottom simplicial
    - normal:    0.5521   0.8326 -0.04551
    - offset: -0.06209876
    - vertices: p704(v146) p296(v139) p532(v38)
    - neighboring facets: f648 f693 f692
- f692
    - flags: top simplicial
    - normal:    0.5284   0.8481 -0.03808
    - offset: -0.06050764
    - vertices: p704(v146) p296(v139) p635(v94)
    - neighboring facets: f651 f694 f691
- f693
    - flags: bottom simplicial
    - normal:    0.4966    0.867 -0.04093
    - offset: -0.06026453
    - vertices: p704(v146) p532(v38) p173(v22)
    - neighboring facets: f158 f694 f691
- f694
    - flags: top simplicial
    - normal:       0.5   0.8651 -0.04019
    - offset: -0.06022892
    - vertices: p704(v146) p635(v94) p173(v22)
    - neighboring facets: f434 f693 f692
- f695
    - flags: top simplicial
    - normal:    0.9946 0.004588   0.1034
    - offset: -0.04089106
    - vertices: p522(v147) p919(v123) p119(v99)
    - neighboring facets: f576 f696 f697
- f696
    - flags: bottom simplicial
    - normal:    0.9951 0.005532  0.09828
    - offset: -0.04110044
    - vertices: p522(v147) p493(v140) p119(v99)
    - neighboring facets: f658 f695 f712
- f697
    - flags: bottom simplicial
    - normal:    0.9937 -0.007377   0.1123
    - offset: -0.04068061
    - vertices: p522(v147) p919(v123) p401(v13)
    - neighboring facets: f577 f711 f695
- f699
    - flags: top simplicial
    - normal:     0.931  -0.3462  -0.1154
    - offset:  -0.076799
    - vertices: p309(v148) p781(v109) p80(v80)
    - neighboring facets: f685 f700 f701
- f700
    - flags: bottom simplicial
    - normal:    0.9248  -0.3674 -0.09905
    - offset: -0.07367202
    - vertices: p309(v148) p909(v141) p80(v80)
    - neighboring facets: f665 f699 f717
- f701
    - flags: top simplicial
    - normal:    0.9965 -0.01021 -0.08334
    - offset: -0.06466016
    - vertices: p309(v148) p891(v132) p781(v109)
    - neighboring facets: f617 f699 f702
- f702
    - flags: bottom simplicial
    - normal:    0.9977 -0.00441  -0.0683
    - offset: -0.06146996
    - vertices: p309(v148) p891(v132) p626(v61)
    - neighboring facets: f616 f715 f701
- f705
    - flags: top simplicial
    - normal:    0.9885 0.001319  -0.1515
    - offset: -0.0808106
    - vertices: p464(v149) p465(v142) p697(v131)
    - neighboring facets: f673 f706 f708
- f706
    - flags: bottom simplicial
    - normal:    0.9888 -0.01305  -0.1489
    - offset: -0.08033906
    - vertices: p464(v149) p137(v143) p697(v131)
    - neighboring facets: f679 f705 f710
- f707
    - flags: bottom simplicial
    - normal:    0.9923 0.004573  -0.1239
    - offset: -0.07383148
    - vertices: p464(v149) p281(v118) p102(v35)
    - neighboring facets: f558 f709 f708
- f708
    - flags: bottom simplicial
    - normal:    0.9902  0.01264  -0.1394
    - offset: -0.07762701
    - vertices: p464(v149) p465(v142) p281(v118)
    - neighboring facets: f677 f707 f705
- f709
    - flags: top simplicial
    - normal:    0.9936 -0.003145  -0.1126
    - offset: -0.07109483
    - vertices: p464(v149) p781(v109) p102(v35)
    - neighboring facets: f558 f707 f710
- f710
    - flags: top simplicial
    - normal:    0.9889 -0.06175  -0.1351
    - offset: -0.07740125
    - vertices: p464(v149) p137(v143) p781(v109)
    - neighboring facets: f679 f709 f706
- f711
    - flags: bottom simplicial
    - normal:    0.9963 0.001642  0.08544
    - offset: -0.04170978
    - vertices: p365(v150) p522(v147) p401(v13)
    - neighboring facets: f697 f713 f712
- f712
    - flags: top simplicial
    - normal:    0.9963 0.001954  0.08593
    - offset: -0.04168403
    - vertices: p365(v150) p522(v147) p493(v140)
    - neighboring facets: f696 f714 f711
- f713
    - flags: top simplicial
    - normal:    0.9965  0.00147    0.083
    - offset: -0.04182519
    - vertices: p365(v150) p26(v98) p401(v13)
    - neighboring facets: f574 f711 f714
- f714
    - flags: top simplicial
    - normal:    0.9965 0.001473    0.083
    - offset: -0.04182529
    - vertices: p365(v150) p493(v140) p26(v98)
    - neighboring facets: f661 f713 f712
- f715
    - flags: bottom simplicial
    - normal:    0.9986 -0.009713 -0.05264
    - offset: -0.05842461
    - vertices: p733(v151) p309(v148) p626(v61)
    - neighboring facets: f702 f719 f717
- f716
    - flags: top simplicial
    - normal:    0.9991 -0.02462 -0.03586
    - offset: -0.05544002
    - vertices: p733(v151) p909(v141) p741(v2)
    - neighboring facets: f668 f718 f717
- f717
    - flags: top simplicial
    - normal:     0.999 -0.02417 -0.03867
    - offset: -0.05593827
    - vertices: p733(v151) p309(v148) p909(v141)
    - neighboring facets: f700 f716 f715
- f718
    - flags: bottom simplicial
    - normal:    0.9995 -0.005864 -0.03064
    - offset: -0.05454164
    - vertices: p733(v151) p997(v95) p741(v2)
    - neighboring facets: f522 f716 f722
- f719
    - flags: top simplicial
    - normal:    0.9988 -4.032e-06 -0.04865
    - offset: -0.05772944
    - vertices: p733(v151) p817(v116) p626(v61)
    - neighboring facets: f636 f715 f720
- f720
    - flags: bottom simplicial
    - normal:     0.999 0.001184 -0.04529
    - offset: -0.0571369
    - vertices: p733(v151) p817(v116) p795(v65)
    - neighboring facets: f549 f721 f719
- f721
    - flags: top simplicial
    - normal:    0.9995 -0.004234 -0.03149
    - offset: -0.05469232
    - vertices: p733(v151) p869(v120) p795(v65)
    - neighboring facets: f565 f720 f722
- f722
    - flags: bottom simplicial
    - normal:    0.9995 -0.004529 -0.03132
    - offset: -0.05466314
    - vertices: p733(v151) p869(v120) p997(v95)
    - neighboring facets: f566 f718 f721
