3
1000 234 351
-0.0187367 0.008901589999999999 -0.129172 
-0.0319362 0.0264205 -0.0592041 
-0.019378 0.0252029 -0.113591 
0.0276808 0.0259047 0.0140752 
-0.0062873 0.00482525 -0.0602832 
-0.0208317 0.0308611 -0.185233 
-0.00300518 0.0114896 -0.0884172 
0.033735 -0.00872998 -0.0561143 
-0.0343721 -0.0348103 -0.190477 
-0.0144748 0.0182917 -0.0847772 
0.0293193 -0.00341691 -0.0338406 
0.0275 -0.000885265 -0.08126129999999999 
0.0168878 0.0355735 -0.0583459 
-0.000367374 -0.0276125 -0.00569004 
-0.00398028 -0.0281269 -0.0219364 
-0.0130962 0.0291975 -0.0368961 
 -0.02 0.0119557 -0.089419 
0.0385 -0.0287521 -0.131399 
-0.029689 0.008257749999999999 -0.0363878 
0.0335 -0.0264818 -0.111734 
-0.0320447 0.00711921 -0.0947032 
0.0203278 0.01804 -0.020053 
-0.00135504 0.0198689 -0.0713747 
-0.0154 -0.0243558 -0.136201 
0.0283574 0.0284236 -0.152629 
-0.0313051 -0.0203656 -0.0465518 
0.0116143 0.0331101 -0.140248 
-0.015417 0.0151017 -0.10407 
-0.00295129 -0.0373663 -0.106221 
0.0060632 0.0149464 -0.0853342 
  0.03 -0.0363986 -0.129815 
0.0385 -0.00546733 -0.09383229999999999 
0.0177194 -0.0215199 -0.043693 
-0.008982560000000001 0.0214738 -0.0764566 
-0.0109068 0.018576 -0.0692484 
-0.0381292 -0.0337966 -0.113894 
-0.0186046 -0.0354142 -0.06816560000000001 
-0.0317444 0.029418 -0.169783 
-0.0183866 0.013385 -0.0901537 
-0.0235 -0.00914045 -0.0896624 
0.0249286 0.0252916 -0.0719632 
0.0161883 0.0244294 -0.0362585 
-0.0275025 0.019402 -0.0125309 
-0.00589848 0.0152929 -0.01987 
-0.00578677 0.00467158 -0.143283 
-0.0385 0.0264364 -0.0877275 
0.0337826 0.0016151 -0.0998745 
-0.0183015 -0.0128674 -0.105386 
-0.0142363 -0.0143653 -0.107046 
-0.0128695 0.0299681 -0.199921 
0.00290617 -0.0284148 -0.224043 
-0.00259567 0.0200645 -0.108348 
-0.0310746 0.0218262 0.0172074 
0.0123766 0.0168474 -0.08373029999999999 
0.0182755 0.0267275 -0.0463305 
-0.00224277 -0.0258191 -0.0386113 
0.0039631 -0.0373915 -0.08623740000000001 
-0.0197311 -0.0143561 -0.11433 
-0.00439509 0.0257268 -0.109026 
0.0110067 0.00887479 -0.107875 
0.0347621 0.0354597 -0.142496 
-0.030826 -0.033135 -0.209268 
0.0284428 -0.00293606 -0.0216655 
-0.00628889 0.0376421 -0.112839 
0.0385 -0.00344437 -0.104375 
-0.00559063 0.024085 -0.00485907 
-0.0123458 -0.0357807 0.00661924 
-0.0326494 -0.0348108 -0.190088 
-0.0123807 0.0122442 -0.130426 
-0.0194548 -0.0143415 -0.125897 
-0.0216803 0.00310323 -0.0820168 
0.0142568 0.0114124 -0.105182 
-0.0322889 -0.0306003 -0.189683 
0.0241747 -0.0215636 0.0192836 
-0.0193531 0.0337916 -0.0481758 
-0.00761969 0.00716269 -0.129254 
0.008885179999999999 0.0229614 -0.105928 
-0.0266412 0.0236908 -0.00697717 
0.00729129 0.0236798 -0.00725944 
0.00181324 -0.000904348 -0.07599499999999999 
-0.030518 -0.00108803 -0.0445141 
-0.0159773 0.0231187 -0.112122 
0.0184892 -0.0373432 -0.124567 
-0.0155978 0.009124780000000001 -0.113875 
0.00202758 -0.0341272 -0.218768 
-0.0136135 -0.0260284 -0.136376 
-0.00523838 0.0149701 -0.104185 
0.0335 -0.0261406 -0.112069 
-0.0005110890000000001 0.00714012 -0.111317 
0.0240173 0.0258318 -0.0514915 
-0.0226479 0.0210475 -0.0468474 
0.0307845 0.000142421 -0.129045 
0.0111983 0.0243156 -0.12596 
-0.0009959960000000001 -0.0353895 -0.08784839999999999 
0.009577769999999999 -0.012836 -0.130326 
 -0.03 -0.0350354 -0.135982 
-0.00605877 -0.00236197 -0.109662 
0.0366241 0.0300222 -0.150138 
-0.0249047 -0.0251836 -0.0078692 
0.0175438 -0.00240543 -0.07513350000000001 
0.0223769 -0.0175354 -0.0247038 
-0.014419 0.00311794 -0.0937017 
0.009962779999999999 0.0352453 -0.155178 
-0.0380081 -0.00108438 -0.127624 
-0.0234822 -0.0302769 -0.216814 
-0.0005999999999999999 -0.0242554 -0.135425 
0.0173407 0.00329831 -0.0244279 
-0.0250768 0.0163104 -0.0149531 
-0.0168562 0.022971 -0.025444 
0.0280287 -0.0372164 -0.170763 
-0.0307129 0.0017428 -0.0403917 
-0.0155406 0.0247671 -0.08570319999999999 
-0.0296533 0.0292815 -0.0514817 
-0.0160057 -0.0324198 -0.00310868 
0.0170911 -0.033823 -0.140676 
0.00144121 -0.037421 -0.0628143 
0.0131259 0.0237334 -0.113664 
-0.0312393 -0.00282711 -0.137359 
0.0333642 0.02833 -0.126351 
-0.0351665 -0.00112361 -0.09935380000000001 
-0.0304007 0.00585159 -0.049574 
-0.000849016 -0.000892426 -0.0854671 
-0.00805255 0.0255641 -0.112886 
-0.0190975 0.0134506 -0.112945 
-0.0298588 0.0056591 -0.00200686 
-0.0011372 -0.0373547 -0.155159 
0.00878219 0.0133202 -0.0237208 
-0.0365788 -0.0119687 -0.150618 
0.0255228 -0.0253919 -0.00525339 
0.0228934 -0.014412 -0.0699514 
0.0175 -0.005106 -0.1379 
0.00283686 0.0186694 -0.07180599999999999 
-0.0297894 0.0194747 -0.00707077 
-0.00528601 0.023137 -0.126596 
0.0315351 -0.0348435 -0.164062 
-0.00725505 0.00314959 -0.118849 
-0.0247189 0.0375278 -0.100015 
-0.0384837 0.0325516 -0.118718 
0.0235 -0.00315472 -0.0842101 
-0.0318497 0.0371436 -0.0873983 
-0.00928286 -0.0348625 -0.148993 
0.0321762 -0.00282591 -0.138315 
0.0146546 -0.00237984 -0.0954661 
0.0177171 0.0282996 -0.198296 
-0.00759959 0.0209183 -0.110673 
0.008177439999999999 0.0161743 -0.107497 
0.0163203 0.0354205 -0.128768 
-0.0101461 0.0230788 -0.08037999999999999 
0.0144913 -0.0321569 -0.008223080000000001 
0.00225798 -0.000858625 -0.112321 
-0.00307218 0.0271387 -0.0186254 
-0.00650597 -0.0322977 -0.0145127 
-0.0323532 0.00631629 0.00662928 
0.0385 -0.00699957 -0.106647 
0.00316314 0.0276514 -0.0808406 
-0.0213252 -0.0338209 -0.14233 
0.0168819 0.0225024 -0.00386092 
0.0278611 -0.00584958 -0.0293542 
-0.0181226 0.0150008 -0.128534 
0.01874 -0.0129121 -0.0698628 
-0.0348787 -0.0195166 -0.103267 
-0.0385 -0.00281618 -0.0819786 
-0.0302345 -0.0304862 -0.137276 
-0.0127984 0.0209251 -0.0038629 
-0.0118306 -0.0295798 -0.144028 
0.0335 -0.00358006 -0.10897 
0.0321904 0.0308797 -0.074751 
-0.0342258 -0.0348041 -0.195368 
0.00115296 0.0198954 -0.0924295 
-0.02774 0.0356188 -0.0943426 
-0.0272428 0.0234831 0.00995219 
-0.00708915 0.0157908 -0.0252694 
0.0141019 0.00314585 -0.115875 
-0.00127514 0.00309228 -0.0733139 
0.0320809 0.0256914 -0.0588025 
-0.0260052 -0.0217556 0.0112743 
0.0304742 0.0125987 0.01069 
0.009326889999999999 0.0114114 -0.104421 
-0.0335 -0.0172965 -0.07153710000000001 
0.0131216 0.0340374 -0.193384 
-0.00319728 -0.0362577 -0.147976 
0.0328207 -0.0191091 0.0148126 
0.00556757 -0.0366798 -0.0603354 
-0.0273355 0.00711982 -0.09519229999999999 
0.0140084 -0.0143734 -0.100594 
0.0306134 0.022923 -0.0552713 
-0.00711752 0.008846 -0.0929473 
-0.009340970000000001 0.0269564 -0.0302961 
0.0214813 0.0303128 -0.141836 
-0.0147 -0.0214952 -0.0144248 
0.022145 0.018633 -0.0133658 
0.0278391 0.00456246 -0.013485 
0.0219935 -0.0373546 -0.155268 
0.00275064 0.0198656 -0.06882630000000001 
0.0185261 -0.0354128 -0.0693262 
0.0125932 0.0227717 -0.0398153 
0.0282866 -0.034794 -0.203397 
-0.00272281 0.0352279 -0.206772 
0.0345957 0.0246659 -0.131823 
-0.0203465 0.0233139 -0.108261 
-0.00579683 -0.0294005 -0.0110516 
0.0266025 0.0101495 -0.0264694 
0.0340031 0.0375163 -0.117858 
0.0335 0.00296805 -0.138579 
-0.0385 0.0139399 -0.0814643 
-0.00727622 0.0233256 -0.0745149 
-0.021481 -0.00250102 -0.07864169999999999 
0.00290068 0.0161507 -0.088743 
0.00217042 0.0161944 -0.123425 
-0.0237735 0.0352397 -0.150694 
-0.0318398 -0.0201753 -0.0469683 
-0.0217733 0.0327391 -0.178396 
-0.0172122 0.0114335 -0.121966 
0.0169198 -0.0143944 -0.0838898 
-0.0283444 0.017101 0.0168323 
0.0385 -0.0265689 -0.0854268 
0.0335 0.00322247 -0.08783630000000001 
0.00342786 -0.0372761 -0.21763 
0.00695273 0.00709408 -0.0747398 
-0.0360928 0.0216358 -0.0518482 
0.0231941 0.009058200000000001 -0.0291642 
-0.0347183 -0.0244262 -0.058612 
0.00469878 0.0265414 -0.09242740000000001 
-0.00654778 0.0187182 -0.110585 
-0.0139185 0.0274584 -0.000654677 
0.0264521 0.0240089 -0.0790661 
0.00249982 0.00311431 -0.09081939999999999 
-0.00329357 -0.0144055 -0.07507809999999999 
-0.026172 0.0355315 -0.127306 
0.0183666 -0.0283413 -0.215795 
0.00471497 -0.0373614 -0.110118 
-0.0170523 0.0261759 -0.0390085 
-0.0205538 0.02526 -0.0483926 
0.0221802 0.0283101 -0.00351171 
-0.00757622 0.0269658 -0.113707 
0.0360926 0.0237357 -0.0945578 
-0.00290991 0.0209387 -0.126854 
-0.0203782 -0.0284446 -0.150419 
-0.008341049999999999 -0.0302871 -0.0357923 
0.0284428 -0.0144144 -0.06804739999999999 
-0.0156051 0.00709345 -0.0742386 
-0.013544 0.0186845 -0.083819 
-0.0235 -0.0127506 -0.06273919999999999 
0.0281264 0.035644 -0.114371 
-0.0235 -0.00779108 -0.07312490000000001 
-0.00978707 0.0248633 -0.0182978 
-0.009990250000000001 -0.0348491 -0.00360975 
-0.0147727 0.0100069 -0.0782316 
-0.0196103 0.0282967 -0.126712 
-0.0245046 0.00113553 -0.00968069 
0.0335 0.0008547370000000001 -0.124899 
0.0111094 0.0376272 -0.101028 
-0.0178043 0.0149927 -0.122143 
-0.0118408 0.0161881 -0.118464 
-0.011525 0.0340594 0.0100533 
-0.0144533 0.00314282 -0.113465 
0.0221016 0.00626168 -0.007914300000000001 
0.00159297 -0.036158 -0.217272 
0.0226404 0.00737525 -0.0180017 
-0.00473794 0.0161378 -0.0785018 
-0.0206071 0.0337006 -0.193134 
-0.0153448 0.0206936 -0.0873526 
0.0276968 0.0071292 -0.102643 
0.0385 -0.0183829 -0.11872 
-0.0150496 0.019912 -0.0331839 
-0.0167731 0.0144519 -0.116966 
0.0190736 0.00309259 -0.0735604 
-0.008123389999999999 0.035593 -0.0738707 
-0.00214988 0.0276606 -0.0881405 
-0.00807338 0.0161917 -0.121276 
0.00749878 0.0275365 -0.0732483 
0.0335 -0.00188495 -0.06796439999999999 
0.0385 -0.000850175 -0.121246 
-0.0208479 0.0246111 0.0168418 
0.0289791 0.000196336 -0.039201 
-0.0215804 0.0224394 -0.036261 
0.00132767 0.00408818 -0.0602841 
0.0335 0.0188696 -0.07037259999999999 
0.0113717 0.0307598 -0.0519163 
-0.00514005 0.0376434 -0.113917 
-0.0359204 0.0283574 -0.153245 
0.0198179 0.0352907 -0.191179 
-0.024713 0.0258963 -0.120889 
-0.0184377 0.0341777 -0.141133 
0.0014282 -0.0128332 -0.138306 
-0.0285473 -0.000982978 -0.021685 
-0.0348455 -0.0357266 -0.09097719999999999 
-0.0121274 -0.0323348 -0.0557523 
0.0199051 -0.00087891 -0.096205 
-0.0306334 -0.0373001 -0.198585 
0.00860055 0.0349584 -0.00361993 
0.00414674 0.0187338 -0.122991 
-0.00691633 0.00713803 -0.109656 
0.00861718 0.00312883 -0.102352 
0.0325282 0.00513445 0.00755499 
-0.0335 -0.0214245 -0.120899 
 -0.03 0.0356879 -0.0699215 
0.008393380000000001 -0.0143942 -0.0840627 
0.0385 -0.0166815 -0.108015 
-0.0331705 -0.011433 -0.00870394 
-0.0112079 0.0121936 -0.0902181 
-0.0166943 -0.0231305 -0.0349101 
-0.0226316 0.0345932 -0.195378 
-0.024113 0.0253422 -0.131479 
0.00680789 0.0214986 -0.09614490000000001 
-0.016454 0.0232816 -0.0256327 
0.0245 0.0369405 -0.120088 
0.0362527 -0.032137 -0.07457270000000001 
-0.000141853 0.0375774 -0.0614588 
0.00824339 -0.035187 -0.141646 
0.0239437 0.00711977 -0.0951499 
0.0128023 0.00963104 -0.0713207 
-0.0184295 0.00711025 -0.0875898 
0.035969 -0.00632282 0.0168028 
0.0385 -0.024423 -0.115402 
-0.0354929 -0.0194229 -0.0612836 
0.0191524 -0.027852 -0.157321 
0.0157029 0.00711191 -0.0889078 
0.008305989999999999 -0.0170559 -0.116811 
-0.0198512 0.0114196 -0.110874 
8.28854e-06 0.0349581 -0.00897674 
0.0313038 0.000828264 -0.07125720000000001 
-0.011639 -0.00238784 -0.0891151 
-0.0311278 -0.0154943 0.0167913 
0.0100533 0.00313604 -0.108082 
-0.019066 0.014277 -0.117597 
-0.0335 0.0164678 -0.141773 
0.0100086 0.0227823 -0.0788285 
-0.00565762 0.0088197 -0.0720512 
0.0150887 -0.0128624 -0.109369 
-0.0362861 -0.00793671 0.000636353 
0.0268738 0.000605445 -0.0133885 
0.00388921 0.0205782 -0.133175 
-0.0335 0.0177588 -0.0594738 
-0.0110963 0.008937280000000001 -0.122518 
-0.0205573 0.0275148 -0.126713 
0.0168524 -0.0227789 -0.0104179 
-0.0154272 0.00883931 -0.0796877 
0.0268759 0.0173746 -0.0372437 
-0.0175892 0.0198687 -0.071216 
-0.008468750000000001 -0.0369701 -0.116426 
0.0011794 -0.029131 -0.146555 
-0.0179279 -0.00243 -0.135064 
-0.00679152 0.0322177 0.008382529999999999 
-0.0235275 0.032599 -0.185978 
-0.012663 0.0150056 -0.132343 
0.0323129 -0.0164586 0.0167901 
0.0367926 -0.0194256 -0.059156 
0.0345381 0.0100656 0.00712813 
0.0369096 0.0126229 -0.097638 
0.0357176 -0.00440747 0.00951077 
-0.0319483 0.020381 0.0185916 
-0.0319842 0.0311814 -0.07635699999999999 
-0.0382094 -0.0181018 -0.0525648 
-0.0187698 0.00711308 -0.08983240000000001 
-0.0124401 0.0343682 -0.194282 
-0.0146695 0.010256 -0.08617519999999999 
-0.00502028 0.027506 -0.0714234 
-0.0382199 -0.0240146 -0.139476 
0.00159359 -0.0328986 0.00842825 
-0.0185 -0.00495685 -0.125464 
0.0151122 0.0331288 -0.0453303 
0.024169 0.0169325 -0.0133679 
-0.00294112 0.0358282 -0.0447558 
0.00860793 -0.0275058 -0.0209768 
-0.00530937 0.0375645 -0.0511849 
0.0321644 0.0375848 -0.102954 
0.0352377 -0.0124023 -0.07764210000000001 
-0.0155822 0.0376215 -0.09653 
-0.0317027 -0.00882548 0.009632659999999999 
0.0025 -0.0362224 -0.077657 
0.00266307 -0.00239586 -0.08273800000000001 
-0.00690122 0.0275021 -0.118702 
-0.015898 -0.0373654 -0.106997 
0.00869089 0.0224027 -0.00493689 
0.0275971 -0.00179269 -0.140292 
0.0181502 -0.0128984 -0.0807578 
0.0224235 0.00315279 -0.121384 
0.00109878 0.0270226 -0.0876089 
0.0246887 -0.0140866 -0.0246999 
-0.00620522 0.0267402 -0.084774 
-0.000154959 0.023064 -0.0685933 
-0.0335 -0.0049943 -0.0657703 
-0.0081101 -0.0274197 -0.0355349 
0.0385 -0.0206194 -0.0748283 
-0.015226 -0.0345415 0.0167673 
0.0103916 0.0231419 -0.130537 
-0.0162173 0.00710258 -0.081494 
-0.0149551 0.0237111 -0.0452391 
-0.00152887 -0.000914112 -0.06823799999999999 
-0.0176332 0.0161873 -0.117805 
-0.0155703 0.0114287 -0.118102 
0.0328303 -0.034817 -0.0705838 
-0.000772598 -0.0304939 -0.220393 
0.0113784 0.0254271 -0.00725724 
-0.011682 0.0149386 -0.0791355 
-0.00425687 -0.0373659 -0.106545 
-0.0282904 -0.0363124 -0.0629955 
-0.0154503 0.0206765 -0.121168 
-0.0102146 0.00711535 -0.0916386 
-0.0103238 0.0308414 -0.196969 
0.0110779 0.0375627 -0.0498143 
0.0239791 0.0172347 -0.0103676 
-0.019033 -0.00233505 -0.131056 
0.0161968 0.00309057 -0.071953 
-0.0282373 0.0114287 0.0188919 
-0.00437838 -0.0275291 -0.135794 
-0.0165736 0.0215437 -0.131935 
0.0205332 0.012415 -0.0151038 
-0.00541001 0.0210153 -0.06855509999999999 
-0.0164 -0.0232726 -0.119872 
-0.0166454 0.0214721 -0.0750516 
-0.0111808 0.0300691 -0.174046 
-0.0359656 -0.000940825 0.008796669999999999 
0.0178921 -0.0023264 -0.137923 
-0.0235 -0.0046303 -0.07832069999999999 
0.0176778 -0.0374037 -0.07655099999999999 
0.0163762 0.0310785 -0.0438587 
0.0326894 -0.037169 -0.09844899999999999 
-0.0240831 -0.018547 -0.0347488 
-0.0194108 0.0198645 -0.0679299 
-0.0296487 -0.0165001 -0.0427344 
0.0111223 0.0375784 -0.0622601 
0.0243218 0.00714998 -0.119156 
0.0157653 -0.032802 0.0121474 
0.0335 0.0161767 -0.07677200000000001 
0.00867981 -0.000870957 -0.102524 
-0.0132698 0.0210288 -0.0792736 
0.0325301 0.0125772 -0.0435646 
-0.000947198 -0.0306822 -0.0456956 
-0.0275 -0.0027806 -0.0740244 
-0.0105234 0.0122339 -0.122261 
-0.0160146 0.0186844 -0.08369600000000001 
-0.027515 -0.0305613 -0.169236 
0.009357509999999999 0.00714724 -0.116977 
0.00892331 0.0215349 -0.124981 
-0.00488466 0.0215208 -0.113753 
0.0210769 0.0275778 0.0168455 
0.0052246 -0.0239701 -0.0104194 
0.0335 -0.00466326 -0.0642824 
-0.0228065 0.0237239 0.00224791 
-0.0105314 0.0114255 -0.115586 
-0.0305968 0.00131308 -0.100053 
0.0349132 -0.0278273 -0.176948 
-0.00807652 -0.00241878 -0.06453250000000001 
-0.00748381 -0.0305283 -0.0403277 
-0.0109327 -0.0309545 -0.0414122 
-0.0259918 0.0125041 -0.00453955 
0.0110596 -0.000881382 -0.0942414 
0.0335 -0.0130293 -0.09120540000000001 
0.0385 -0.00186266 -0.0802047 
0.00803712 0.0122341 -0.122461 
0.0335492 0.0130079 0.0028277 
-0.0385 0.0133118 -0.0895758 
-0.00300353 0.0328387 0.0106964 
0.0195 -0.036127 -0.0754454 
0.0217721 0.0286183 -0.178406 
0.0132386 0.0369817 -0.0983151 
0.016803 -0.0144138 -0.0684732 
0.0142552 -0.0321376 -0.008497930000000001 
-0.0321288 -0.0116273 -0.0528653 
-0.00556492 0.0160049 -0.132553 
0.015688 0.0329732 0.010943 
0.00552636 -0.000845835 -0.122483 
0.023416 0.0352919 -0.192199 
0.0385 -0.0140186 -0.0595427 
0.0237524 0.00296512 -0.0174056 
0.0229783 0.0240899 -0.12145 
0.01958 0.0276306 -0.0402545 
-0.0103963 0.0182259 -0.0767366 
0.00751436 0.0365278 0.0193568 
0.0302068 0.0305847 -0.17648 
0.0149802 0.0352703 -0.174985 
0.0335 -0.0146056 -0.0879047 
-0.0150093 -0.0202383 -0.00391471 
0.00229316 0.0284772 -0.211701 
0.0165737 0.00313113 -0.104177 
-0.0176557 0.0153164 -0.06928140000000001 
-0.0131526 -0.0346963 0.0167671 
0.0235 -0.0133251 -0.09020450000000001 
0.00397378 0.0246202 -0.0750839 
0.0191888 -0.0144 -0.07949000000000001 
-0.020852 0.0275147 0.0132442 
0.0184033 -0.0365735 -0.158205 
0.0163994 0.0215394 -0.128518 
0.0142152 0.0317271 -0.181557 
0.00785508 -0.0226119 -0.0179064 
0.0226337 -0.0143507 -0.118587 
0.0332868 -0.0115126 0.014175 
0.0296134 -0.0237114 0.0166745 
-0.0382986 -0.0118588 -0.0797601 
0.0385 0.0199295 -0.0714868 
-0.0317823 0.0310934 -0.130058 
-0.00560655 0.0375678 -0.0538125 
-0.00271041 0.0276573 -0.0855567 
0.0220621 -0.0144188 -0.06453730000000001 
0.0385 0.0154354 -0.08945350000000001 
-0.0383096 -0.0215873 -0.0558605 
0.0275 0.00179701 -0.0704795 
-0.015321 0.0364379 -0.135842 
-0.0310388 -0.0110803 0.00550048 
0.00434983 0.0356524 -0.121075 
-0.00734853 0.0215134 -0.107884 
-0.0110636 -0.0143882 -0.0888581 
-0.0249177 0.0166135 -0.0126998 
-0.00572634 -0.0355246 0.00508675 
0.0016 -0.0241287 -0.130833 
-0.023494 0.0261811 -0.094865 
-0.0299938 0.0197198 -0.00536698 
0.0217961 -0.0227726 -0.0473618 
-0.0171093 0.00731366 -0.0954951 
-0.0102952 -0.012856 -0.114386 
-0.0344175 -0.00429218 0.0119997 
0.0140503 0.0149282 -0.07088220000000001 
0.0353476 0.0358062 -0.09357600000000001 
-0.007968569999999999 0.0199197 -0.111743 
0.00774152 -0.0373556 -0.114754 
0.0238011 0.0242086 0.0168412 
-0.0293288 -0.000420881 -0.0402898 
-0.037506 -0.00603411 0.0186492 
-0.00430999 0.0294834 -0.146575 
-0.0194609 0.023111 -0.10595 
-0.0316847 -0.026303 -0.0589023 
-0.0188818 0.0376491 -0.124653 
-0.0273601 -0.00594549 -0.0407223 
-0.0215613 0.00716541 -0.131415 
-0.0250517 0.0279337 -0.115753 
0.0185 -0.010479 -0.124334 
0.00881973 0.0071617 -0.128464 
-0.0104816 -0.03016 0.0167728 
-0.0125511 0.00890079 -0.128535 
-0.0194949 0.0366851 -0.0512548 
  0.03 -0.034385 -0.118835 
-0.00262034 0.0276668 -0.0930581 
0.0318197 -0.0167869 -0.00564025 
-0.008006930000000001 -0.034771 -0.221663 
0.00478265 -0.0109264 -0.137957 
0.000557208 0.0276549 -0.09401959999999999 
-0.00844455 -0.0225141 -0.00425453 
-0.0126536 -0.0129213 -0.0625178 
-0.00506322 0.0240259 -0.07631780000000001 
0.0335 0.0236536 -0.141019 
0.0236679 -0.00319192 -0.0139122 
0.0294149 -0.00769598 0.0172717 
0.0134817 0.0161722 -0.105839 
0.0119762 0.009874269999999999 -0.107469 
-0.00187194 -0.035952 0.00502349 
-0.00207153 -0.0235709 -0.117819 
-0.0335 0.012036 -0.150173 
-0.0155689 0.0264055 -0.036256 
0.00315496 -0.000931958 -0.138291 
-0.030562 0.0375528 -0.08934159999999999 
-0.0153747 0.0205036 -0.113549 
-0.0078431 0.0201714 -0.0699843 
0.0258996 0.0109297 -0.0155584 
-0.009273 0.0149953 -0.124202 
-0.0185 -0.008733640000000001 -0.137772 
0.0205931 0.0289862 -0.149415 
0.0194741 -0.0370687 -0.0673266 
-0.0192988 0.0357017 -0.0545206 
0.0199928 -0.00083298 -0.132696 
-0.00695071 0.0275102 -0.123363 
0.0339191 -0.0345205 -0.0741016 
-0.0230274 -0.0357337 -0.08564190000000001 
-0.022525 0.0203927 -0.00102489 
0.0335 -0.01474 -0.129432 
-0.0108019 0.0215441 -0.132281 
-0.0167708 -0.00228586 -0.0622922 
-0.0228587 -0.0363225 -0.207244 
-0.0244859 0.0232916 -0.0930687 
0.0108448 -0.0275556 -0.00754467 
-0.0376554 -0.0306557 -0.0798208 
0.0385 0.0175522 -0.114687 
-0.017828 -0.0353551 -0.115132 
0.0310901 0.0282462 -0.155882 
0.00507733 -0.00243014 -0.134952 
0.00050649 0.00887312 -0.10655 
-0.0038761 0.00309345 -0.0742434 
-0.0335 -0.00149044 -0.08340060000000001 
-0.0374692 0.00583659 0.0186281 
0.0165695 -0.0143584 -0.112479 
-0.00780126 -0.00235854 -0.112391 
0.009500949999999999 0.0285873 -0.151694 
-0.0335 0.0275581 -0.104696 
-0.0236381 -0.0347144 -0.135209 
-0.0252147 0.00212565 -0.0352866 
-0.0228517 -0.00251275 -0.0693231 
-0.00709787 -0.032191 0.0162932 
-0.0385 0.0144736 -0.0926869 
0.0241133 0.0238506 -0.079303 
-0.018278 0.00714233 -0.113073 
0.0250301 0.0252085 -0.0791346 
0.0219656 -0.016759 -0.0210872 
-0.0333659 -0.000711004 -0.0552403 
0.0254162 0.0376262 -0.100273 
0.0226066 -0.00446159 -0.00477558 
-0.0152966 -0.0128548 -0.115386 
-0.00538075 0.029254 -0.08290839999999999 
0.00352593 0.00314711 -0.116875 
0.0022937 0.0149369 -0.0777953 
0.00658923 0.0102157 -0.129185 
0.0056989 0.0277052 -0.123586 
-0.0294255 0.0146663 -0.000411676 
-0.00699742 0.0161365 -0.07747130000000001 
-0.008344789999999999 -0.00234144 -0.125979 
-0.0199602 0.008466049999999999 -0.0886441 
-0.00919001 0.0070884 -0.0702275 
0.000457305 -0.0359432 -0.00457853 
0.0146721 0.037583 -0.0658989 
-0.00704847 -0.0270382 -0.00392327 
0.00509878 0.0271671 -0.130167 
0.0334194 0.0266794 -0.137563 
-0.0275 -0.00150392 -0.0983873 
0.0363841 0.00187866 -0.0979443 
0.0233944 -0.0128664 -0.106164 
0.0165372 -0.0285666 0.0134043 
0.00248961 0.0298158 -0.014504 
-0.0361232 -0.0115579 0.0163984 
-0.0183477 0.00885212 -0.0898673 
-0.00151524 0.0231461 -0.133831 
-0.0372602 0.00770143 -0.108522 
0.00348605 0.0292637 -0.09062539999999999 
-0.019128 0.00756952 -0.106011 
0.0374411 0.0126711 -0.135962 
-0.00964253 -0.0191938 -0.117813 
0.0335 0.0248526 -0.0738805 
-0.0385 -0.0193887 -0.07769810000000001 
0.0143507 -0.0354159 -0.06684279999999999 
-0.0292232 0.00712113 -0.0962287 
0.00556468 -0.000854225 -0.115817 
0.0305548 -0.0319136 -0.07293819999999999 
0.0121496 -0.0245109 -0.0403201 
-0.0381444 -0.0287647 -0.18757 
-0.0265876 -0.0277883 -0.207898 
0.0205181 -0.0296604 -0.218844 
0.0196493 0.033945 -0.196332 
-0.0124935 -0.0373706 -0.102812 
-0.009926549999999999 0.00716393 -0.130236 
-0.0159721 -0.0248051 -0.0363205 
-0.0273186 -0.032572 -0.203782 
-0.009645249999999999 0.00710504 -0.0834477 
0.0104827 0.022631 -0.123822 
-0.00313246 0.0324924 -0.140248 
-0.0322784 -0.0287199 -0.187105 
0.0143013 -0.00654836 -0.0198975 
-0.012334 -0.0322235 -0.0102802 
-0.0294403 -0.0373024 -0.19672 
-0.0335 0.0258317 -0.06883499999999999 
0.000606837 0.0280293 -0.046567 
0.0385 0.0146844 -0.052284 
0.0124204 0.0226504 -0.127728 
-0.00359252 -0.0347711 -0.2216 
0.00369412 0.0149244 -0.0678453 
-0.0221193 0.0099688 -0.0136009 
-0.0158205 0.00716807 -0.133526 
-0.0207831 0.00513922 -0.0605386 
-0.0335 0.00682532 -0.110169 
0.0161469 0.0215428 -0.131217 
0.0365304 0.0126558 -0.123812 
-0.0152305 0.0220141 -0.114768 
0.0342598 -0.00066446 -0.06889140000000001 
0.0287244 -0.0162335 0.0106698 
-0.01999 -0.000829248 -0.135661 
-0.0086915 0.0122363 -0.124156 
-0.0129766 0.0334246 -0.179119 
-0.0289952 0.0243497 0.0190609 
0.0283228 0.024885 -0.000132223 
0.00197254 -0.0143804 -0.0950429 
0.0385 0.0212553 -0.100287 
0.00114248 0.0249026 -0.0321117 
0.0339439 -0.0278187 -0.183797 
-0.0357632 0.0246625 -0.129091 
-0.0312121 0.00617072 -0.000681471 
0.00316437 0.0317029 -0.000649334 
-0.00248702 0.0121673 -0.06933540000000001 
-0.0335 0.0214481 -0.141755 
-0.0157448 0.0161001 -0.118237 
-0.0220948 0.0341178 -0.201692 
-0.0235942 -0.00238782 -0.0223923 
0.0335 0.0200326 -0.0952397 
0.0150534 0.0220634 -0.0790024 
-0.0362442 -0.0182161 -0.151987 
0.0385 0.0311394 -0.126811 
0.0242205 0.0197981 0.0193357 
0.0371845 -0.0219059 -0.07256609999999999 
0.000249652 0.0149362 -0.0771993 
-0.018623 0.0262539 -0.0815553 
0.0341677 0.00763198 -0.104852 
0.00528484 0.0088786 -0.11885 
-0.00231747 0.0149291 -0.0715855 
 -0.03 -0.0363199 -0.121811 
0.0172456 -0.0129084 -0.0728036 
0.035696 0.00761884 -0.0944145 
-0.023331 -0.0128677 -0.105139 
0.00429878 0.0357154 0.0109873 
0.00472917 0.00709731 -0.07730620000000001 
0.00971961 0.0161862 -0.116918 
-0.0367479 0.0300652 -0.06847300000000001 
-0.0326785 -0.0045137 0.0155993 
-0.0185297 0.0131005 -0.067625 
-0.02091 0.00313166 -0.104598 
-0.0312037 0.0372133 -0.0846952 
0.00765905 -0.0291334 -0.146541 
0.0118691 0.0215221 -0.114757 
-0.0200685 -0.0251684 -0.0393013 
-0.0214781 -0.0288747 0.00416943 
-0.0351014 0.0144385 0.00780255 
-0.0190047 0.0128686 -0.105562 
0.0135 -0.0363126 -0.089128 
0.00631694 -0.0373617 -0.149666 
-0.0129515 0.0201475 -0.129943 
0.0350128 -0.00825674 0.009666869999999999 
0.0188381 0.0323414 -0.195088 
-0.0187701 -0.0278282 -0.217825 
0.0204961 0.0214777 -0.0795498 
-0.0332446 -0.0260462 -0.141321 
-0.00539143 0.0239425 -0.00666468 
-0.00401339 -0.0173474 -0.121212 
0.0185015 0.0231239 -0.116224 
-0.0186472 -0.0367404 -0.219948 
0.009199290000000001 0.0271507 -0.0946244 
0.0306492 0.0360588 -0.0684179 
-0.015232 0.0372665 -0.130562 
-0.00404851 0.00711796 -0.0937139 
-0.00283135 -0.0257902 -0.117822 
0.0368948 0.0196842 -0.0807064 
0.00678212 0.0366165 -0.0462148 
-0.00676704 0.00416816 -0.140284 
0.0361308 0.0126254 -0.0996489 
0.0207931 0.0182053 -0.0169137 
-0.0144748 0.01841 -0.114144 
0.0345942 -0.0355748 -0.0871765 
-0.00108127 0.00710287 -0.08172450000000001 
-0.0385 -0.0176602 -0.12851 
0.00323966 -0.037418 -0.06519750000000001 
0.0209664 0.0356429 -0.113535 
-0.0183904 -0.0143459 -0.122423 
0.0186429 0.0215874 -0.0305154 
0.0194058 -0.0338221 -0.14137 
0.00260006 0.0214643 -0.06885189999999999 
0.0185 -0.00781401 -0.111231 
-0.0385 0.00517484 -0.0601351 
-0.0250732 0.0199141 -0.0362672 
-0.0159069 0.0237856 -0.00708358 
-0.0177799 0.0146538 -0.127715 
0.0165757 0.0289366 -0.0504978 
-0.0138194 0.0149991 -0.12719 
-0.0307221 -0.0319837 -0.196715 
0.0135693 0.0119135 -0.132052 
0.0335 -0.00259744 -0.1207 
0.0385 -0.0024444 -0.115415 
-0.0335 -0.000754849 -0.134858 
0.0385 -0.00376696 -0.0657782 
-0.0138257 0.0353489 0.0151089 
0.0132225 0.0116446 -0.0903284 
-0.000119329 0.019898 -0.0945643 
-0.0300837 0.0110036 -0.0430309 
0.0205306 0.0356138 -0.0904184 
-0.00537247 0.0352188 0.009019630000000001 
0.00567193 -0.0372732 -0.21991 
-0.00539492 0.0230921 -0.0909715 
-0.0121329 0.00311073 -0.0879731 
0.00485668 0.0150003 -0.128143 
-0.0221037 0.0252825 -0.0864462 
-0.00617595 0.00715838 -0.125826 
-0.021464 0.0275404 -0.129793 
-0.0157176 0.0356168 -0.092747 
-0.0136452 0.0360601 -0.138001 
0.0337765 0.00761309 -0.0898452 
0.0150261 -0.0128483 -0.120556 
-0.0359422 0.0196864 -0.0806979 
0.0125616 -0.037188 -0.128219 
0.0191974 -0.0268704 -0.0396073 
-0.0281813 0.000925998 -0.136985 
-0.0290613 -0.0126027 -0.0403051 
-0.0256833 0.00348057 -0.0366298 
0.0272101 0.008631750000000001 -0.0338911 
0.0138948 0.0353544 0.00745479 
-0.018015 0.0230775 -0.0793247 
-0.0285 -0.0132878 -0.13156 
0.0275 0.00169277 -0.111221 
-0.0289214 0.0352686 -0.173632 
0.0253068 0.00715999 -0.127102 
0.0109429 -0.010932 -0.133514 
-0.0154098 0.0241484 -0.109331 
0.00523968 -0.0233281 -0.0138952 
0.0129923 0.0176268 -0.0909431 
0.00211838 -0.0374387 -0.0486932 
-0.00872262 0.0215369 -0.126538 
-0.029305 -0.0150427 0.00723799 
0.0346856 0.00762833 -0.101954 
-0.0191124 -0.00247221 -0.101528 
0.0185601 0.021656 -0.0326006 
-0.0124 -0.0169022 -0.137062 
-0.0335 -0.00180639 -0.126302 
-0.00117176 -0.0318491 -0.0495187 
-0.0102692 -0.0237741 -0.0357934 
0.0223337 -0.0228618 -0.036318 
-0.0169125 0.0147139 -0.111016 
-0.0344018 0.0321261 -0.0625728 
0.0117623 -0.0354039 -0.0763981 
-0.0189008 0.0282775 -0.180716 
-0.01366 -0.0370784 -0.12956 
0.0377224 0.0206685 -0.101808 
-0.0195 0.0365244 -0.109096 
-0.0108625 0.0376303 -0.103484 
-0.030973 0.0376539 -0.122249 
0.0294052 -0.0151135 -0.0498638 
0.0346259 0.00979097 0.00807823 
0.0109001 -0.00241295 -0.06916029999999999 
0.0384838 -0.0122526 -0.138577 
-0.00185046 0.0259274 -0.0359508 
0.00964141 0.026493 -0.039628 
0.0199335 -0.0302096 -0.16091 
0.0230182 -0.0167649 -0.0265723 
-0.0283149 -0.0215199 0.0106344 
0.009686989999999999 0.0375688 -0.0546115 
-0.0385 -0.0135083 -0.127252 
-0.00678053 0.00312057 -0.09578689999999999 
-0.0176747 -0.0371933 -0.128001 
-0.018604 0.0071045 -0.0830176 
-0.0103468 -0.0305741 -0.216965 
0.0205274 -0.000883834 -0.0922935 
0.0008068110000000001 0.0329264 0.00815666 
0.009199290000000001 0.0275298 -0.08397590000000001 
-0.00761294 0.0198648 -0.0681286 
-0.0359819 -0.0365638 -0.124018 
-0.008952730000000001 -0.0348576 -0.152923 
-0.0342599 0.0212639 -0.117776 
-0.0230415 0.00966792 -0.0133771 
-0.0052273 -0.0348592 -0.151619 
-0.0196236 -0.0347797 -0.214784 
-0.0251972 -0.0173406 0.019289 
-0.0196527 0.0373152 -0.116306 
0.00185992 0.0150069 -0.133407 
-0.0191811 -0.0008500959999999999 -0.119098 
-0.00710024 0.0187073 -0.133709 
-0.0123188 -0.023908 -0.00504125 
-0.00581906 0.0210167 -0.06964869999999999 
0.0369699 -0.0341214 -0.09572550000000001 
0.0295354 0.00388194 -0.0422677 
-0.021118 0.0237264 -0.1123 
-0.0335 0.00176094 -0.105599 
-0.0178614 -0.0373756 -0.0988395 
0.00388848 0.0306643 -0.0516188 
-0.0308982 0.0071544 -0.122664 
-0.0113556 0.035976 0.0168561 
0.011805 0.0122161 -0.108095 
-0.000545552 -0.0325602 -0.0434734 
-0.00326342 0.0186634 -0.0670741 
0.00898565 0.0206316 -0.117852 
-0.020358 -0.0273396 -0.0403237 
-0.0171286 0.0149963 -0.124968 
-0.0187989 0.0371597 -0.131232 
-0.0130317 -0.00190067 -0.0622917 
-0.0273213 0.035602 -0.0809836 
0.0347195 0.011875 -0.0866253 
-0.0355 0.00107328 -0.068097 
-0.0335 0.000906771 -0.08497879999999999 
0.0383982 -0.0329886 -0.18477 
0.0134399 -0.0343572 -0.134182 
-0.036107 0.00281678 0.0193143 
-0.0281021 0.0282625 -0.168802 
-0.00658529 -0.000914682 -0.06778480000000001 
-0.00680314 0.0113689 -0.0706131 
0.0115185 0.00889385 -0.122935 
-0.00972898 0.00712534 -0.0995738 
-0.011766 0.0231259 -0.117777 
0.0132314 -0.010927 -0.137458 
-0.0385 0.0190292 -0.094165 
0.0298562 -0.00289048 -0.08701689999999999 
0.0385 0.00818647 -0.085205 
-0.00505608 0.0186915 -0.0893456 
-0.00979473 -0.0348081 0.00341915 
0.0167212 0.02314 -0.129028 
0.00799355 0.0149876 -0.118043 
-0.00204375 0.0215218 -0.114547 
0.0128497 -0.0260495 -0.119614 
-0.0041576 0.0214729 -0.07569480000000001 
0.00485726 0.0356403 -0.111464 
0.0204745 0.0322318 -0.186527 
0.0005999999999999999 -0.0194446 -0.121646 
-0.030093 -0.0132424 0.00441017 
0.0335 0.00620652 -0.0752635 
0.015212 -0.00241155 -0.0702716 
0.00875417 0.0286525 -0.0341818 
-0.0124562 0.0286703 -0.0158532 
-0.0119287 0.0282545 -0.162473 
-0.0378914 9.582840000000001e-05 -0.145264 
-0.0327055 -0.0207686 -0.0481577 
-0.011079 -0.00233897 -0.127937 
0.0273202 0.0352464 -0.156035 
0.0353267 -0.0348732 -0.145347 
-0.000148806 -0.0301448 -0.140847 
-0.0264093 0.0294762 -0.191036 
-0.00805429 0.0248086 -0.00872476 
-0.0235292 -0.0367673 -0.0594959 
0.035971 -0.000299749 -0.0011647 
-0.026961 0.00575659 -0.00725418 
0.0335865 0.0334982 -0.0651578 
-0.00647793 -0.0372769 -0.217009 
0.00705951 0.0149524 -0.0900488 
0.0101266 0.0262179 -0.132623 
-0.0282127 0.0356291 -0.102538 
-0.00930097 0.0229923 -0.0268603 
-0.033233 0.0345861 -0.162972 
-0.0165268 -0.0342215 -0.141782 
-0.0258158 0.0356011 -0.0802915 
0.0205896 -0.0101463 -0.004821 
0.0378366 -0.0353334 -0.129705 
 -0.03 -0.0358083 -0.0849186 
0.00260518 -0.0144022 -0.0777038 
0.00601064 0.00709982 -0.0792993 
-0.00736036 0.0114153 -0.107493 
-0.0168526 0.0282576 -0.164885 
-0.0235 -0.00944074 -0.123398 
0.0264578 -0.0134346 -0.046641 
0.0326991 0.00107018 -0.0152368 
-0.0221122 -0.0113818 -0.0321863 
-0.0247694 0.0356585 -0.0802901 
-0.0113516 0.0183113 -0.12595 
0.0185876 -0.00242939 -0.135551 
-0.0177835 0.0198827 -0.0823829 
-0.00247836 -0.0143793 -0.09591040000000001 
0.0133917 0.00315505 -0.123185 
0.00722943 0.00312874 -0.102281 
0.0379047 -0.026004 -0.0647829 
0.0175 -0.00384632 -0.137176 
0.0026379 0.0272733 -0.131693 
0.0122722 -0.0128268 -0.137613 
-0.00310038 0.00310359 -0.0822996 
0.0005999999999999999 -0.0163409 -0.136472 
0.0251366 0.009853580000000001 -0.0155329 
-0.006201 0.030107 -0.204138 
0.0229124 -0.0278498 -0.159036 
0.0335 0.0179153 -0.0706344 
0.018934 0.0231229 -0.115446 
0.0202511 -0.00235153 -0.117956 
-0.00361819 0.00713645 -0.108406 
-0.014265 0.0300697 -0.174562 
0.00645219 0.0174971 -0.0198672 
-0.00495957 0.0295812 -0.168038 
0.00756423 0.0320826 0.0147277 
0.0335 0.00403039 -0.09953969999999999 
0.0128661 -0.037353 -0.156513 
0.00886837 0.00889771 -0.126084 
-0.0314105 -0.0201222 0.013108 
-0.0244609 0.0376409 -0.111888 
0.0230793 -0.0301202 0.0101218 
0.00388285 0.0122385 -0.125886 
-0.0306075 0.0122167 -0.000641808 
-0.0068428 0.0182679 -0.0871712 
-0.0162311 0.0231317 -0.122383 
0.0165824 -0.0118521 -0.0224042 
0.0240859 0.00717087 -0.13575 
0.00803363 -0.0236224 -0.0339899 
0.0103888 0.0274505 -0.123019 
-0.0224662 -0.0144084 -0.07277740000000001 
-0.0239228 0.02852 -0.105211 
0.008454120000000001 0.0359321 -0.08206620000000001 
-0.012728 -0.01439 -0.0873785 
-0.0274451 -0.011826 -0.0126788 
-0.0293696 -0.0229877 -0.0541506 
-0.000958831 0.0216001 -0.0198621 
0.0278992 -0.0326241 -0.212801 
-0.0132771 0.0230989 -0.0963652 
-0.00571214 0.0282899 -0.153393 
-0.0273304 0.0376197 -0.09508179999999999 
-0.0341468 -0.00924443 -0.007966000000000001 
0.0356345 0.0213591 -0.124226 
-0.00130922 0.0198845 -0.0838323 
-0.0191096 0.0133576 -0.0854772 
0.0121563 -0.0351348 -0.142134 
-0.0335 -0.0152737 -0.08455799999999999 
-0.00281211 -0.0128707 -0.102741 
0.0381743 0.0300437 -0.0841441 
0.0281892 0.00416868 -0.024434 
0.0125437 -0.0275305 -0.134651 
0.00114917 0.0197134 -0.134064 
0.0383732 -0.0124201 -0.0634865 
-0.00290447 0.0158139 -0.0198693 
-0.007984440000000001 0.0376121 -0.08900569999999999 
0.0160922 0.0375786 -0.0624437 
0.021527 -0.00235017 -0.119043 
0.0005999999999999999 -0.0254667 -0.117232 
-0.00331481 0.0121846 -0.0831086 
-0.0122219 0.036377 -0.0475377 
-0.0335 -0.00216519 -0.143778 
0.008794450000000001 0.0149812 -0.112936 
-0.0385 -0.00746434 -0.11212 
0.0073807 0.0114428 -0.129363 
0.0269551 -0.0354222 -0.0618249 
-0.0130424 0.0334338 0.0168529 
-0.0142769 -0.00489792 -0.133296 
-0.009256220000000001 0.0280116 -0.110819 
-0.0300338 0.0116434 0.0189399 
-0.0192525 0.0127286 -0.111727 
-0.0385 0.01404 -0.0703732 
0.0335 -0.00110897 -0.08014400000000001 
-0.0136535 0.0108239 -0.08620800000000001 
3 946 385 286 
3 418 909 109 
3 909 859 109 
3 665 846 470 
3 741 579 519 
3 905 894 677 
3 280 632 905 
3 632 894 905 
3 677 632 61 
3 894 632 677 
3 497 741 519 
3 649 313 808 
3 313 3 808 
3 346 313 181 
3 418 546 424 
3 418 731 909 
3 475 197 677 
3 635 634 464 
3 635 475 634 
3 197 635 464 
3 635 197 475 
3 50 759 634 
3 475 50 634 
3 759 964 634 
3 634 964 464 
3 682 810 17 
3 810 859 17 
3 859 810 682 
3 97 859 682 
3 816 365 63 
3 202 197 464 
3 579 861 519 
3 861 579 665 
3 861 665 470 
3 579 997 45 
3 997 579 741 
3 137 280 905 
3 137 632 280 
3 817 137 45 
3 137 817 733 
3 632 137 733 
3 579 351 665 
3 753 846 665 
3 799 753 665 
3 365 947 63 
3 967 947 365 
3 397 826 286 
3 397 896 826 
3 385 397 286 
3 385 617 519 
3 946 617 385 
3 826 35 286 
3 35 632 733 
3 313 926 181 
3 649 465 313 
3 465 926 313 
3 683 3 313 
3 975 649 808 
3 3 975 808 
3 346 73 313 
3 73 683 313 
3 66 397 385 
3 397 66 896 
3 896 66 787 
3 66 546 787 
3 759 192 109 
3 192 418 109 
3 192 416 418 
3 416 192 787 
3 192 709 787 
3 558 546 418 
3 416 558 418 
3 546 558 787 
3 558 416 787 
3 289 719 61 
3 719 50 475 
3 632 167 61 
3 167 289 61 
3 289 167 826 
3 167 35 826 
3 35 167 632 
3 843 896 787 
3 289 843 787 
3 896 843 826 
3 843 289 826 
3 196 759 109 
3 196 964 759 
3 859 196 109 
3 964 196 859 
3 97 471 859 
3 964 471 464 
3 471 964 859 
3 60 97 682 
3 202 60 682 
3 60 202 464 
3 471 60 464 
3 60 471 97 
3 594 251 63 
3 279 594 63 
3 697 351 579 
3 697 579 45 
3 697 799 665 
3 351 697 665 
3 137 697 45 
3 697 139 799 
3 139 697 137 
3 197 302 677 
3 626 35 733 
3 35 626 497 
3 497 626 741 
3 35 571 286 
3 571 946 286 
3 571 617 946 
3 571 35 497 
3 571 497 519 
3 617 571 519 
3 926 307 181 
3 465 215 926 
3 859 215 17 
3 215 859 909 
3 3 437 470 
3 437 683 470 
3 683 437 3 
3 491 975 682 
3 975 491 649 
3 73 478 385 
3 546 478 424 
3 478 66 385 
3 66 478 546 
3 832 385 519 
3 832 73 385 
3 861 832 519 
3 832 861 470 
3 683 832 470 
3 73 832 683 
3 709 125 787 
3 125 709 289 
3 217 192 759 
3 192 217 709 
3 948 392 424 
3 392 418 424 
3 392 731 418 
3 489 948 424 
3 478 489 424 
3 489 478 73 
3 489 346 181 
3 489 73 346 
3 307 489 181 
3 719 900 759 
3 900 719 289 
3 900 217 759 
3 709 900 289 
3 217 900 709 
3 535 719 759 
3 719 535 50 
3 104 677 61 
3 719 104 61 
3 104 475 677 
3 594 608 251 
3 251 608 63 
3 608 816 63 
3 777 3 470 
3 721 777 470 
3 777 721 3 
3 899 975 3 
3 721 899 3 
3 701 753 799 
3 139 701 799 
3 753 701 846 
3 806 137 905 
3 806 139 137 
3 806 947 967 
3 806 302 197 
3 806 279 63 
3 947 806 63 
3 839 307 926 
3 839 215 909 
3 215 839 926 
3 731 839 909 
3 307 839 731 
3 646 289 787 
3 125 646 787 
3 646 125 289 
3 562 489 307 
3 562 307 731 
3 392 562 731 
3 562 392 948 
3 489 562 948 
3 50 651 759 
3 651 535 759 
3 535 651 50 
3 713 719 475 
3 104 713 475 
3 713 104 719 
3 365 401 470 
3 816 401 365 
3 514 899 721 
3 899 514 975 
3 514 202 682 
3 975 514 682 
3 781 806 905 
3 806 781 302 
3 781 905 677 
3 302 781 677 
3 551 701 139 
3 806 551 139 
3 551 806 967 
3 701 551 846 
3 551 967 365 
3 551 365 470 
3 846 551 470 
3 202 523 197 
3 523 806 197 
3 806 523 279 
3 523 594 279 
3 594 523 202 
3 608 982 816 
3 982 401 816 
3 982 608 594 
3 401 982 470 
3 366 594 202 
3 366 982 594 
3 982 366 470 
3 366 721 470 
3 514 366 202 
3 366 514 721 
3 997 626 45 
3 626 817 45 
3 817 626 733 
3 626 997 741 
3 215 491 17 
3 491 682 17 
3 491 215 465 
3 491 465 649 
Vertices and facets:
- p946(v29): -0.031 -0.02 0.013
  neighbors: f115 f341 f470 f471
- p385(v15): -0.015 -0.035 0.017
  neighbors: f115 f495 f382 f341 f340 f335 f492 f497 f498
- p286(v13): -0.035 -0.036 -0.091
  neighbors: f115 f335 f343 f333 f469 f470
- p418(v30): 0.033 -0.037 -0.098
  neighbors: f238 f117 f392 f397 f245 f391 f396 f511 f512
- p909(v16): 0.038 -0.035 -0.13
  neighbors: f485 f138 f117 f245 f565 f567
- p109(v9): 0.028 -0.037 -0.17
  neighbors: f138 f117 f391 f390 f419 f421
- p859(v34): 0.038 -0.033 -0.18
  neighbors: f275 f426 f138 f278 f422 f274 f421 f424 f484 f485
- p846(v39): -0.011 0.036 0.017
  neighbors: f157 f550 f319 f601 f604
- p665(v21): -0.029 0.024 0.019
  neighbors: f320 f300 f157 f299 f316 f319 f451 f452
- p470(v3): 0.0075 0.037 0.019
  neighbors: f604 f157 f542 f300 f501 f487 f615 f486 f500 f541 f584 f603 f618 f619
- p579(v40): -0.037 0.0058 0.019
  neighbors: f306 f299 f164 f316 f298 f305 f449 f450
- p741(v24): -0.038 0.0052 -0.06
  neighbors: f164 f306 f209 f468 f625
- p519(v7): -0.038 -0.006 0.019
  neighbors: f164 f340 f298 f209 f474 f473 f497 f499
- p894(v45): -0.026 0.029 -0.19
  neighbors: f186 f201 f203
- p905(v23): -0.033 0.035 -0.16
  neighbors: f201 f186 f198 f311 f553 f594 f596
- p677(v11): -0.022 0.034  -0.2
  neighbors: f203 f458 f202 f533 f186 f255 f531 f596 f597
- p632(v48): -0.038 -0.029 -0.19
  neighbors: f315 f203 f202 f344 f198 f201 f312 f410 f414
- p280(v43): -0.036 0.028 -0.15
  neighbors: f198 f311 f312
- p61(v5): -0.031 -0.033 -0.21
  neighbors: f411 f202 f404 f410 f531 f532
- p497(v49): -0.038 -0.022 -0.056
  neighbors: f468 f465 f209 f472 f473
- p649(v52): 0.038 0.015 -0.052
  neighbors: f358 f220 f370 f491 f631
- p313(v27): 0.036 -0.0063 0.017
  neighbors: f224 f359 f220 f358 f351 f228 f362 f375 f376
- p808(v14): 0.035 0.0098 0.0081
  neighbors: f220 f224 f370 f371
- p3(v53): 0.028 0.026 0.014
  neighbors: f362 f224 f543 f371 f488 f486 f541 f544 f545
- p346(v54): 0.032 -0.016 0.017
  neighbors: f228 f375 f518 f519
- p181(v8): 0.033 -0.019 0.015
  neighbors: f475 f351 f228 f518 f520
- p546(v55): -0.0019 -0.036 0.005
  neighbors: f398 f385 f396 f238 f494 f496
- p424(v28): 0.016 -0.033 0.012
  neighbors: f494 f238 f511 f510 f515 f516
- p731(v57): 0.035 -0.036 -0.087
  neighbors: f568 f245 f512 f567 f573 f574
- p197(v59): -0.0027 0.035 -0.21
  neighbors: f262 f255 f261 f458 f293 f557 f605 f606
- p475(v33): 0.0023 0.028 -0.21
  neighbors: f262 f255 f260 f264 f409 f533 f580 f581
- p635(v60):  0.02 0.034  -0.2
  neighbors: f259 f260 f261 f262
- p634(v18): 0.021 -0.03 -0.22
  neighbors: f264 f260 f263 f259 f268 f269
- p464(v6): 0.023 0.035 -0.19
  neighbors: f269 f293 f261 f425 f259 f429 f430
- p50(v61): 0.0029 -0.028 -0.22
  neighbors: f263 f264 f409 f530 f577 f579
- p759(v32): 0.0057 -0.037 -0.22
  neighbors: f420 f419 f525 f268 f390 f263 f508 f523 f529 f577 f578
- p964(v62): 0.028 -0.033 -0.21
  neighbors: f268 f269 f422 f420 f425 f426
- p810(v63): 0.038 -0.012 -0.14
  neighbors: f273 f274 f275
- p682(v26): 0.038 0.031 -0.13
  neighbors: f273 f278 f490 f275 f428 f427 f592 f593 f629
- p17(v2): 0.038 -0.029 -0.13
  neighbors: f273 f274 f484 f628 f629
- p97(v64): 0.037  0.03 -0.15
  neighbors: f278 f424 f427 f431
- p816(v66): 0.0097 0.038 -0.055
  neighbors: f288 f537 f585 f610 f611
- p365(v36): -0.0053 0.038 -0.051
  neighbors: f585 f584 f288 f332 f331 f602 f603
- p63(v19): -0.0063 0.038 -0.11
  neighbors: f288 f434 f331 f537 f433 f536 f562 f563
- p202(v67): 0.034 0.038 -0.12
  neighbors: f609 f605 f429 f428 f293 f592 f616 f620
- p861(v68): -0.036 0.0028 0.019
  neighbors: f298 f299 f300 f499 f500
- p997(v69): -0.038 0.014 -0.07
  neighbors: f305 f306 f622 f625
- p45(v1): -0.038 0.026 -0.088
  neighbors: f305 f313 f450 f453 f622 f623
- p137(v70): -0.038 0.033 -0.12
  neighbors: f315 f314 f313 f455 f311 f312 f453 f553 f554
- p817(v42): -0.038 -0.014 -0.13
  neighbors: f313 f314 f623 f624
- p733(v12): -0.038 -0.018 -0.13
  neighbors: f344 f315 f314 f464 f624
- p351(v71): -0.032  0.02 0.019
  neighbors: f316 f449 f452
- p753(v72): -0.014 0.035 0.015
  neighbors: f319 f320 f548 f550
- p799(v41): -0.034 0.032 -0.063
  neighbors: f454 f320 f451 f548 f549
- p947(v74): -0.024 0.038 -0.11
  neighbors: f331 f332 f556 f563
- p967(v44): -0.027 0.038 -0.095
  neighbors: f332 f556 f600 f602
- p397(v75): -0.028 -0.036 -0.063
  neighbors: f333 f334 f335 f382 f383
- p826(v25): -0.036 -0.037 -0.12
  neighbors: f334 f333 f413 f343 f412 f417 f418
- p896(v47): -0.024 -0.037 -0.059
  neighbors: f384 f383 f334 f415 f417
- p617(v76): -0.036 -0.012 0.016
  neighbors: f340 f341 f471 f474
- p35(v77): -0.038 -0.034 -0.11
  neighbors: f465 f343 f344 f414 f464 f413 f469 f472
- p926(v79): 0.038 -0.026 -0.065
  neighbors: f351 f483 f475 f359 f564 f566
- p465(v80): 0.038 -0.014 -0.06
  neighbors: f358 f359 f483 f630 f631
- p683(v81): 0.024  0.02 0.019
  neighbors: f488 f362 f376 f487 f501 f502
- p975(v82): 0.038  0.03 -0.084
  neighbors: f491 f544 f371 f370 f490 f591 f593
- p73(v83): 0.024 -0.022 0.019
  neighbors: f502 f498 f492 f375 f376 f517 f519
- p66(v84): -0.012 -0.036 0.0066
  neighbors: f385 f382 f383 f384 f495 f496
- p787(v4): 0.0021 -0.037 -0.049
  neighbors: f395 f385 f399 f384 f416 f394 f398 f415 f504 f569 f570
- p192(v86): 0.022 -0.037 -0.16
  neighbors: f390 f391 f392 f395 f394 f508 f509
- p416(v56): 0.018 -0.037 -0.077
  neighbors: f394 f392 f397 f399
- p709(v85): 0.0063 -0.037 -0.15
  neighbors: f505 f395 f504 f509 f526 f527
- p558(v87): 0.019 -0.037 -0.067
  neighbors: f396 f397 f398 f399
- p719(v89): -0.019 -0.037 -0.22
  neighbors: f404 f409 f524 f530 f529 f523 f532 f580 f582
- p289(v58): -0.031 -0.037  -0.2
  neighbors: f505 f526 f404 f412 f411 f418 f416 f524 f569 f571
- p167(v90): -0.034 -0.035  -0.2
  neighbors: f410 f411 f412 f413 f414
- p843(v91): -0.018 -0.037 -0.099
  neighbors: f415 f416 f417 f418
- p196(v92): 0.028 -0.035  -0.2
  neighbors: f419 f420 f421 f422
- p471(v93):  0.03 0.031 -0.18
  neighbors: f426 f424 f425 f430 f431
- p60(v94): 0.035 0.035 -0.14
  neighbors: f427 f428 f429 f430 f431
- p594(v95): 0.025 0.038  -0.1
  neighbors: f609 f433 f434 f535 f608 f612 f616 f617
- p251(v35): 0.011 0.038  -0.1
  neighbors: f433 f535 f536
- p279(v65): -0.0051 0.038 -0.11
  neighbors: f434 f562 f607 f608
- p697(v98): -0.037  0.03 -0.068
  neighbors: f449 f450 f451 f452 f453 f454 f455
- p139(v97): -0.032 0.037 -0.087
  neighbors: f549 f455 f454 f554 f598 f599
- p302(v99): -0.023 0.035  -0.2
  neighbors: f557 f458 f595 f597
- p626(v101): -0.038 -0.019 -0.078
  neighbors: f464 f465 f468 f622 f623 f624 f625
- p571(v102): -0.038 -0.031 -0.08
  neighbors: f469 f470 f471 f472 f473 f474
- p307(v103): 0.036 -0.032 -0.075
  neighbors: f475 f568 f564 f520 f572 f573
- p215(v104): 0.038 -0.027 -0.085
  neighbors: f484 f485 f483 f565 f566 f628 f630
- p437(v105): 0.021 0.028 0.017
  neighbors: f486 f487 f488
- p491(v106): 0.038  0.02 -0.071
  neighbors: f490 f491 f628 f629 f630 f631
- p478(v107): -0.013 -0.035 0.017
  neighbors: f492 f496 f494 f495 f516 f517
- p832(v108): -0.025 -0.017 0.019
  neighbors: f497 f498 f499 f500 f501 f502
- p125(v109): -0.0011 -0.037 -0.16
  neighbors: f505 f504 f570 f571
- p217(v110): 0.0034 -0.037 -0.22
  neighbors: f509 f508 f525 f527
- p392(v111): 0.033 -0.035 -0.071
  neighbors: f510 f511 f512 f574 f575
- p948(v88): 0.023 -0.03  0.01
  neighbors: f510 f515 f575 f576
- p489(v112):  0.03 -0.024 0.017
  neighbors: f515 f516 f517 f518 f519 f520 f572 f576
- p900(v113): -0.0065 -0.037 -0.22
  neighbors: f523 f524 f525 f526 f527
- p535(v114): -0.008 -0.035 -0.22
  neighbors: f530 f529 f578 f579
- p104(v115): -0.023 -0.03 -0.22
  neighbors: f531 f532 f533 f581 f582
- p608(v116): 0.015 0.038 -0.066
  neighbors: f535 f536 f537 f610 f612
- p777(v117): 0.014 0.035 0.0075
  neighbors: f541 f542 f543
- p721(v96): 0.031 0.036 -0.068
  neighbors: f543 f590 f542 f545 f619 f621
- p899(v118): 0.034 0.033 -0.065
  neighbors: f544 f545 f590 f591
- p701(v119): -0.031 0.037 -0.085
  neighbors: f548 f549 f550 f598 f601
- p806(v120): -0.031 0.038 -0.12
  neighbors: f553 f554 f563 f556 f557 f595 f594 f600 f599 f562 f606 f607
- p839(v121): 0.037 -0.034 -0.096
  neighbors: f564 f565 f566 f567 f568
- p646(v122): -0.029 -0.037  -0.2
  neighbors: f569 f570 f571
- p562(v123): 0.034 -0.035 -0.074
  neighbors: f572 f573 f574 f575 f576
- p651(v124): -0.0036 -0.035 -0.22
  neighbors: f577 f578 f579
- p713(v125): -0.019 -0.028 -0.22
  neighbors: f580 f581 f582
- p401(v126): 0.011 0.038 -0.05
  neighbors: f585 f584 f611 f615
- p514(v127): 0.035 0.036 -0.094
  neighbors: f593 f590 f591 f592 f620 f621
- p781(v128): -0.029 0.035 -0.17
  neighbors: f594 f595 f596 f597
- p551(v129): -0.031 0.038 -0.089
  neighbors: f598 f599 f600 f601 f602 f603 f604
- p523(v130): -0.019 0.038 -0.12
  neighbors: f605 f606 f607 f608 f609
- p982(v131): 0.016 0.038 -0.062
  neighbors: f610 f611 f612 f615 f617 f618
- p366(v132): 0.032 0.038  -0.1
  neighbors: f616 f617 f618 f619 f620 f621
- f115
    - flags: top simplicial
    - normal:   -0.6758  -0.7253    0.131
    - offset: -0.03754083
    - center: -0.02716066666666666 -0.0301301 -0.0203673 
    - vertices: p946(v29) p385(v15) p286(v13)
    - neighboring facets: f335 f470 f341
- f117
    - flags: top simplicial
    - normal:    0.2509  -0.9679 -0.01553
    - offset: -0.04570529
    - vertices: p418(v30) p909(v16) p109(v9)
    - neighboring facets: f138 f391 f245
- f138
    - flags: bottom simplicial
    - normal:    0.3344  -0.9417 -0.03669
    - offset: -0.05068533
    - center: 0.0347545 -0.03517946666666667 -0.161746 
    - vertices: p859(v34) p909(v16) p109(v9)
    - neighboring facets: f117 f421 f485
- f157
    - flags: bottom simplicial
    - normal:   -0.1326   0.3751   0.9175
    - offset: -0.03046451
    - vertices: p846(v39) p665(v21) p470(v3)
    - neighboring facets: f300 f604 f319
- f164
    - flags: bottom simplicial
    - normal:   -0.9999 0.003123  0.01306
    - offset: -0.03772733
    - center: -0.03782506666666667 0.001659106666666667 -0.007619266666666665 
    - vertices: p579(v40) p741(v24) p519(v7)
    - neighboring facets: f209 f298 f306
- f186
    - flags: bottom simplicial
    - normal:   -0.9312   0.2439  -0.2708
    - offset: -0.08351865
    - center: -0.0272457 0.0327267 -0.1852333333333333 
    - vertices: p894(v45) p905(v23) p677(v11)
    - neighboring facets: f596 f203 f201
- f198
    - flags: bottom simplicial tested
    - normal:   -0.9737   0.1441  -0.1767
    - offset: -0.06614286
    - center: -0.03576593333333333 0.01139293333333333 -0.167929 
    - vertices: p632(v48) p280(v43) p905(v23)
    - neighboring facets: f311 f201 f312
- f201
    - flags: top simplicial tested
    - normal:   -0.9488   0.1755  -0.2627
    - offset: -0.08040825
    - center: -0.03259556666666667 0.01176586666666667 -0.180526 
    - vertices: p632(v48) p894(v45) p905(v23)
    - neighboring facets: f186 f198 f203
- f202
    - flags: bottom simplicial tested
    - normal:   -0.9254   0.1589  -0.3441
    - offset: -0.09527427
    - center: -0.03035506666666668 -0.009260633333333332 -0.19951 
    - vertices: p632(v48) p677(v11) p61(v5)
    - neighboring facets: f531 f410 f203
- f203
    - flags: bottom simplicial tested
    - normal:   -0.9369   0.1706   -0.305
    - offset: -0.08804482
    - center: -0.02888283333333334 0.01160976666666667 -0.1934326666666667 
    - vertices: p632(v48) p894(v45) p677(v11)
    - neighboring facets: f186 f202 f201
- f209
    - flags: top simplicial tested
    - normal:   -0.9999 -0.005217  0.01187
    - offset: -0.03775576
    - center: -0.0381052 -0.00748219 -0.0324488 
    - vertices: p497(v49) p741(v24) p519(v7)
    - neighboring facets: f164 f473 f468
- f220
    - flags: top simplicial tested
    - normal:    0.9898   0.1223  0.07344
    - offset: -0.03606222
    - center: 0.03636496666666666 0.006050849999999999 -0.009134323333333333 
    - vertices: p649(v52) p313(v27) p808(v14)
    - neighboring facets: f224 f370 f358
- f224
    - flags: bottom simplicial tested
    - normal:    0.9022   0.2611   0.3433
    - offset: -0.03656922
    - center: 0.03275856666666667 0.00979095 0.01298541 
    - vertices: p3(v53) p313(v27) p808(v14)
    - neighboring facets: f220 f371 f362
- f228
    - flags: top simplicial
    - normal:    0.7714   -0.279    0.572
    - offset: -0.03912028
    - center: 0.03370086666666666 -0.01396350666666667 0.01613516666666666 
    - vertices: p346(v54) p313(v27) p181(v8)
    - neighboring facets: f351 f518 f375
- f238
    - flags: bottom simplicial
    - normal:    0.1511  -0.9866  0.06208
    - offset: -0.0354979
    - vertices: p546(v55) p418(v30) p424(v28)
    - neighboring facets: f511 f494 f396
- f245
    - flags: bottom simplicial
    - normal:    0.5141   -0.857  0.03433
    - offset: -0.04528127
    - center: 0.03504006666666667 -0.03602573333333333 -0.1051101666666667 
    - vertices: p731(v57) p418(v30) p909(v16)
    - neighboring facets: f117 f567 f512
- f255
    - flags: bottom simplicial
    - normal:   -0.2511   0.4421  -0.8611
    - offset: -0.1943065
    - vertices: p197(v59) p475(v33) p677(v11)
    - neighboring facets: f533 f458 f262
- f259
    - flags: top simplicial
    - normal:    0.6717   0.2553  -0.6954
    - offset: -0.1583956
    - vertices: p635(v60) p634(v18) p464(v6)
    - neighboring facets: f269 f261 f260
- f260
    - flags: top simplicial
    - normal:    0.5865   0.2774   -0.761
    - offset: -0.1703457
    - vertices: p635(v60) p475(v33) p634(v18)
    - neighboring facets: f264 f259 f262
- f261
    - flags: bottom simplicial
    - normal:    0.2912   0.7992  -0.5258
    - offset: -0.1360908
    - vertices: p635(v60) p197(v59) p464(v6)
    - neighboring facets: f293 f259 f262
- f262
    - flags: top simplicial
    - normal:    0.3328   0.7048  -0.6266
    - offset: -0.1534746
    - vertices: p635(v60) p197(v59) p475(v33)
    - neighboring facets: f255 f260 f261
- f263
    - flags: top simplicial
    - normal:    0.2429  -0.3468  -0.9059
    - offset:  -0.213528
    - vertices: p50(v61) p759(v32) p634(v18)
    - neighboring facets: f268 f264 f577
- f264
    - flags: bottom simplicial
    - normal:    0.2904   0.2059  -0.9345
    - offset: -0.2043616
    - vertices: p50(v61) p475(v33) p634(v18)
    - neighboring facets: f260 f263 f409
- f268
    - flags: bottom simplicial
    - normal:    0.3552  -0.5914  -0.7239
    - offset: -0.1832567
    - vertices: p964(v62) p759(v32) p634(v18)
    - neighboring facets: f263 f269 f420
- f269
    - flags: bottom simplicial
    - normal:    0.6718   0.2553  -0.6954
    - offset: -0.1583869
    - vertices: p964(v62) p634(v18) p464(v6)
    - neighboring facets: f259 f425 f268
- f273
    - flags: bottom simplicial tested
    - normal:         1 0.000147 -0.001919
    - offset: -0.03874785
    - center: 0.0384946 -0.003288433333333332 -0.1322623333333333 
    - vertices: p810(v63) p682(v26) p17(v2)
    - neighboring facets: f629 f274 f275
    - ridges:
- f274
    - flags: top simplicial tested
    - normal:         1 0.000147 -0.001919
    - offset: -0.03874787
    - center: 0.03846066666666666 -0.02466443333333333 -0.151582 
    - vertices: p810(v63) p859(v34) p17(v2)
    - neighboring facets: f484 f273 f275
- f275
    - flags: bottom simplicial tested
    - normal:         1 0.000147 -0.001919
    - offset: -0.03874787
    - center: 0.03846066666666666 -0.0047006 -0.1500526666666667 
    - vertices: p810(v63) p859(v34) p682(v26)
    - neighboring facets: f278 f273 f274
- f278
    - flags: top simplicial
    - normal:    0.9938  0.07385 -0.08345
    - offset: -0.0511426
    - vertices: p97(v64) p859(v34) p682(v26)
    - neighboring facets: f275 f427 f424
- f288
    - flags: top simplicial
    - normal:  8.53e-07        1 0.001259
    - offset: -0.03750004
    - vertices: p816(v66) p365(v36) p63(v19)
    - neighboring facets: f331 f537 f585
- f293
    - flags: top simplicial
    - normal:   0.01545   0.9994  -0.0321
    - offset: -0.04180147
    - vertices: p202(v67) p197(v59) p464(v6)
    - neighboring facets: f261 f429 f605
- f298
    - flags: bottom simplicial
    - normal:   -0.4446  0.00297   0.8957
    - offset: -0.03336248
    - vertices: p861(v68) p579(v40) p519(v7)
    - neighboring facets: f164 f499 f299
- f299
    - flags: top simplicial
    - normal:   -0.2645  0.09866   0.9593
    - offset: -0.02835802
    - vertices: p861(v68) p579(v40) p665(v21)
    - neighboring facets: f316 f300 f298
- f300
    - flags: top simplicial
    - normal:  -0.01352  0.01623   0.9998
    - offset: -0.01984374
    - vertices: p861(v68) p665(v21) p470(v3)
    - neighboring facets: f157 f500 f299
- f305
    - flags: bottom simplicial tested
    - normal:   -0.9997  0.01861  0.01329
    - offset: -0.03781567
    - center: -0.03815639999999999 0.01543766333333333 -0.04649086666666667 
    - vertices: p997(v69) p579(v40) p45(v1)
    - neighboring facets: f450 f622 f306
    - ridges:
- f306
    - flags: top simplicial tested
    - normal:   -0.9998  0.01497  0.01296
    - offset: -0.03779061
    - center: -0.0381564 0.008350476666666667 -0.0372934 
    - vertices: p997(v69) p579(v40) p741(v24)
    - neighboring facets: f164 f625 f305
    - ridges:
- f311
    - flags: top simplicial tested
    - normal:   -0.9615    0.255  -0.1024
    - offset: -0.05745488
    - center: -0.03587903333333332 0.0318317 -0.1449783333333333 
    - vertices: p137(v70) p280(v43) p905(v23)
    - neighboring facets: f198 f553 f312
- f312
    - flags: top simplicial tested
    - normal:   -0.9924  0.08944 -0.08454
    - offset: -0.05113904
    - center: -0.03751616666666668 0.01071476666666667 -0.1531776666666667 
    - vertices: p137(v70) p632(v48) p280(v43)
    - neighboring facets: f198 f311 f315
- f313
    - flags: bottom simplicial tested
    - normal:        -1 0.0004354 -0.00044
    - offset: -0.03855011
    - center: -0.03849456666666667 0.0151599 -0.1112325 
    - vertices: p137(v70) p817(v42) p45(v1)
    - neighboring facets: f623 f453 f314
    - ridges:
- f314
    - flags: top simplicial tested
    - normal:        -1 0.0009109 -0.003006
    - offset: -0.03887007
    - center: -0.03849456666666667 0.0004610333333333327 -0.1248266666666667 
    - vertices: p137(v70) p817(v42) p733(v12)
    - neighboring facets: f624 f315 f313
    - ridges:
- f315
    - flags: bottom simplicial tested
    - normal:        -1 0.001556 -0.006313
    - offset: -0.03928304
    - center: -0.03837603333333333 -0.004624433333333334 -0.1449326666666667 
    - vertices: p137(v70) p632(v48) p733(v12)
    - neighboring facets: f344 f314 f312
- f316
    - flags: bottom simplicial
    - normal:   -0.3122   0.1209   0.9423
    - offset: -0.02995591
    - vertices: p351(v71) p579(v40) p665(v21)
    - neighboring facets: f299 f452 f449
- f319
    - flags: top simplicial
    - normal:   -0.4737   0.7918   0.3855
    - offset: -0.04036404
    - vertices: p753(v72) p846(v39) p665(v21)
    - neighboring facets: f157 f320 f550
- f320
    - flags: bottom simplicial
    - normal:   -0.5632   0.8182   0.1152
    - offset: -0.03845141
    - vertices: p753(v72) p799(v41) p665(v21)
    - neighboring facets: f451 f319 f548
- f331
    - flags: bottom simplicial
    - normal:  -1.671e-07        1 0.001259
    - offset: -0.03750005
    - vertices: p947(v74) p365(v36) p63(v19)
    - neighboring facets: f288 f563 f332
- f332
    - flags: bottom simplicial
    - normal:  -5.87e-06        1  0.00126
    - offset: -0.03749999
    - vertices: p947(v74) p967(v44) p365(v36)
    - neighboring facets: f602 f331 f556
- f333
    - flags: top simplicial
    - normal:   -0.2254  -0.9737  0.03243
    - offset: -0.03969298
    - vertices: p397(v75) p826(v25) p286(v13)
    - neighboring facets: f343 f335 f334
- f334
    - flags: top simplicial
    - normal:    -0.108   -0.994  0.01771
    - offset: -0.03803386
    - vertices: p397(v75) p896(v47) p826(v25)
    - neighboring facets: f417 f333 f383
- f335
    - flags: bottom simplicial
    - normal:   -0.5192  -0.8483   0.1039
    - offset: -0.03894899
    - vertices: p397(v75) p385(v15) p286(v13)
    - neighboring facets: f115 f333 f382
- f340
    - flags: bottom simplicial
    - normal:   -0.4878  -0.4314   0.7589
    - offset: -0.03505241
    - vertices: p617(v76) p385(v15) p519(v7)
    - neighboring facets: f497 f474 f341
- f341
    - flags: bottom simplicial
    - normal:   -0.6196  -0.5544   0.5556
    - offset: -0.0379008
    - vertices: p617(v76) p946(v29) p385(v15)
    - neighboring facets: f115 f340 f471
- f343
    - flags: bottom simplicial
    - normal:   -0.7086  -0.7043  0.04222
    - offset: -0.04601447
    - vertices: p35(v77) p826(v25) p286(v13)
    - neighboring facets: f333 f469 f413
- f344
    - flags: top simplicial
    - normal:   -0.9997 -0.02429 -0.001453
    - offset: -0.0391042
    - center: -0.03825786666666666 -0.0267405 -0.1433246666666667 
    - vertices: p35(v77) p632(v48) p733(v12)
    - neighboring facets: f315 f464 f414
- f351
    - flags: bottom simplicial tested
    - normal:    0.9645  -0.2505   0.0833
    - offset: -0.03767676
    - center: 0.03556479999999999 -0.01714530666666666 -0.01105583333333333 
    - vertices: p926(v79) p313(v27) p181(v8)
    - neighboring facets: f228 f475 f359
- f358
    - flags: bottom simplicial tested
    - normal:    0.9994 -0.008598    0.034
    - offset: -0.0365725
    - center: 0.03765633333333334 -0.001885673333333333 -0.03167463333333333 
    - vertices: p465(v80) p649(v52) p313(v27)
    - neighboring facets: f220 f359 f631
    - ridges:
- f359
    - flags: top simplicial tested
    - normal:     0.997 -0.06692   0.0398
    - offset: -0.03695162
    - center: 0.0374579 -0.01544847333333333 -0.03584093333333333 
    - vertices: p465(v80) p926(v79) p313(v27)
    - neighboring facets: f351 f358 f483
- f362
    - flags: top simplicial
    - normal:    0.6674   0.2315   0.7078
    - offset: -0.03443446
    - vertices: p683(v81) p3(v53) p313(v27)
    - neighboring facets: f224 f376 f488
- f370
    - flags: top simplicial tested
    - normal:    0.9803   0.1819  0.07766
    - offset: -0.03635011
    - center: 0.03710006666666667 0.01817302333333333 -0.04278329 
    - vertices: p975(v82) p649(v52) p808(v14)
    - neighboring facets: f220 f371 f491
- f371
    - flags: bottom simplicial tested
    - normal:    0.9271   0.3571   0.1141
    - offset: -0.0365187
    - center: 0.03349366666666666 0.02191312333333333 -0.02066355666666667 
    - vertices: p975(v82) p3(v53) p808(v14)
    - neighboring facets: f224 f370 f544
- f375
    - flags: bottom simplicial
    - normal:    0.3657  -0.1331   0.9212
    - offset: -0.02947392
    - vertices: p73(v83) p346(v54) p313(v27)
    - neighboring facets: f228 f376 f519
- f376
    - flags: top simplicial
    - normal:    0.2076 -0.001462   0.9782
    - offset: -0.02391453
    - vertices: p73(v83) p683(v81) p313(v27)
    - neighboring facets: f362 f375 f502
- f382
    - flags: top simplicial
    - normal:   -0.2175  -0.9744  0.05726
    - offset: -0.03792814
    - vertices: p66(v84) p397(v75) p385(v15)
    - neighboring facets: f335 f495 f383
- f383
    - flags: bottom simplicial
    - normal:   -0.1207  -0.9921  0.03522
    - offset: -0.03721974
    - vertices: p66(v84) p397(v75) p896(v47)
    - neighboring facets: f334 f384 f382
- f384
    - flags: bottom simplicial
    - normal:  -0.03492  -0.9992  0.02082
    - offset: -0.03632008
    - vertices: p66(v84) p896(v47) p787(v4)
    - neighboring facets: f415 f385 f383
- f385
    - flags: top simplicial
    - normal:  -0.01227  -0.9996  0.02675
    - offset: -0.03609379
    - vertices: p66(v84) p546(v55) p787(v4)
    - neighboring facets: f398 f384 f496
- f390
    - flags: bottom simplicial
    - normal:   0.01193  -0.9999 -0.004271
    - offset: -0.03827722
    - vertices: p192(v86) p759(v32) p109(v9)
    - neighboring facets: f419 f391 f508
- f391
    - flags: top simplicial
    - normal:   0.02109  -0.9998 -0.0007038
    - offset: -0.03791933
    - vertices: p192(v86) p418(v30) p109(v9)
    - neighboring facets: f117 f390 f392
- f392
    - flags: top simplicial
    - normal:     0.016  -0.9999 0.0002537
    - offset: -0.03766238
    - vertices: p192(v86) p416(v56) p418(v30)
    - neighboring facets: f397 f391 f394
- f394
    - flags: bottom simplicial
    - normal:  0.001256       -1 -0.0005549
    - offset: -0.03746834
    - vertices: p192(v86) p416(v56) p787(v4)
    - neighboring facets: f399 f395 f392
- f395
    - flags: top simplicial
    - normal:  0.0001831       -1 -0.000755
    - offset: -0.03747584
    - vertices: p192(v86) p709(v85) p787(v4)
    - neighboring facets: f504 f394 f509
- f396
    - flags: top simplicial
    - normal:   0.09374  -0.9947  0.04301
    - offset: -0.03580088
    - vertices: p558(v87) p546(v55) p418(v30)
    - neighboring facets: f238 f397 f398
- f397
    - flags: bottom simplicial
    - normal:   0.05334  -0.9982  0.02587
    - offset: -0.03630077
    - vertices: p558(v87) p416(v56) p418(v30)
    - neighboring facets: f392 f396 f399
- f398
    - flags: bottom simplicial
    - normal:   0.05534   -0.998  0.03173
    - offset: -0.03593457
    - vertices: p558(v87) p546(v55) p787(v4)
    - neighboring facets: f385 f399 f396
- f399
    - flags: top simplicial
    - normal:    0.0498  -0.9984  0.02656
    - offset: -0.03619118
    - vertices: p558(v87) p416(v56) p787(v4)
    - neighboring facets: f394 f398 f397
- f404
    - flags: bottom simplicial
    - normal:   -0.5064  -0.8064  -0.3053
    - offset: -0.1062176
    - vertices: p719(v89) p289(v58) p61(v5)
    - neighboring facets: f411 f532 f524
- f409
    - flags: top simplicial
    - normal:   -0.2576   0.2022  -0.9449
    - offset: -0.2051936
    - vertices: p719(v89) p50(v61) p475(v33)
    - neighboring facets: f264 f580 f530
- f410
    - flags: bottom simplicial
    - normal:    -0.928  -0.2676  -0.2591
    - offset: -0.09169943
    - vertices: p167(v90) p632(v48) p61(v5)
    - neighboring facets: f202 f411 f414
- f411
    - flags: top simplicial
    - normal:   -0.6937  -0.6752  -0.2507
    - offset: -0.09623078
    - vertices: p167(v90) p289(v58) p61(v5)
    - neighboring facets: f404 f410 f412
- f412
    - flags: bottom simplicial
    - normal:   -0.5909   -0.806 -0.03442
    - offset: -0.05500106
    - vertices: p167(v90) p289(v58) p826(v25)
    - neighboring facets: f418 f413 f411
- f413
    - flags: top simplicial
    - normal:   -0.8459  -0.5322 -0.03395
    - offset: -0.05410803
    - vertices: p167(v90) p35(v77) p826(v25)
    - neighboring facets: f343 f412 f414
- f414
    - flags: bottom simplicial
    - normal:   -0.8583   -0.512 -0.03479
    - offset: -0.05399148
    - vertices: p167(v90) p35(v77) p632(v48)
    - neighboring facets: f344 f410 f413
- f415
    - flags: top simplicial
    - normal:   -0.0308  -0.9995  0.01102
    - offset: -0.03681703
    - vertices: p843(v91) p896(v47) p787(v4)
    - neighboring facets: f384 f416 f417
- f416
    - flags: bottom simplicial
    - normal:  -0.001854       -1 -0.0005195
    - offset:   -0.03746
    - vertices: p843(v91) p289(v58) p787(v4)
    - neighboring facets: f569 f415 f418
- f417
    - flags: bottom simplicial
    - normal:  -0.05514  -0.9985 0.007493
    - offset: -0.03756196
    - vertices: p843(v91) p896(v47) p826(v25)
    - neighboring facets: f334 f418 f415
- f418
    - flags: top simplicial
    - normal:  -0.05314  -0.9986 0.006049
    - offset: -0.03767343
    - vertices: p843(v91) p289(v58) p826(v25)
    - neighboring facets: f412 f417 f416
- f419
    - flags: top simplicial
    - normal:    0.1604  -0.9844 -0.07181
    - offset: -0.05339406
    - vertices: p196(v92) p759(v32) p109(v9)
    - neighboring facets: f390 f421 f420
- f420
    - flags: top simplicial
    - normal:    0.2684  -0.9362  -0.2271
    - offset: -0.08635059
    - vertices: p196(v92) p964(v62) p759(v32)
    - neighboring facets: f268 f419 f422
- f421
    - flags: bottom simplicial
    - normal:    0.2961  -0.9527 -0.06838
    - offset: -0.05543181
    - vertices: p196(v92) p859(v34) p109(v9)
    - neighboring facets: f138 f419 f422
- f422
    - flags: bottom simplicial
    - normal:    0.5346  -0.8184  -0.2109
    - offset: -0.08648497
    - vertices: p196(v92) p964(v62) p859(v34)
    - neighboring facets: f426 f421 f420
- f424
    - flags: bottom simplicial
    - normal:    0.9608   0.1539  -0.2308
    - offset: -0.07445439
    - vertices: p471(v93) p97(v64) p859(v34)
    - neighboring facets: f278 f426 f431
- f425
    - flags: bottom simplicial
    - normal:    0.9224   0.1666  -0.3486
    - offset: -0.09447326
    - vertices: p471(v93) p964(v62) p464(v6)
    - neighboring facets: f269 f430 f426
- f426
    - flags: top simplicial
    - normal:    0.9245    0.164  -0.3441
    - offset: -0.09367432
    - vertices: p471(v93) p964(v62) p859(v34)
    - neighboring facets: f422 f424 f425
- f427
    - flags: top simplicial
    - normal:    0.8947   0.4369 -0.09287
    - offset: -0.05982841
    - vertices: p60(v94) p97(v64) p682(v26)
    - neighboring facets: f278 f428 f431
- f428
    - flags: bottom simplicial
    - normal:    0.7998   0.5997 -0.02542
    - offset: -0.05269097
    - vertices: p60(v94) p202(v67) p682(v26)
    - neighboring facets: f592 f427 f429
- f429
    - flags: top simplicial
    - normal:    0.2946    0.953 -0.07047
    - offset: -0.05407756
    - vertices: p60(v94) p202(v67) p464(v6)
    - neighboring facets: f293 f430 f428
- f430
    - flags: bottom simplicial
    - normal:    0.8149   0.5483  -0.1879
    - offset: -0.07454226
    - vertices: p60(v94) p471(v93) p464(v6)
    - neighboring facets: f425 f429 f431
- f431
    - flags: top simplicial
    - normal:    0.8179   0.5438  -0.1877
    - offset: -0.07445713
    - vertices: p60(v94) p471(v93) p97(v64)
    - neighboring facets: f424 f427 f430
- f433
    - flags: top simplicial
    - normal:  3.603e-06        1 0.001256
    - offset: -0.0375003
    - vertices: p594(v95) p251(v35) p63(v19)
    - neighboring facets: f536 f434 f535
- f434
    - flags: bottom simplicial
    - normal:  1.655e-05        1 0.001224
    - offset: -0.0375039
    - vertices: p594(v95) p279(v65) p63(v19)
    - neighboring facets: f562 f433 f608
- f449
    - flags: top simplicial
    - normal:    -0.931   0.3536  0.09066
    - offset: -0.03863597
    - vertices: p697(v98) p351(v71) p579(v40)
    - neighboring facets: f316 f450 f452
- f450
    - flags: top simplicial
    - normal:   -0.9769   0.2078  0.04972
    - offset: -0.03874294
    - vertices: p697(v98) p579(v40) p45(v1)
    - neighboring facets: f305 f453 f449
- f451
    - flags: top simplicial
    - normal:   -0.7969   0.5941   0.1094
    - offset: -0.03965775
    - vertices: p697(v98) p799(v41) p665(v21)
    - neighboring facets: f320 f452 f454
- f452
    - flags: bottom simplicial
    - normal:   -0.8036    0.585   0.1094
    - offset: -0.03963066
    - vertices: p697(v98) p351(v71) p665(v21)
    - neighboring facets: f316 f451 f449
- f453
    - flags: bottom simplicial
    - normal:    -0.972   0.2306  0.04499
    - offset: -0.03957151
    - vertices: p697(v98) p137(v70) p45(v1)
    - neighboring facets: f313 f450 f455
- f454
    - flags: top simplicial
    - normal:   -0.7392   0.6709   0.0596
    - offset: -0.04325222
    - vertices: p697(v98) p139(v97) p799(v41)
    - neighboring facets: f549 f451 f455
- f455
    - flags: bottom simplicial
    - normal:   -0.7406   0.6694  0.05871
    - offset: -0.04332016
    - vertices: p697(v98) p139(v97) p137(v70)
    - neighboring facets: f554 f453 f454
- f458
    - flags: bottom simplicial
    - normal:   -0.0783   0.9936 -0.08147
    - offset: -0.05206073
    - vertices: p302(v99) p197(v59) p677(v11)
    - neighboring facets: f255 f597 f557
- f464
    - flags: top simplicial tested
    - normal:   -0.9997  -0.0237 -0.0008063
    - offset: -0.03901139
    - center: -0.0383764 -0.02361516666666667 -0.1067007 
    - vertices: p626(v101) p35(v77) p733(v12)
    - neighboring facets: f344 f624 f465
    - ridges:
- f465
    - flags: bottom simplicial tested
    - normal:   -0.9993 -0.03799 0.004887
    - offset: -0.03882868
    - center: -0.03831293333333334 -0.0249242 -0.08248419999999999 
    - vertices: p626(v101) p35(v77) p497(v49)
    - neighboring facets: f472 f468 f464
- f468
    - flags: bottom simplicial tested
    - normal:        -1 -0.005815 0.008133
    - offset: -0.0379789
    - center: -0.03843653333333333 -0.01193372 -0.06456456666666667 
    - vertices: p626(v101) p497(v49) p741(v24)
    - neighboring facets: f209 f625 f465
    - ridges:
- f469
    - flags: bottom simplicial
    - normal:   -0.8046  -0.5902  0.06559
    - offset: -0.04315451
    - vertices: p571(v102) p35(v77) p286(v13)
    - neighboring facets: f343 f470 f472
- f470
    - flags: top simplicial
    - normal:   -0.7246  -0.6776   0.1255
    - offset: -0.03804093
    - vertices: p571(v102) p946(v29) p286(v13)
    - neighboring facets: f115 f469 f471
- f471
    - flags: top simplicial
    - normal:   -0.8509  -0.5125   0.1153
    - offset: -0.03855133
    - vertices: p571(v102) p617(v76) p946(v29)
    - neighboring facets: f341 f470 f474
- f472
    - flags: top simplicial
    - normal:   -0.9894  -0.1424  0.02689
    - offset: -0.03947762
    - vertices: p571(v102) p35(v77) p497(v49)
    - neighboring facets: f465 f473 f469
- f473
    - flags: top simplicial
    - normal:   -0.9742  -0.2186  0.05614
    - offset: -0.03890427
    - vertices: p571(v102) p497(v49) p519(v7)
    - neighboring facets: f209 f474 f472
- f474
    - flags: bottom simplicial
    - normal:   -0.9608  -0.2685  0.06859
    - offset: -0.03893644
    - vertices: p571(v102) p617(v76) p519(v7)
    - neighboring facets: f340 f473 f471
- f475
    - flags: bottom simplicial
    - normal:    0.9144   -0.394  0.09254
    - offset: -0.03891244
    - vertices: p307(v103) p926(v79) p181(v8)
    - neighboring facets: f351 f520 f564
- f483
    - flags: bottom simplicial tested
    - normal:    0.9976 -0.06288  0.03049
    - offset: -0.03747207
    - center: 0.03830156666666666 -0.02219716666666667 -0.06991746666666666 
    - vertices: p215(v104) p465(v80) p926(v79)
    - neighboring facets: f359 f566 f630
    - ridges:
- f484
    - flags: bottom simplicial tested
    - normal:    0.9982 -0.05971 0.002835
    - offset: -0.03977529
    - center: 0.03846606666666667 -0.02943653333333333 -0.1338652666666667 
    - vertices: p215(v104) p859(v34) p17(v2)
    - neighboring facets: f274 f628 f485
    - ridges:
- f485
    - flags: top simplicial tested
    - normal:    0.9945  -0.1041 0.005709
    - offset: -0.0405688
    - center: 0.03824493333333333 -0.0316303 -0.1333006 
    - vertices: p215(v104) p859(v34) p909(v16)
    - neighboring facets: f138 f565 f484
- f486
    - flags: bottom simplicial
    - normal:      0.44   0.4484    0.778
    - offset: -0.03474658
    - vertices: p437(v105) p3(v53) p470(v3)
    - neighboring facets: f541 f487 f488
- f487
    - flags: top simplicial
    - normal:    0.4297   0.4281    0.795
    - offset: -0.03425631
    - vertices: p437(v105) p683(v81) p470(v3)
    - neighboring facets: f501 f486 f488
- f488
    - flags: bottom simplicial
    - normal:    0.4397   0.4301   0.7885
    - offset: -0.03441035
    - vertices: p437(v105) p683(v81) p3(v53)
    - neighboring facets: f362 f486 f487
- f490
    - flags: top simplicial tested
    - normal:     0.999   0.0431 0.008733
    - offset: -0.03869742
    - center: 0.03839143333333333 0.02703753333333333 -0.0941473 
    - vertices: p491(v106) p975(v82) p682(v26)
    - neighboring facets: f593 f629 f491
    - ridges:
- f491
    - flags: bottom simplicial tested
    - normal:    0.9987  0.04886  0.01335
    - offset: -0.03847029
    - center: 0.03839143333333334 0.02155253333333333 -0.06930496666666668 
    - vertices: p491(v106) p975(v82) p649(v52)
    - neighboring facets: f370 f631 f490
    - ridges:
- f492
    - flags: bottom simplicial
    - normal:  -0.01158  -0.1563   0.9876
    - offset: -0.02213663
    - vertices: p478(v107) p73(v83) p385(v15)
    - neighboring facets: f498 f495 f517
- f494
    - flags: bottom simplicial
    - normal:   0.09522   -0.976   0.1958
    - offset: -0.03589482
    - vertices: p478(v107) p546(v55) p424(v28)
    - neighboring facets: f238 f516 f496
- f495
    - flags: top simplicial
    - normal:  -0.07407  -0.9922   0.1001
    - offset: -0.03707935
    - vertices: p478(v107) p66(v84) p385(v15)
    - neighboring facets: f382 f492 f496
- f496
    - flags: bottom simplicial
    - normal:  -7.479e-05  -0.9943   0.1062
    - offset: -0.03628238
    - vertices: p478(v107) p66(v84) p546(v55)
    - neighboring facets: f385 f494 f495
- f497
    - flags: top simplicial
    - normal:   -0.3498  -0.3313   0.8763
    - offset: -0.03146192
    - vertices: p832(v108) p385(v15) p519(v7)
    - neighboring facets: f340 f499 f498
- f498
    - flags: top simplicial
    - normal:  -0.01292  -0.1524   0.9882
    - offset: -0.02203001
    - vertices: p832(v108) p73(v83) p385(v15)
    - neighboring facets: f492 f497 f502
- f499
    - flags: bottom simplicial
    - normal:   -0.1049 -0.05802   0.9928
    - offset: -0.02279926
    - vertices: p832(v108) p861(v68) p519(v7)
    - neighboring facets: f298 f497 f500
- f500
    - flags: top simplicial
    - normal:  -3.047e-06 -0.001257        1
    - offset: -0.01931085
    - vertices: p832(v108) p861(v68) p470(v3)
    - neighboring facets: f300 f501 f499
- f501
    - flags: bottom simplicial
    - normal:  1.624e-06 -0.00126        1
    - offset: -0.01931079
    - vertices: p832(v108) p683(v81) p470(v3)
    - neighboring facets: f487 f500 f502
- f502
    - flags: bottom simplicial
    - normal:  1.633e-06 -0.00126        1
    - offset: -0.01931079
    - vertices: p832(v108) p73(v83) p683(v81)
    - neighboring facets: f376 f501 f498
- f504
    - flags: bottom simplicial
    - normal:  -0.0003659       -1 -0.0007778
    - offset: -0.03747578
    - vertices: p125(v109) p709(v85) p787(v4)
    - neighboring facets: f395 f570 f505
- f505
    - flags: top simplicial
    - normal:  -2.514e-05       -1 -0.00124
    - offset: -0.03754713
    - vertices: p125(v109) p709(v85) p289(v58)
    - neighboring facets: f526 f571 f504
- f508
    - flags: top simplicial
    - normal:  1.026e-05       -1 -0.001262
    - offset: -0.03755072
    - vertices: p217(v110) p192(v86) p759(v32)
    - neighboring facets: f390 f525 f509
- f509
    - flags: bottom simplicial
    - normal:  2.786e-06       -1 -0.00126
    - offset: -0.03755021
    - vertices: p217(v110) p192(v86) p709(v85)
    - neighboring facets: f395 f527 f508
- f510
    - flags: bottom simplicial
    - normal:    0.3664  -0.9253  0.09812
    - offset: -0.03731909
    - vertices: p392(v111) p948(v88) p424(v28)
    - neighboring facets: f515 f511 f575
- f511
    - flags: top simplicial
    - normal:    0.2725  -0.9589  0.07956
    - offset: -0.03671483
    - vertices: p392(v111) p418(v30) p424(v28)
    - neighboring facets: f238 f510 f512
- f512
    - flags: top simplicial
    - normal:    0.3275  -0.9416  0.07782
    - offset: -0.03804461
    - vertices: p392(v111) p731(v57) p418(v30)
    - neighboring facets: f245 f511 f574
- f515
    - flags: top simplicial
    - normal:    0.4107   -0.822   0.3945
    - offset: -0.03823051
    - vertices: p489(v112) p948(v88) p424(v28)
    - neighboring facets: f510 f516 f576
- f516
    - flags: bottom simplicial
    - normal:    0.1628  -0.6272   0.7616
    - offset: -0.03239234
    - vertices: p489(v112) p478(v107) p424(v28)
    - neighboring facets: f494 f515 f517
- f517
    - flags: top simplicial
    - normal:    0.1518  -0.5842   0.7973
    - offset: -0.03164132
    - vertices: p489(v112) p478(v107) p73(v83)
    - neighboring facets: f492 f519 f516
- f518
    - flags: top simplicial
    - normal:    0.7572  -0.2912   0.5847
    - offset: -0.03907667
    - vertices: p489(v112) p346(v54) p181(v8)
    - neighboring facets: f228 f520 f519
- f519
    - flags: top simplicial
    - normal:    0.3769  -0.1549   0.9132
    - offset: -0.03006134
    - vertices: p489(v112) p73(v83) p346(v54)
    - neighboring facets: f375 f518 f517
- f520
    - flags: bottom simplicial
    - normal:    0.8358  -0.5378   0.1105
    - offset: -0.03934495
    - vertices: p489(v112) p307(v103) p181(v8)
    - neighboring facets: f475 f518 f572
- f523
    - flags: bottom simplicial
    - normal:  -0.02167  -0.9955 -0.09201
    - offset: -0.05721815
    - vertices: p900(v113) p719(v89) p759(v32)
    - neighboring facets: f529 f525 f524
- f524
    - flags: top simplicial
    - normal:   -0.0332  -0.9984 -0.04479
    - offset: -0.04715321
    - vertices: p900(v113) p719(v89) p289(v58)
    - neighboring facets: f404 f526 f523
- f525
    - flags: top simplicial
    - normal:  1.09e-06       -1 -0.001271
    - offset: -0.03755265
    - vertices: p900(v113) p217(v110) p759(v32)
    - neighboring facets: f508 f523 f527
- f526
    - flags: bottom simplicial
    - normal:  1.289e-09       -1 -0.001259
    - offset: -0.03755013
    - vertices: p900(v113) p709(v85) p289(v58)
    - neighboring facets: f505 f524 f527
- f527
    - flags: bottom simplicial
    - normal:  1.798e-06       -1 -0.00126
    - offset: -0.0375502
    - vertices: p900(v113) p217(v110) p709(v85)
    - neighboring facets: f509 f526 f525
- f529
    - flags: top simplicial
    - normal:  -0.01231   -0.618  -0.7861
    - offset: -0.1958305
    - vertices: p535(v114) p719(v89) p759(v32)
    - neighboring facets: f523 f578 f530
- f530
    - flags: bottom simplicial
    - normal:   -0.1321  -0.1405  -0.9812
    - offset: -0.2234442
    - vertices: p535(v114) p719(v89) p50(v61)
    - neighboring facets: f409 f579 f529
- f531
    - flags: top simplicial
    - normal:   -0.7376   0.1694  -0.6537
    - offset: -0.1539146
    - vertices: p104(v115) p677(v11) p61(v5)
    - neighboring facets: f202 f532 f533
- f532
    - flags: bottom simplicial
    - normal:   -0.6771   -0.158  -0.7188
    - offset: -0.1765197
    - vertices: p104(v115) p719(v89) p61(v5)
    - neighboring facets: f404 f531 f582
- f533
    - flags: top simplicial
    - normal:   -0.3256   0.2228  -0.9189
    - offset: -0.2001274
    - vertices: p104(v115) p475(v33) p677(v11)
    - neighboring facets: f255 f531 f581
- f535
    - flags: bottom simplicial
    - normal:  3.517e-06        1 0.001258
    - offset: -0.03750013
    - vertices: p608(v116) p594(v95) p251(v35)
    - neighboring facets: f433 f536 f612
- f536
    - flags: bottom simplicial
    - normal:  2.42e-06        1 0.001258
    - offset: -0.03750011
    - vertices: p608(v116) p251(v35) p63(v19)
    - neighboring facets: f433 f537 f535
- f537
    - flags: top simplicial
    - normal:  1.139e-06        1 0.001259
    - offset: -0.03750005
    - vertices: p608(v116) p816(v66) p63(v19)
    - neighboring facets: f288 f536 f610
- f541
    - flags: top simplicial
    - normal:    0.4951   0.8496   0.1817
    - offset: -0.0382716
    - vertices: p777(v117) p3(v53) p470(v3)
    - neighboring facets: f486 f542 f543
- f542
    - flags: bottom simplicial
    - normal:    0.3227   0.9431  0.08002
    - offset: -0.03842356
    - vertices: p777(v117) p721(v96) p470(v3)
    - neighboring facets: f619 f541 f543
- f543
    - flags: top simplicial
    - normal:    0.5203   0.8451   0.1227
    - offset: -0.03802284
    - vertices: p777(v117) p721(v96) p3(v53)
    - neighboring facets: f545 f541 f542
- f544
    - flags: top simplicial
    - normal:    0.8515   0.5122   0.1126
    - offset: -0.03842163
    - vertices: p899(v118) p975(v82) p3(v53)
    - neighboring facets: f371 f545 f591
- f545
    - flags: bottom simplicial
    - normal:     0.573   0.8106   0.1204
    - offset: -0.03855613
    - vertices: p899(v118) p721(v96) p3(v53)
    - neighboring facets: f543 f544 f590
- f548
    - flags: top simplicial
    - normal:   -0.5491   0.8283   0.1111
    - offset: -0.03855068
    - vertices: p701(v119) p753(v72) p799(v41)
    - neighboring facets: f320 f549 f550
- f549
    - flags: bottom simplicial
    - normal:   -0.5514   0.8269   0.1104
    - offset: -0.03862278
    - vertices: p701(v119) p139(v97) p799(v41)
    - neighboring facets: f454 f548 f598
- f550
    - flags: bottom simplicial
    - normal:   -0.2907   0.9544  0.06845
    - offset: -0.03878897
    - vertices: p701(v119) p753(v72) p846(v39)
    - neighboring facets: f319 f601 f548
- f553
    - flags: top simplicial
    - normal:   -0.5713   0.8202 -0.03008
    - offset: -0.0522556
    - vertices: p806(v120) p137(v70) p905(v23)
    - neighboring facets: f311 f594 f554
- f554
    - flags: top simplicial
    - normal:   -0.5626   0.8267 -0.002047
    - offset: -0.04880511
    - vertices: p806(v120) p139(v97) p137(v70)
    - neighboring facets: f455 f553 f599
- f556
    - flags: top simplicial
    - normal:  -8.425e-06        1  0.00126
    - offset: -0.0375001
    - vertices: p806(v120) p947(v74) p967(v44)
    - neighboring facets: f332 f600 f563
- f557
    - flags: top simplicial
    - normal:  -0.05956    0.997 -0.04852
    - offset: -0.04531916
    - vertices: p806(v120) p302(v99) p197(v59)
    - neighboring facets: f458 f606 f595
- f562
    - flags: top simplicial
    - normal:  1.303e-05        1  0.00122
    - offset: -0.03750435
    - vertices: p806(v120) p279(v65) p63(v19)
    - neighboring facets: f434 f563 f607
- f563
    - flags: bottom simplicial
    - normal:  -3.61e-07        1 0.001255
    - offset: -0.03750047
    - vertices: p806(v120) p947(v74) p63(v19)
    - neighboring facets: f331 f562 f556
- f564
    - flags: top simplicial
    - normal:    0.9327  -0.3548  0.06491
    - offset: -0.04037474
    - vertices: p839(v121) p307(v103) p926(v79)
    - neighboring facets: f475 f566 f568
- f565
    - flags: top simplicial
    - normal:    0.9697   -0.242  0.03336
    - offset: -0.04091226
    - vertices: p839(v121) p215(v104) p909(v16)
    - neighboring facets: f485 f567 f566
- f566
    - flags: bottom simplicial
    - normal:    0.9693  -0.2436  0.03462
    - offset: -0.04083103
    - vertices: p839(v121) p215(v104) p926(v79)
    - neighboring facets: f483 f564 f565
- f567
    - flags: bottom simplicial
    - normal:    0.6311  -0.7744  0.04372
    - offset: -0.04557262
    - vertices: p839(v121) p731(v57) p909(v16)
    - neighboring facets: f245 f565 f568
- f568
    - flags: bottom simplicial
    - normal:    0.7313  -0.6763  0.08824
    - offset: -0.04166611
    - vertices: p839(v121) p307(v103) p731(v57)
    - neighboring facets: f573 f567 f564
- f569
    - flags: top simplicial
    - normal:  -0.0007326       -1 -0.0007646
    - offset: -0.03747436
    - vertices: p646(v122) p289(v58) p787(v4)
    - neighboring facets: f416 f570 f571
- f570
    - flags: bottom simplicial
    - normal:  -0.0007217       -1 -0.0007669
    - offset: -0.03747449
    - vertices: p646(v122) p125(v109) p787(v4)
    - neighboring facets: f504 f569 f571
- f571
    - flags: top simplicial
    - normal:  -0.0006093       -1 -0.0008434
    - offset: -0.03748624
    - vertices: p646(v122) p125(v109) p289(v58)
    - neighboring facets: f505 f569 f570
- f572
    - flags: top simplicial
    - normal:    0.7211  -0.6831   0.1155
    - offset: -0.03947875
    - vertices: p562(v123) p489(v112) p307(v103)
    - neighboring facets: f520 f573 f576
- f573
    - flags: top simplicial
    - normal:    0.7206  -0.6872  0.09262
    - offset: -0.04129954
    - vertices: p562(v123) p307(v103) p731(v57)
    - neighboring facets: f568 f574 f572
- f574
    - flags: bottom simplicial
    - normal:    0.5363  -0.8386  0.09531
    - offset:  -0.040078
    - vertices: p562(v123) p392(v111) p731(v57)
    - neighboring facets: f512 f573 f575
- f575
    - flags: top simplicial
    - normal:    0.5984  -0.7924   0.1184
    - offset: -0.0388764
    - vertices: p562(v123) p392(v111) p948(v88)
    - neighboring facets: f510 f576 f574
- f576
    - flags: bottom simplicial
    - normal:    0.6305  -0.7667   0.1212
    - offset: -0.03887053
    - vertices: p562(v123) p489(v112) p948(v88)
    - neighboring facets: f515 f575 f572
- f577
    - flags: bottom simplicial
    - normal:   0.05615  -0.4077  -0.9114
    - offset: -0.2159386
    - vertices: p651(v124) p50(v61) p759(v32)
    - neighboring facets: f263 f578 f579
- f578
    - flags: top simplicial
    - normal:    0.0121  -0.5285  -0.8488
    - offset: -0.2064355
    - vertices: p651(v124) p535(v114) p759(v32)
    - neighboring facets: f529 f577 f579
- f579
    - flags: bottom simplicial
    - normal:   0.01325  -0.3705  -0.9287
    - offset: -0.2186436
    - vertices: p651(v124) p535(v114) p50(v61)
    - neighboring facets: f530 f577 f578
- f580
    - flags: top simplicial
    - normal:   -0.3091   0.2163  -0.9261
    - offset: -0.2015093
    - vertices: p713(v125) p719(v89) p475(v33)
    - neighboring facets: f409 f581 f582
- f581
    - flags: bottom simplicial
    - normal:   -0.3113   0.2171  -0.9252
    - offset: -0.2013297
    - vertices: p713(v125) p104(v115) p475(v33)
    - neighboring facets: f533 f580 f582
- f582
    - flags: top simplicial
    - normal:   -0.3109   0.2162  -0.9255
    - offset: -0.2014222
    - vertices: p713(v125) p104(v115) p719(v89)
    - neighboring facets: f532 f580 f581
- f584
    - flags: bottom simplicial
    - normal:  -0.001136   0.9999   0.0149
    - offset: -0.03680362
    - vertices: p401(v126) p365(v36) p470(v3)
    - neighboring facets: f603 f615 f585
- f585
    - flags: bottom simplicial
    - normal:  3.576e-06        1 0.001271
    - offset: -0.03749942
    - vertices: p401(v126) p816(v66) p365(v36)
    - neighboring facets: f288 f584 f611
- f590
    - flags: top simplicial
    - normal:    0.5872    0.803   0.1016
    - offset: -0.04000219
    - vertices: p514(v127) p899(v118) p721(v96)
    - neighboring facets: f545 f621 f591
- f591
    - flags: bottom simplicial
    - normal:     0.822   0.5612  0.09652
    - offset: -0.04011946
    - vertices: p514(v127) p899(v118) p975(v82)
    - neighboring facets: f544 f593 f590
- f592
    - flags: top simplicial
    - normal:    0.8144   0.5803 -0.004229
    - offset: -0.04996043
    - vertices: p514(v127) p202(v67) p682(v26)
    - neighboring facets: f428 f593 f620
- f593
    - flags: bottom simplicial
    - normal:    0.8852   0.4648  0.01869
    - offset: -0.04618412
    - vertices: p514(v127) p975(v82) p682(v26)
    - neighboring facets: f490 f592 f591
- f594
    - flags: top simplicial
    - normal:   -0.2895   0.9555 -0.05592
    - offset: -0.05178259
    - vertices: p781(v128) p806(v120) p905(v23)
    - neighboring facets: f553 f596 f595
- f595
    - flags: bottom simplicial
    - normal:  -0.06143   0.9969 -0.04873
    - offset: -0.04539816
    - vertices: p781(v128) p806(v120) p302(v99)
    - neighboring facets: f557 f597 f594
- f596
    - flags: top simplicial
    - normal:   -0.5385   0.8263  -0.1649
    - offset: -0.07334953
    - vertices: p781(v128) p905(v23) p677(v11)
    - neighboring facets: f186 f597 f594
- f597
    - flags: bottom simplicial
    - normal:   -0.2108   0.9733  -0.0912
    - offset: -0.05625816
    - vertices: p781(v128) p302(v99) p677(v11)
    - neighboring facets: f458 f596 f595
- f598
    - flags: top simplicial
    - normal:   -0.2534   0.9667  0.03564
    - offset: -0.04086344
    - vertices: p551(v129) p701(v119) p139(v97)
    - neighboring facets: f549 f599 f601
- f599
    - flags: bottom simplicial
    - normal:   -0.2938   0.9559 0.006606
    - offset: -0.04428314
    - vertices: p551(v129) p806(v120) p139(v97)
    - neighboring facets: f554 f598 f600
- f600
    - flags: top simplicial
    - normal:  -0.01491   0.9999 0.003258
    - offset: -0.03771308
    - vertices: p551(v129) p806(v120) p967(v44)
    - neighboring facets: f556 f602 f599
- f601
    - flags: bottom simplicial
    - normal:   -0.1794   0.9827  0.04703
    - offset: -0.03818161
    - vertices: p551(v129) p701(v119) p846(v39)
    - neighboring facets: f550 f604 f598
- f602
    - flags: top simplicial
    - normal:  -0.009765   0.9999 0.006156
    - offset: -0.03729874
    - vertices: p551(v129) p967(v44) p365(v36)
    - neighboring facets: f332 f603 f600
- f603
    - flags: top simplicial
    - normal:  -0.03123   0.9993  0.02036
    - offset: -0.03666189
    - vertices: p551(v129) p365(v36) p470(v3)
    - neighboring facets: f584 f604 f602
- f604
    - flags: bottom simplicial
    - normal:  -0.03195   0.9993  0.02062
    - offset: -0.03666033
    - vertices: p551(v129) p846(v39) p470(v3)
    - neighboring facets: f157 f603 f601
- f605
    - flags: bottom simplicial
    - normal:  0.006142   0.9996 -0.02826
    - offset: -0.04104048
    - vertices: p523(v130) p202(v67) p197(v59)
    - neighboring facets: f293 f606 f609
- f606
    - flags: top simplicial
    - normal:  -0.005685   0.9995 -0.03059
    - offset: -0.04155115
    - vertices: p523(v130) p806(v120) p197(v59)
    - neighboring facets: f557 f605 f607
- f607
    - flags: bottom simplicial
    - normal:  0.0004006        1 1.817e-05
    - offset: -0.03763927
    - vertices: p523(v130) p806(v120) p279(v65)
    - neighboring facets: f562 f608 f606
- f608
    - flags: top simplicial
    - normal:  0.0007604        1 -0.0004424
    - offset: -0.03768988
    - vertices: p523(v130) p594(v95) p279(v65)
    - neighboring facets: f434 f607 f609
- f609
    - flags: bottom simplicial
    - normal:  0.003118        1 -0.004727
    - offset: -0.03817883
    - vertices: p523(v130) p594(v95) p202(v67)
    - neighboring facets: f616 f605 f608
- f610
    - flags: bottom simplicial
    - normal:  1.806e-05        1 0.001266
    - offset: -0.03749981
    - vertices: p982(v131) p608(v116) p816(v66)
    - neighboring facets: f537 f611 f612
- f611
    - flags: top simplicial
    - normal:  1.835e-05        1 0.001266
    - offset: -0.0374998
    - vertices: p982(v131) p401(v126) p816(v66)
    - neighboring facets: f585 f610 f615
- f612
    - flags: top simplicial
    - normal:  2.306e-05        1 0.001264
    - offset: -0.03750001
    - vertices: p982(v131) p608(v116) p594(v95)
    - neighboring facets: f535 f617 f610
- f615
    - flags: bottom simplicial
    - normal:   0.03962   0.9991  0.01699
    - offset: -0.03712042
    - vertices: p982(v131) p401(v126) p470(v3)
    - neighboring facets: f584 f618 f611
- f616
    - flags: top simplicial
    - normal:  0.004531        1 -0.004037
    - offset: -0.03814547
    - vertices: p366(v132) p594(v95) p202(v67)
    - neighboring facets: f609 f620 f617
- f617
    - flags: top simplicial
    - normal:  0.007355        1 0.003071
    - offset:  -0.037504
    - vertices: p366(v132) p982(v131) p594(v95)
    - neighboring facets: f612 f616 f618
- f618
    - flags: bottom simplicial
    - normal:   0.04344   0.9989  0.01739
    - offset: -0.03715076
    - vertices: p366(v132) p982(v131) p470(v3)
    - neighboring facets: f615 f619 f617
- f619
    - flags: top simplicial
    - normal:    0.2196   0.9742  0.05268
    - offset: -0.03825401
    - vertices: p366(v132) p721(v96) p470(v3)
    - neighboring facets: f542 f618 f621
- f620
    - flags: bottom simplicial
    - normal:    0.3867   0.9212  0.04347
    - offset: -0.04258447
    - vertices: p366(v132) p514(v127) p202(v67)
    - neighboring facets: f592 f616 f621
- f621
    - flags: top simplicial
    - normal:    0.3543   0.9334  0.05679
    - offset: -0.0406305
    - vertices: p366(v132) p514(v127) p721(v96)
    - neighboring facets: f590 f619 f620
- f622
    - flags: bottom simplicial tricoplanar keepcentrum
    - owner of normal & centrum is facet f622
    - normal:        -1        0       -0
    - offset:    -0.0385
    - center: -0.0385 -0.0008176600000000001 -0.09194931666666667 
    - vertices: p626(v101) p997(v69) p45(v1)
    - neighboring facets: f305 f623 f625
- f623
    - flags: top simplicial tricoplanar
    - owner of normal & centrum is facet f622
    - normal:        -1        0       -0
    - offset:    -0.0385
    - center: -0.0385 -0.0008176600000000001 -0.09194931666666667 
    - vertices: p626(v101) p817(v42) p45(v1)
    - neighboring facets: f313 f622 f624
- f624
    - flags: bottom simplicial tricoplanar
    - owner of normal & centrum is facet f622
    - normal:        -1        0       -0
    - offset:    -0.0385
    - center: -0.0385 -0.0008176600000000001 -0.09194931666666667 
    - vertices: p626(v101) p817(v42) p733(v12)
    - neighboring facets: f314 f464 f623
- f625
    - flags: top simplicial tricoplanar
    - owner of normal & centrum is facet f622
    - normal:        -1        0       -0
    - offset:    -0.0385
    - center: -0.0385 -0.0008176600000000001 -0.09194931666666667 
    - vertices: p626(v101) p997(v69) p741(v24)
    - neighboring facets: f306 f468 f622
- f628
    - flags: bottom simplicial tricoplanar keepcentrum
    - owner of normal & centrum is facet f628
    - normal:         1        0        0
    - offset:    -0.0385
    - center: 0.0385 -0.0005977166666666667 -0.08782505 
    - vertices: p491(v106) p215(v104) p17(v2)
    - neighboring facets: f484 f629 f630
- f629
    - flags: top simplicial tricoplanar
    - owner of normal & centrum is facet f628
    - normal:         1        0        0
    - offset:    -0.0385
    - center: 0.0385 -0.0005977166666666667 -0.08782505 
    - vertices: p491(v106) p682(v26) p17(v2)
    - neighboring facets: f273 f628 f490
- f630
    - flags: top simplicial tricoplanar
    - owner of normal & centrum is facet f628
    - normal:         1        0        0
    - offset:    -0.0385
    - center: 0.0385 -0.0005977166666666667 -0.08782505 
    - vertices: p491(v106) p215(v104) p465(v80)
    - neighboring facets: f483 f631 f628
- f631
    - flags: top simplicial tricoplanar
    - owner of normal & centrum is facet f628
    - normal:         1        0        0
    - offset:    -0.0385
    - center: 0.0385 -0.0005977166666666667 -0.08782505 
    - vertices: p491(v106) p465(v80) p649(v52)
    - neighboring facets: f358 f491 f630
