3
1000 154 231
-0.0138533 0.018918 0.0112 
0.0326482 -0.02144 0.0211579 
-0.01185 -0.009011440000000001 -0.0074651 
-0.00741334 0.0128562 -0.0309831 
-0.0147699 -0.0224395 -0.0480992 
-0.0345438 0.0222147 -0.0346981 
-0.00145 0.00897069 -0.020397 
0.0279 0.008138879999999999 0.0104934 
0.00683577 0.014406 -0.0110313 
0.0146202 -0.00435728 -0.0173347 
-0.009198899999999999 0.0201754 0.0285716 
0.0131748 0.0112318 -0.0584859 
0.0279 -0.0147181 -0.00587904 
0.02115 -0.0217628 -0.0151512 
-0.00608436 -0.0151655 -0.0213448 
-0.011093 0.0310948 0.00770309 
0.00668793 0.0172866 -0.0177413 
-0.0172093 0.032372 -0.00630494 
-0.00388141 0.0151988 -0.025667 
-0.0196998 -0.0171065 -0.0454705 
0.03315 0.0226263 0.0283685 
-0.0114294 0.000871382 0.0318014 
0.0065631 0.0106539 0.0104838 
-0.0360152 0.0235059 0.0216164 
0.0257927 0.018945 0.0104288 
0.03315 -0.0194432 -0.0163703 
-0.03305 0.0281592 -0.0304336 
-0.0228171 -0.00766824 0.0028791 
-0.0331201 -0.00204788 0.027241 
0.009505619999999999 0.0141069 -0.00505891 
-0.03305 0.0278079 -0.0316337 
-0.0153867 0.0295607 0.00063971 
-0.03555 0.0330052 0.0252417 
0.020957 0.0139732 -0.0161487 
0.0090443 0.00321504 0.0145995 
0.0219 0.0126953 0.0083321 
0.0209338 -0.00394591 -0.056505 
0.03315 -0.0107816 0.0287988 
0.00632154 -0.0154329 -0.019399 
0.0182147 -0.0194328 0.022982 
-0.01485 -0.0017649 -0.0262124 
-0.01215 0.0317477 0.0134441 
-0.0270198 -0.00677462 -0.0192603 
-0.00315 -0.0149423 -0.0118609 
-0.03805 0.0212992 0.00126237 
-0.0138199 0.0232961 -0.025922 
-0.03305 -0.000272891 -0.037116 
0.0125618 -0.000404433 -0.00796904 
0.0193969 -0.00452795 0.00657552 
0.0288622 -0.000322297 -0.0249762 
0.02615 -0.00684097 -0.025339 
-0.02085 -0.0111603 0.00124672 
-0.0231074 0.030638 0.009191110000000001 
0.01955 -0.0210713 -0.00265062 
-0.0337527 0.00781538 -0.0421501 
0.0198835 0.0232679 0.0113611 
-0.033184 0.009580669999999999 0.0174671 
0.0281743 -0.00155305 0.007828379999999999 
-0.0132371 0.00146538 -0.0150205 
-0.01485 -0.0265126 0.004122 
-0.03305 0.00515261 -0.0422502 
0.0277548 0.0205426 -0.0141242 
-0.00565 0.0124634 0.0223253 
-0.0248862 -0.0374512 0.0198365 
-0.0171228 0.0167836 0.0259986 
0.02115 -0.00153972 0.0264431 
-0.00728175 0.0269107 0.0197692 
0.0179 -0.0100582 -0.0136055 
-0.0206258 0.0228967 -0.0084286 
0.028671 0.00297874 -0.00741554 
-0.00789395 0.0218973 -0.0541316 
-0.0210354 0.0124761 -0.0202803 
0.0176543 0.00697942 0.0249459 
-0.03305 -0.0268816 0.000736429 
-0.03555 0.0165484 -0.0353444 
-0.0132013 -0.0135718 -0.046777 
-0.01423 -0.00399052 -0.0205996 
-0.0266045 -0.0209308 -0.0142943 
-0.00365 -0.00544924 0.0299083 
-0.0222385 0.00724045 -0.00327929 
0.0325591 -0.0176129 -0.0208842 
-0.009480570000000001 -0.0155812 0.0166315 
-0.03805 -0.0113326 -0.0207401 
-0.019004 0.000797936 -0.0248196 
0.0209013 0.022568 -0.0129089 
-0.0366368 0.00774179 0.0226684 
-0.02285 -0.00187878 0.0104403 
-0.0198687 -0.0171413 -0.045341 
-0.0111284 -0.0245822 -0.00524013 
0.0280701 0.0198731 -0.0226643 
0.02615 0.031241 -0.00208839 
-0.0101861 0.0105865 -0.0584867 
-0.0123002 -0.000309816 -0.0117457 
-0.017 -0.0218681 -0.0487367 
-0.03655 -0.019131 0.0248058 
-0.03305 -0.011729 -0.0336987 
0.009962169999999999 -0.00607083 0.00513906 
0.0325472 0.0293391 -0.00694333 
-0.0233856 0.0268791 0.00100816 
0.03465 -0.0161881 -0.0158443 
-0.00709649 0.0260672 -0.0077228 
-0.0196993 -0.009989909999999999 -0.053958 
-0.02505 0.0357066 0.00983503 
-0.033475 0.0220669 0.0278039 
0.026894 0.0234079 -0.00876944 
-0.03305 -0.00326653 -0.0272517 
-0.00148266 0.0186659 -0.0149377 
-0.00152268 0.0144969 -0.00650821 
-0.00565 -0.0183616 -0.0127527 
0.0102606 0.00940029 0.023017 
0.0269 -0.00666453 0.0111692 
0.00902204 0.009216510000000001 -0.0152969 
-0.03555 -0.00417025 -0.0419913 
-0.00448887 0.00344032 0.0309775 
0.0224882 -0.0178852 -0.0525226 
-0.0374215 0.0199745 -4.4107e-05 
-0.0108541 -0.00568005 0.0244806 
0.0342363 0.0365224 -0.0117863 
0.0286576 0.0320296 0.00543931 
-0.0336347 0.0105109 0.0338708 
0.0329949 0.0103008 -0.02259 
-0.0018603 -0.000137214 0.00698849 
-0.0137901 -0.0220565 -0.00366507 
-0.02115 0.0189706 -0.00861759 
-0.027571 0.0117152 0.0189178 
-0.00138895 -0.0229619 0.00141927 
-0.0023192 -0.0176515 0.0160673 
0.030231 -0.0223141 0.0112326 
-0.0067524 0.0322598 0.00696777 
0.03315 -0.0173656 0.012464 
0.03465 0.0102574 0.000703084 
0.019585 0.0198137 -0.00836544 
-0.0234441 -0.00927535 -0.0250993 
-0.0125952 -0.00186237 0.0150581 
0.0195478 -0.00328832 -0.016899 
-9.338390000000001e-05 0.0273111 -0.0561318 
-0.03305 0.0333721 0.0252414 
-0.030562 -0.0241467 -0.0293098 
0.0194907 -0.00168391 -0.0405583 
-0.0276047 -0.037892 0.0012044 
0.0166097 0.00554308 0.023245 
0.03315 0.0377728 -0.003774 
0.03465 -0.007964250000000001 0.0236815 
0.0170851 0.0135016 0.0201311 
-0.0205518 -0.00430014 0.0236327 
-0.009665099999999999 0.0102517 0.0209455 
-0.01485 -0.00686632 -0.0267317 
-0.01215 0.0245254 0.019146 
-0.0225544 -0.0193935 0.0208328 
-0.00587881 -0.00292586 0.00740679 
0.0166016 0.0243313 -0.008932829999999999 
-0.026097 0.0260024 0.0103623 
-0.0268453 0.00774922 -0.00187574 
-0.0193813 0.0296509 0.0161923 
-0.0125156 0.0307788 -0.00656592 
0.0269 -0.0104117 -0.0116304 
-0.02985 0.0178984 0.00458689 
-0.00701836 0.018191 0.0200379 
-0.02285 0.0150355 -0.000122984 
0.0338484 -0.00624154 0.00326884 
-0.02255 -0.0223164 -0.0209354 
-0.0156491 -0.00155283 0.0306779 
0.0279 0.00328676 -0.0133355 
-0.02985 0.0220213 -0.00422581 
0.0237664 0.0276659 0.00449942 
0.030318 -0.0203979 -0.00658429 
0.027614 0.0324289 -0.00204401 
0.0205044 0.0169388 -0.00295965 
0.0198729 -0.0182176 0.00172461 
-0.01485 -0.0342239 -0.00227502 
-0.00626937 -0.0326223 -0.000706196 
-0.000237567 -0.0150415 -0.0185768 
 0.012 -0.0207631 -0.048772 
0.0136569 -0.0224351 -0.0515872 
0.0306449 -0.0110026 -0.028313 
0.00167702 0.0126629 -0.0238114 
-0.0273367 0.00361084 -0.0279719 
-0.02115 -0.0155863 0.00743659 
-0.0257994 -0.0374383 -0.0189847 
0.0269 -0.0131087 0.008560389999999999 
0.008067710000000001 -0.0223355 -0.0106981 
0.0205 0.0160932 -0.0278168 
-0.018266 -0.000464416 -0.0525006 
0.03565 0.00608915 0.0308579 
0.0318287 0.007858759999999999 0.00134664 
0.0264542 0.0300494 -0.00231536 
0.0194418 0.00369991 0.0176385 
-0.00565 0.0103206 -0.017183 
0.0262887 0.0192198 -0.0102363 
0.0174752 -0.00206474 -0.0257961 
-0.01215 -0.0290829 0.00899441 
-0.00613277 -0.0143995 0.0263947 
0.00376766 -0.00194655 -0.0180089 
0.019585 0.0161826 0.0117654 
 0.017 -0.0198231 -0.0507207 
0.0115093 -0.0225559 0.0105103 
0.00336809 0.00815746 -0.0161877 
-0.0354676 0.0315212 0.0199542 
0.0231 0.00748952 -0.0116188 
-0.01435 -0.0119708 0.0060553 
-0.0259569 -0.0156657 0.00997701 
-0.00565 0.0209078 -0.00435478 
-0.0296616 -0.0225005 0.0304564 
0.0308113 0.0150972 -0.0152711 
-0.01285 0.0280929 0.0230861 
-0.01215 -0.0102394 0.0287382 
 0.017 0.0213063 -0.0275486 
0.00456186 0.0038238 0.0174924 
-0.0115324 0.0139385 0.0189194 
-0.0223929 0.0304782 -0.0181024 
0.03315 -0.0155955 -0.0204043 
-0.0350847 -0.0186801 -0.0370581 
-0.02115 -0.0174146 0.00683526 
0.03315 -0.015822 -0.0145297 
-0.0276916 -0.00763391 0.0289178 
-0.0194144 -0.0190894 -0.0216117 
0.03315 -0.0084493 -0.0349068 
0.0163723 0.0227671 0.00765263 
0.01955 0.0178528 -0.0119084 
-0.03555 -0.0181218 -0.0314939 
0.0127319 0.0240714 -0.00635617 
0.0247011 -0.010066 0.00285014 
-0.01485 0.0129622 0.0291574 
-0.0120253 0.00542599 0.0225675 
-0.0287669 0.0104042 0.0039695 
-0.01485 -0.026153 0.00228981 
-0.00786242 -0.0227227 -0.0531401 
0.03315 0.0105934 -0.00874714 
-0.01485 -0.00123399 -0.0275793 
0.0222546 -0.0164248 -0.0240479 
-0.0337158 -0.0216961 -0.0125576 
-0.009582510000000001 0.00926023 -0.0297432 
0.02615 0.0169315 0.0250258 
-0.000105727 -0.0264863 -0.00524137 
-0.0138059 -0.000750036 -0.0199769 
0.0247963 0.0146807 -0.00303864 
-0.019911 -0.02161 0.0114728 
0.0315227 0.0183737 0.009427670000000001 
-0.0120513 0.0342386 0.00693191 
0.03315 -0.0177783 -0.0164915 
0.03565 0.0275828 -0.0207266 
0.019585 0.0234701 -0.000504516 
0.0211427 0.0252318 0.0124085 
-0.01428 0.0242575 -0.0298508 
0.0189099 0.0278364 -0.0021446 
0.0177714 -0.00245439 0.0257584 
-0.00873728 0.0241943 0.0247852 
-0.00145 -0.0203299 -0.00159317 
-0.0114683 -0.00392856 -0.0183662 
0.02115 0.0214381 0.0174704 
0.027881 -0.008154160000000001 -0.0198557 
-0.017 -0.0217302 -0.0420942 
-0.0128756 0.008856620000000001 -0.0215473 
-0.0126278 0.009011089999999999 -0.0215071 
-0.0015495 0.00637383 -0.0261864 
0.0271273 -0.00525596 -0.0558073 
-0.0232697 -0.0185298 0.0122311 
0.00829277 -0.00804883 0.0234191 
-0.00315 0.0186172 0.00316164 
0.00732859 -0.0083734 0.0158015 
-0.0336415 0.0216426 -0.03461 
0.0116749 0.0080643 -0.0159865 
0.03565 0.00950147 -0.0335292 
-0.01648 0.0237092 -0.0195567 
0.00433406 0.000873134 0.0248589 
-0.0182204 0.016025 0.0185452 
-0.0146472 -0.0188146 -0.0405237 
-0.01485 0.00287666 0.0334256 
-0.01485 0.000501252 0.0264147 
-0.0126952 0.0160909 -0.0168709 
-0.01215 0.020288 -0.0204924 
0.03315 0.0216661 0.00664381 
-0.0200494 0.0298818 0.00988372 
-0.0287843 0.0103602 0.0280578 
-0.0081466 -0.00898355 0.0291484 
-0.00810059 6.179819999999999e-05 -0.0277185 
-0.012 -0.000469355 -0.0501515 
-0.0205 0.010824 -0.0443333 
0.0273422 0.00459912 -0.0297951 
-0.0163926 -0.0381703 0.009045279999999999 
0.0307749 -0.010414 0.018746 
-0.02505 0.0348886 -0.0146428 
-0.01435 -0.0138856 0.008968240000000001 
0.0279 0.00593104 0.015781 
-0.03655 -0.0118301 -0.0215306 
-0.00565 0.00322823 0.0249211 
0.0237122 -0.0132806 -0.00735345 
0.030242 0.0222913 -0.0209354 
-0.0166548 -0.0008554050000000001 0.0078929 
0.0143088 -0.0118761 -0.0136211 
0.00449856 -0.0220572 -0.0155047 
-0.02085 0.0156273 0.00951316 
-0.012026 -0.0149111 0.0114494 
0.0136678 0.00651881 -0.0354918 
-0.0291316 0.0225511 -0.0169017 
-0.0271107 0.04054 0.00579146 
-0.03305 -0.00740437 0.035944 
0.03315 -0.015416 0.00757471 
-0.018299 0.0227714 -0.0246719 
-0.0264047 0.0113887 -0.0168192 
0.00135 -0.0061048 0.0231842 
0.019328 0.0194305 0.0218447 
-0.0348473 0.0176892 -0.034083 
-0.0118977 0.00997163 0.0130623 
0.02035 -0.020351 0.00711722 
-0.00565 -0.0133902 -0.009559949999999999 
-0.02185 0.0270266 -0.0213287 
0.0233057 0.00193862 -0.0302302 
-0.00915 -0.0113695 -0.00114513 
0.0307809 0.00906649 0.0255781 
0.03565 0.0106838 -0.0327811 
-0.00145 0.0195233 -0.0112292 
0.01955 -0.0203318 0.00262115 
-0.02985 -0.0160459 0.0134517 
-0.0193664 0.0105598 -0.0283702 
0.0271 -0.000790801 -0.0107834 
0.0224055 0.0218183 -0.0105702 
0.00117498 -0.0152126 -0.0535576 
-0.03655 -0.0273224 -0.009640900000000001 
-0.0207083 0.00867383 0.0227232 
0.0205 -0.0126652 -0.0325608 
-0.0102913 0.0145336 -0.0584818 
0.00015929 0.00626146 0.00309608 
-0.02505 0.0171707 -0.0251442 
 0.012 -1.66874e-06 -0.0383525 
-0.0211798 -9.46815e-05 0.0160842 
-0.0215706 -0.0378117 -0.0157348 
-0.00885 -0.0114564 -0.0243668 
0.00289331 0.00509965 0.0174018 
0.0337865 0.00938983 0.0116872 
-0.008376669999999999 -0.0140732 0.0312944 
-0.0115945 -0.0272697 0.00511491 
-0.00918655 -0.008955919999999999 -0.0174124 
-0.025645 0.00293852 -0.0413525 
-0.0191209 -0.0248246 0.000651974 
-0.0109886 -0.00235819 -0.0187693 
-0.0310116 -0.0200972 -0.0129305 
0.00541355 -0.0178881 0.00302329 
-0.0114268 0.0207833 0.0224737 
0.00782445 -0.0130888 -0.00725452 
-0.00667579 0.009032800000000001 -0.0524887 
0.0218711 -0.019637 -0.0200519 
0.03315 0.0235366 0.0073012 
-0.02205 0.0105839 -0.0129328 
-0.0350089 0.018821 -0.0322853 
-0.0122683 -0.0110763 0.0206598 
-0.02505 -0.00480716 0.0312985 
0.0299341 0.00480028 -0.0109774 
0.000555717 -0.0236891 0.0127337 
0.0267778 0.00100089 0.0146372 
0.0120883 -0.0216491 0.0160136 
-0.0231508 0.0294084 0.0125663 
0.03164 -0.0184522 0.0267538 
-0.03305 -0.0155388 -0.0356446 
0.01955 -0.0189622 -0.000383478 
0.0270362 0.0128197 -0.0132766 
-0.00145 -0.0102882 -0.0178884 
-0.009824319999999999 -0.00711205 0.0240833 
0.0236 0.000542682 0.0142618 
-0.0280512 0.00774546 0.00752251 
-0.00035779 -0.0174019 -0.00251544 
0.0261597 -0.00617398 -0.0244341 
-0.0113543 0.0121029 0.0249449 
0.0262949 -0.0245637 -0.00483066 
-0.00565 0.0139954 0.0118754 
-0.0278897 0.0354049 0.0136551 
-0.032671 -0.0214548 0.0311906 
0.0279 -0.0164173 0.00463539 
-0.017 0.0165228 -0.0493981 
-0.02985 -0.00625318 0.0167487 
0.009409880000000001 -0.0265533 -0.0525335 
0.03465 0.0112786 -0.0232137 
-0.00915 0.00188615 0.0167341 
-0.0378222 0.0155254 -0.0126886 
-0.00365 0.0215162 -0.0185351 
-0.012 -0.0165987 -0.0480206 
0.0337489 -0.0107841 -0.019442 
0.023582 -0.00135505 -0.0535705 
-0.01485 0.00700863 -0.0317429 
-0.00616246 0.0261994 0.00132129 
-0.0117752 0.0148409 0.020264 
-0.01215 -0.0180109 -0.0220854 
-0.0262966 -0.00528967 -0.0406104 
-0.0118011 0.0258661 0.0147871 
-0.0163978 -0.008949230000000001 -0.0272122 
-0.02505 -0.0110896 -0.0279044 
-0.0154538 0.0221492 0.00506567 
0.03565 -0.0187895 -0.0250788 
-0.03555 -0.0366332 -0.00760341 
-0.0249505 -0.00253023 0.00757142 
-0.0119531 -0.0145202 0.0184482 
-0.02115 0.015892 0.00524512 
0.0269 -0.00777689 0.013784 
0.0243163 -0.0247337 -0.0071974 
-0.00365 -0.0162979 0.0255869 
0.0140255 0.0116899 -0.00938751 
-0.0338995 -0.00233116 0.0277302 
-0.0318479 0.00809781 -0.0225152 
-0.0173877 0.00107709 0.0244849 
0.01955 -0.009297700000000001 0.0212332 
0.0276876 -0.00691678 -0.0171358 
-0.0254651 0.0324988 0.0195915 
-0.032094 0.0178847 -0.0158505 
0.00620036 -0.00673059 -0.00188309 
0.0132663 -0.0224499 -0.039782 
-0.0263931 -0.0299549 -0.000388607 
-0.03305 -0.0215258 -0.0173876 
-0.0116662 0.0229131 0.00204881 
-0.00124573 -0.017572 -0.00147293 
0.009524029999999999 0.0102758 0.0108502 
-0.03305 0.00907325 0.029245 
0.0207628 0.0200694 0.00790454 
0.0286826 -0.0236805 -0.00788465 
-0.00533855 -0.0184855 0.0258629 
-0.0241548 0.00381661 -0.00586261 
0.0199004 0.028201 -0.00566616 
-0.0353891 -0.00620156 -0.0274382 
0.0324866 0.0231366 0.009380889999999999 
0.02615 -0.0229753 0.0104074 
-0.0106052 0.0349136 0.00179872 
0.0104109 -0.0147862 -0.00228614 
0.03315 -0.0229116 -0.0113247 
-0.0175683 -0.0257629 -0.030133 
0.03565 0.00297823 0.0360451 
-0.00493963 0.0283305 0.0138607 
-0.0205 -0.0150988 -0.0496361 
0.00370626 -0.00529412 0.0059749 
0.00315844 0.00293685 0.0146694 
0.026752 -0.00383429 -0.0247012 
-0.0342323 -0.039017 -0.0179798 
-0.0140376 -0.0109277 -0.0585138 
-0.0198082 -0.00104366 -0.0247597 
0.019585 0.0231263 -0.00436695 
0.0184204 -0.0150793 0.0210597 
0.0141116 -0.0191771 -0.0419956 
-0.01423 0.0184243 -0.0129376 
-0.0104689 0.00753573 -0.0197669 
-0.0258056 0.0258904 0.0149525 
-0.0304165 -0.0234771 0.00449126 
0.03315 0.008751470000000001 0.0222201 
-0.0285045 0.00435084 -0.00661125 
-0.00885 0.00175225 -0.0244982 
0.0347116 0.0163887 -0.0262426 
0.0193298 0.00774282 -0.022973 
-0.0195063 0.00596293 0.0118939 
0.02615 0.0147166 0.0123187 
0.0273396 0.0178808 0.0174609 
0.0158401 -0.0177259 0.0231904 
-0.01885 -0.00192479 0.012989 
-0.0209993 -0.00229684 0.0269932 
-0.0188749 -0.0191153 0.0212684 
-0.0153799 -0.0113058 0.0220985 
0.009564120000000001 -0.0253381 0.00929048 
-0.0325749 0.0425759 0.00509469 
-0.0252929 0.00773187 0.0263322 
-0.0231882 -0.0115597 -0.0525146 
-0.0353909 -0.00958284 -0.0340611 
-0.02185 -0.0327722 -0.00772969 
0.03315 -0.00983523 -0.0192772 
-0.0226864 -0.009236579999999999 0.0185144 
0.0317954 0.0206086 0.0219439 
-0.00915 0.00282746 -0.0241203 
0.00104519 -0.0269867 -0.000175127 
-0.007874610000000001 -0.00324893 0.00726734 
-0.02505 0.0107333 0.0357392 
-0.0208834 0.0243545 -0.0170536 
-0.00267501 -0.0104495 -0.0142806 
-0.00915 -0.00729633 -0.00768103 
0.0298816 0.0155908 0.0147144 
0.00266063 0.00171575 0.0148583 
-0.03305 0.0153758 0.0229307 
0.0227792 -0.0136931 -0.00852235 
-0.0224715 0.0271944 0.022642 
-0.0214832 0.0108922 0.0252842 
-0.02985 0.0182599 0.00810637 
0.03315 0.00513427 -0.0305897 
 0.012 -0.0183748 -0.0369602 
0.00699659 -0.0209946 -0.0132815 
-0.02985 -0.0118797 -0.00495665 
-0.03655 -0.0223035 0.009351119999999999 
-0.01215 0.0107123 -0.02653 
0.03315 0.00366718 -0.0114102 
0.00143408 -0.00196642 0.0268623 
0.00899982 0.0063942 0.0239418 
-0.0134283 -0.00474989 0.0214216 
0.0269 0.00540908 -0.015594 
-0.00314222 0.015873 -0.00784317 
0.03315 -0.00970435 0.00129553 
0.007953 0.0239573 -0.0123271 
0.0205 0.0199112 -0.0210731 
0.028715 -0.00911826 -0.00408227 
-0.01845 -0.0267018 -0.0127263 
0.0315236 -0.0318967 0.00622669 
-0.0302263 0.0351193 0.0142658 
-0.0135922 0.0305023 0.00962843 
0.03315 -0.0196997 0.00908429 
-0.0200733 -0.0296614 0.00626755 
0.026614 0.00177232 0.0103482 
0.0172481 0.00642417 -0.058492 
-0.017349 -0.0151792 0.0365962 
-0.02985 -0.0069044 0.00564425 
-0.0178176 0.0397699 0.00119689 
-0.0114722 0.0131766 -0.0175472 
0.03315 -0.00508006 0.0117964 
-0.0248845 -0.0132565 -0.0200833 
0.00979734 0.0172236 0.0207166 
-0.03155 -0.012703 -0.0171934 
-0.0135387 -0.0145684 -0.025154 
-0.00431583 -0.030741 -0.00386745 
0.02663 -0.0220136 -0.0205849 
0.01955 -0.00828918 0.0214312 
0.0339319 0.0264142 -0.00124108 
0.00320572 0.0115453 -0.0243703 
0.00336634 0.0103538 -0.0107881 
-0.0311429 -0.00964726 0.0366061 
-0.0197671 -0.0244329 -0.00163065 
-0.0350571 -0.0255986 0.00545323 
-0.02985 0.00957212 -0.00677953 
-0.01215 -0.0015089 -0.0310943 
-0.0234448 0.0234035 -0.0218015 
0.0242819 0.00510024 -0.0189669 
-0.0120742 -0.0107087 0.0201193 
-0.03305 -0.0400938 0.0125155 
-0.0134635 0.00658624 0.0376396 
0.03315 -0.00159665 0.0271397 
-0.0125024 -0.000638491 -0.0470639 
-0.01435 0.0143443 0.00768999 
0.0176433 0.0225271 -0.0215093 
-0.015892 -0.00735617 -0.0465302 
-0.02505 -0.0227997 -0.0208033 
-0.01485 0.00940146 -0.0244243 
-0.03305 -0.0354038 0.00714938 
-0.03305 0.00362067 -0.0416964 
-0.0139659 -0.0285019 -0.00725669 
-0.00203958 -0.0149005 0.0225024 
0.0201419 0.008857520000000001 -0.0132101 
0.03315 0.0262597 -0.000714187 
-0.01485 -0.0292585 0.0118497 
0.0154586 0.0240658 -0.0142828 
0.0292968 -0.00494265 0.00494498 
-0.01215 -0.008608070000000001 -0.0282153 
-0.0205 0.0181778 -0.0375595 
-0.0017508 -0.00822033 -0.0155857 
-0.0313411 -0.0216147 -0.0206482 
-0.0217225 0.008988289999999999 0.0131845 
-0.0210157 0.00332937 0.0100498 
0.00306323 0.00503327 0.0265168 
-0.0375964 0.0197472 -0.0135443 
-0.0231501 -0.0247434 0.0326215 
-0.00781916 -0.00488974 -0.0272858 
-0.00257346 -0.0061316 -0.00510128 
-0.0327693 -0.0379973 -7.82469e-05 
-0.0147415 -0.0194776 0.0147978 
0.0150611 0.00786801 0.0127186 
0.0199549 -0.022334 0.0131084 
-0.0130156 0.0231844 0.00251041 
-0.00364305 -0.0250274 -0.0122685 
0.0247632 0.00541305 -0.0173902 
0.0153945 0.0112005 -0.0578155 
-0.02185 0.0228668 0.0224533 
-0.0167084 -0.00776038 -0.00185132 
-0.0136053 -0.0141874 -0.012596 
0.0269 -0.00638628 0.0148201 
0.016338 -0.0250868 -0.0526868 
-0.0225945 0.00637828 0.0196295 
-0.0284249 0.00272214 0.0416736 
-0.01423 0.0212199 -0.00182208 
-0.016253 -0.00362991 -0.00708908 
0.00401522 -0.00356062 0.0245134 
-0.0129066 -0.0312266 0.0156576 
0.02115 -0.0131088 0.0238797 
0.0260283 -0.0144646 0.00454025 
-0.0193813 -0.0246937 -0.0214007 
-0.008567389999999999 0.0227468 -0.0564714 
0.02415 0.00394177 -0.020843 
0.03315 0.000427516 0.024655 
-0.01485 0.0263779 -0.0206919 
 0.012 0.0190639 -0.0513956 
-0.0259172 -0.037214 0.0173697 
-0.02505 0.0114234 0.0288427 
0.0146951 0.007973650000000001 -0.000610323 
-0.0160632 0.00614751 -0.00330926 
0.0286847 0.012479 -0.0201626 
-0.0226355 0.0154853 0.0379249 
0.00562875 0.0283098 -0.0524644 
0.0128115 -0.00921135 0.0231104 
 0.017 0.0163684 -0.0370821 
-0.0229421 -0.00268795 -0.010434 
-0.0308665 0.0429853 0.000976654 
-0.01485 -0.026677 0.000525433 
-0.0133722 0.00610062 -0.0195451 
-0.01485 0.0287735 -0.0100147 
0.0197817 -0.0257942 0.00208359 
0.0320994 -0.0300919 -0.00130008 
-0.017 0.0183124 -0.0430951 
-0.0117922 0.008426990000000001 -0.0338944 
0.0336899 -0.0264028 -0.00187537 
-0.0145612 -0.0248101 0.00416308 
 0.012 -0.00638921 -0.046813 
0.0101913 0.0118032 -0.0092201 
-0.0171545 -0.0203741 -0.0141451 
-0.0107431 0.0103882 -0.015884 
-0.0254107 -0.00668972 0.00437663 
0.0106264 -0.008412589999999999 0.015778 
-0.00875358 0.00548348 -0.00432648 
0.01955 -0.0190477 0.00631091 
0.03565 -0.0137169 -0.0310954 
0.012026 0.00682916 0.0260945 
-0.0188932 -0.0363076 -0.0171848 
-0.02985 0.0139081 0.0189145 
-0.009998719999999999 0.0171955 0.00799011 
0.0269357 -0.00982776 -0.030956 
0.0164936 -0.00349331 -0.0585044 
-0.03305 0.03605 0.0165341 
0.0109488 -0.00068302 -0.00794887 
-0.0295022 0.0245199 0.0119654 
-0.024775 -0.0212706 -0.0104075 
0.0205 -0.00261128 -0.0425491 
0.015068 -0.0176473 0.0040482 
-0.0109631 0.0153543 0.0176276 
-0.02285 0.008805759999999999 0.0124814 
-0.0147925 -0.0304179 0.0166029 
-0.0110909 0.0249897 0.0026482 
0.02709 0.00126324 0.0115837 
-0.03805 -0.0174436 -0.011654 
-0.0205 -0.00650288 -0.0492366 
-0.0187239 -0.00536246 0.0263807 
0.00526534 0.0233596 -0.0564706 
0.03565 0.0260396 0.0168669 
0.000588661 0.00797337 0.000408509 
0.0273575 0.0099627 -0.0309333 
-0.01215 -0.0231352 0.0191378 
0.0263851 -0.0264039 -0.00703468 
0.0202281 -0.0155295 -0.0185989 
0.02615 -0.0226388 0.0147217 
-0.0351627 0.0354128 -0.000937769 
-0.0316423 -0.00630694 -0.0191848 
-0.00936055 0.0192363 -0.0161656 
-0.01215 -0.00675909 0.0326268 
0.0184489 0.0189337 0.0177006 
0.01955 -0.0146993 0.0142383 
-0.0107855 -0.017575 0.0100706 
-0.03305 0.0309042 -0.0292566 
0.019601 0.00229047 0.0257999 
-0.00315 0.0150301 0.0093933 
-0.026178 0.0274118 -0.00400058 
-0.00129826 -0.00473955 0.0179815 
-0.0214755 0.0303309 -0.0274828 
-0.03555 -0.0342403 0.0235348 
-0.01845 0.0254745 0.0178387 
-0.0103313 0.023129 0.009859649999999999 
0.0213655 0.0133714 -0.00860527 
0.0136925 0.0120005 0.0132533 
0.0181889 -0.0160997 -0.0217264 
0.0164521 0.0203337 -0.0402244 
0.0343021 -0.028534 -0.0177805 
-0.0288813 -0.0395106 0.0137149 
-0.01423 0.00342651 -0.0221703 
0.02709 0.009517039999999999 -0.00679287 
-0.0100681 -0.00957088 0.0169872 
-0.03305 0.0368357 -0.012887 
-0.0304976 0.0145043 -0.0250335 
-0.01885 -0.0153123 -0.00307656 
-0.0210659 -0.0229497 -0.00598106 
0.0269 -0.0112648 0.0141413 
-0.0244018 0.0308194 0.008428110000000001 
-0.008287289999999999 0.0161658 -0.0302248 
0.029783 0.00688065 -0.00405914 
-0.019631 -0.0322591 -0.00883254 
0.0107294 -0.00350404 0.0246255 
0.0218309 0.00837282 -0.0227339 
-0.02255 -0.0196464 -0.0109946 
-0.0246668 -0.00308099 0.0130361 
-0.0259426 0.0130365 0.0027859 
-0.00034206 0.0234359 -0.00403241 
-0.0224907 -0.0395269 -0.010866 
-0.0195663 0.0178904 0.016777 
0.02315 -0.0266088 0.0102025 
0.00135 -0.0244702 -0.00313564 
-0.0203711 0.0118605 -0.0439213 
0.020315 -0.0108056 0.0195962 
0.0285681 -0.0171727 0.0181561 
-0.0200206 -0.0257436 0.0181659 
-0.03305 0.0194827 -0.0154436 
0.0301 0.0107493 0.00483891 
0.00827603 0.0120833 -0.008806410000000001 
-0.0119482 -0.00536089 -0.0244943 
0.0261636 0.0123943 -0.00749639 
-0.01485 -0.00577442 0.0321216 
0.00468353 0.00643426 -0.0134871 
-0.0269383 -0.00369217 -0.0525047 
0.0346342 -0.010905 -0.0065959 
0.0256097 0.00139723 -0.0144208 
0.0196084 -0.00234336 -0.007648 
0.00955775 -0.0205169 -0.0174663 
0.03565 0.0300462 -0.0232286 
-0.0228348 -0.009546199999999999 0.0122214 
-0.0283951 -0.032717 -0.0192808 
-0.02985 -0.0235083 0.00211279 
0.013272 0.0177423 0.00204649 
0.0251391 -0.0159171 -0.0536296 
-0.0294705 -0.0378588 -0.00163822 
0.0225136 0.0292085 0.00734691 
-0.01423 0.0119311 0.0178929 
-0.00492037 -0.0292134 0.00895253 
0.00713125 0.0234673 0.0132672 
-0.0101993 0.0326209 -0.0126036 
-0.022589 -0.00197465 -0.0127343 
-0.0253971 -0.00967728 -0.0525122 
0.0107715 -0.00617664 -0.0170326 
-0.02085 -0.022379 0.00381242 
0.0122385 -0.0173656 0.0205948 
-0.0342352 0.0336284 -0.0110616 
0.02615 -0.0268827 -0.00172515 
-0.0106226 0.00914851 0.0261691 
0.0290295 -0.00352393 0.0322973 
0.02115 0.008986650000000001 0.0263541 
-0.033424 -0.00747849 -0.0310971 
-0.0121127 -0.0150661 -0.0170959 
0.0058091 -0.0239438 0.00658485 
-0.0103287 0.0242309 -0.00650485 
-0.02285 -0.00917858 0.0115834 
-0.0193955 0.021639 0.0340725 
0.01955 0.0106368 0.0178231 
-0.0365861 0.00454189 -0.0235431 
0.024331 -0.00107606 -0.0149518 
-0.03555 -0.0273792 -0.0309055 
-0.012 0.008798540000000001 -0.0454032 
0.0268682 -0.00176966 0.0147753 
-0.008751419999999999 -0.000558169 0.0321309 
-0.0149227 0.0234925 -0.00694533 
0.0269 0.0106517 -0.0116047 
-0.00104999 -0.014269 -0.0583928 
-0.0171917 -0.0223159 -0.0150875 
-0.0340702 0.0155341 0.0125064 
-0.0162606 0.0252207 -0.0299705 
0.0155389 -0.00574091 -0.00554775 
-0.00565 0.0166115 0.00636551 
0.0276627 0.00478771 -0.0114895 
-0.0092309 -0.0114127 0.0252597 
0.0188193 0.0225443 -0.0351704 
-0.01285 -0.0357479 0.00302959 
-0.00562245 0.0281109 -0.015518 
0.0171387 0.028651 -0.0104129 
-0.02115 0.009692289999999999 -0.0193399 
0.0279104 0.0128098 -0.0272281 
-0.02285 -0.00344167 -0.0142162 
0.0194157 0.0143171 0.0215917 
-0.01435 0.0127368 -0.0196058 
0.03315 -0.0111466 0.0355569 
-0.0202022 -0.0204685 0.0222746 
-0.029861 0.0364583 -0.0226949 
-0.0209505 0.00120094 -0.0336881 
0.0205 -0.0161649 -0.0292481 
-0.00137528 0.0230277 0.000909961 
0.0196238 -0.0169075 0.00697778 
-0.03555 -0.0348676 0.007885049999999999 
-0.01485 0.0285445 -0.0186595 
0.00463031 -0.00174171 0.0268704 
0.0163649 0.0239009 0.0026293 
-0.01215 -0.0273002 0.0200093 
-0.00701537 0.0220797 -0.0534469 
-0.0137577 -0.0231914 -0.00167155 
-0.0138228 -0.0147831 0.0250296 
-0.0157057 -0.0108092 -0.0450808 
-0.01185 -0.00247542 0.0134252 
-0.01485 -0.0239083 0.0254071 
-0.0156563 -0.0129183 0.0367792 
0.0242587 -0.000602299 -0.0144842 
0.0296978 -0.00634577 0.00291812 
-0.02255 0.0276466 0.0095459 
 0.017 -0.009759790000000001 -0.0441863 
-0.00406502 -0.0288123 -0.008542299999999999 
0.033487 -0.00149912 -0.0353765 
0.02615 0.00377122 0.0200715 
0.0115026 -0.0179526 0.0172485 
0.0146022 -0.0261853 0.00770711 
0.0205 -0.0187155 -0.0259576 
-0.01215 0.0142662 -0.0288225 
-0.03655 0.0187034 0.0183846 
0.0116717 0.00497793 -0.0584938 
-0.02505 -0.035229 -0.0130831 
0.03565 0.00204424 0.0319193 
0.03315 0.0192712 -0.009728840000000001 
-0.00975696 0.0199379 2.21268e-05 
0.0169952 0.0010172 -0.0278397 
0.01955 0.000647193 0.0232343 
0.02615 -0.0169944 0.0104449 
-0.0138926 0.00089716 0.0204499 
-0.02985 0.00636144 0.00699867 
0.0247922 0.010705 -0.009737630000000001 
 0.017 0.00580835 -0.0336939 
-0.00565 0.0238579 0.00723425 
-0.0361415 -0.0258736 0.0187107 
0.0338231 0.0292541 0.009922500000000001 
-0.0349604 -0.0382926 0.0194808 
0.0166242 0.0189073 0.0177447 
-0.01215 -0.0095377 -0.0296196 
-0.0156937 0.0148288 0.0195208 
-0.0275818 -0.0366094 -0.00963491 
0.00268321 0.019317 -0.0564757 
0.0193253 -0.009426230000000001 0.0223342 
 0.017 0.00706432 -0.052401 
0.0268999 0.0149507 0.0012672 
-0.02185 0.00681558 -0.0299532 
-0.017 -0.0203165 -0.0429355 
-0.0254374 -0.0205938 0.0337149 
0.02615 0.00250315 -0.0307064 
-0.000902888 -0.0233688 0.0133479 
-0.0203138 0.0104695 -0.00746867 
0.0264478 0.00908525 0.00528276 
0.00347627 -0.0233348 0.008688950000000001 
-0.00501115 -0.0219066 0.0206534 
0.0181717 -0.0187546 -0.0178784 
-0.0056816 0.0218424 -0.0134827 
0.000285569 0.013672 -0.0232714 
-0.0254215 0.036106 0.011504 
-0.0205754 -0.0229793 -0.0139702 
-0.0217917 -0.00690582 -0.0535991 
 0.017 0.00223755 -0.0428067 
0.03565 -0.0227809 -0.0250394 
0.0199697 0.0258764 -0.00137729 
-0.0170348 0.00329188 0.00722659 
-0.0223741 -0.0153834 -0.00889495 
-0.0101362 0.009066680000000001 -0.0234033 
0.00178767 0.00864681 0.0121914 
0.0260377 0.00242773 -0.0149739 
0.0230798 0.00579535 0.016205 
-0.02255 0.0304082 0.0047039 
-0.0105013 -0.0229538 -0.0155533 
0.018847 -0.00283407 0.0236702 
0.0179 0.011073 0.0129314 
-0.03305 0.000952405 -0.0294085 
-0.03305 0.0401647 -0.00289876 
-0.02285 -0.0005476600000000001 0.0138225 
-0.0250214 -0.0062875 0.00303558 
-0.00917311 0.00187831 -0.0206966 
0.0190052 0.0234389 -0.0152341 
0.0150276 0.0100576 0.0110617 
0.0254234 -0.0268117 -0.00593419 
-0.03555 0.0381425 -0.0161537 
-0.01435 0.00209565 0.0136578 
-0.0280834 -0.0263095 -0.0316159 
-0.0376131 -0.0174388 0.009740220000000001 
0.0179042 -0.0161071 -0.00168042 
0.03315 0.0178551 0.0260693 
-0.032044 0.0136159 0.0267275 
-0.0171891 0.0248183 -0.000355521 
-0.0355426 -0.041208 0.0119086 
0.019585 -0.0125462 -0.0190172 
-0.015734 0.0150098 -0.0193901 
0.02615 -0.0151028 -0.0140059 
-0.0132563 0.0216917 0.00855799 
-0.024231 0.0214692 0.0362097 
-0.008882869999999999 -0.00323517 -0.00727102 
-0.0134062 0.0226153 -0.0307053 
0.0255041 0.0127168 0.00692883 
-0.0351497 -0.0264506 0.0234646 
-0.0298968 -0.0417445 0.00906183 
0.02115 -0.00497661 0.0262773 
-0.00472659 0.0229082 -0.0564712 
-0.03305 0.013192 -0.0209573 
0.0225396 -0.0241622 0.00203547 
-0.0257739 0.00190052 0.00670504 
0.01579 -0.012929 -0.0213831 
-0.01485 0.0248479 -0.0172503 
0.000948794 -0.0187511 -0.0580957 
-0.01546 -0.0221919 0.0033145 
0.03315 0.0195613 -0.00721183 
-0.0144697 0.0345717 -0.00464185 
0.03315 0.00477234 0.0372119 
-0.0201433 -0.031517 0.00755088 
0.019585 -0.0126838 0.0143002 
-0.00722445 0.0226832 0.0245357 
-0.015371 -0.00215527 -0.0226426 
-0.02285 -0.00896576 -0.0116301 
-0.0129934 -0.0225007 -0.0009860299999999999 
-0.0328282 0.0238644 0.00219067 
0.0209172 0.013556 -0.0165579 
-0.0212179  0.041 0.00161615 
-0.0346815 0.018897 -0.0298927 
-0.03655 -0.023899 -0.0202766 
-0.02985 -0.00833743 0.000804141 
0.03315 -0.0368159 0.00262304 
0.03465 0.0166584 0.019781 
-0.0112764 -0.000117523 0.0349389 
-0.0260117 -0.0245882 0.00471389 
0.0234627 -0.000519567 0.023911 
0.0298613 0.0202353 0.0146054 
0.03315 -0.0172128 -0.0187626 
-0.00553059 0.00175627 -0.00675088 
-0.022092 -0.0343949 0.0082761 
0.0313845 -0.0248043 -0.0114732 
0.0227647 -0.0224867 -0.0166758 
0.03315 0.0170555 0.025273 
0.00325658 0.0152489 0.0222771 
-0.02285 -0.00645272 -0.00961765 
0.00211865 -0.0222355 0.0152638 
0.02115 0.0161474 0.0245835 
-0.0261201 -0.0112165 0.0361835 
0.0155512 0.00190987 -0.0179555 
0.0100366 0.00478024 -0.0141757 
-0.0134005 0.009773270000000001 0.0162428 
-0.01485 -0.0308515 -0.0156974 
0.013919 0.0205445 -0.0142424 
0.0288552 -2.04833e-05 -0.0269025 
-0.009466489999999999 0.0255133 -0.0524679 
-0.0217265 0.020506 -0.0357568 
-0.0108435 0.0151879 -0.0314105 
0.030692 -0.0270594 -0.000412511 
-0.03305 -0.031327 -0.025884 
0.03315 0.008618850000000001 0.0199126 
0.03565 0.0367359 0.00639982 
-0.00885 0.0244514 0.00300372 
0.0234614 0.0149531 0.0186571 
-0.0119896 -0.0151468 -0.0236165 
0.0281312 -0.0287477 -0.00906301 
-0.0230389 0.0269156 0.00697008 
0.010781 0.015416 0.0195199 
-0.03305 -0.0393865 -0.00788984 
-0.02085 0.00849401 -0.000915148 
-0.02085 0.00883256 -0.00761573 
0.00362229 -0.0139657 -0.00544854 
0.0289635 -0.00694055 0.00397796 
 0.012 0.0166721 -0.0364988 
0.0144078 0.00885522 -0.0354889 
0.02615 -0.0188895 -0.0170936 
0.03465 0.009568709999999999 0.000724295 
-0.009387629999999999 0.00400826 0.009281910000000001 
-0.03655 -0.0244332 0.0100089 
-0.0234244 0.000779483 -0.0542434 
-0.03155 0.0223374 -0.00613951 
0.0164288 -0.0232036 0.0114766 
0.0266043 -0.0241248 0.00655555 
0.0187537 0.0228481 -0.00808444 
-0.0205 0.0124099 -0.04146 
-0.012331 -0.0148068 -0.0173285 
0.03465 0.00375082 -0.0247909 
0.00955607 -0.00285213 -0.055124 
0.0280168 -0.0239925 -0.00698853 
-0.00315 -0.0206077 -0.00125715 
0.0271904 0.00675646 -0.0240091 
-0.0322354 -0.0202338 0.0163827 
0.03315 0.00533596 -0.0338326 
0.00388939 -0.00243519 -0.0179436 
-0.01485 0.0242817 -0.0191522 
-0.00427796 -0.0177838 -0.0253038 
-0.0244727 -0.0225066 0.0357072 
-0.00432029 0.0294165 0.009829269999999999 
-0.009001210000000001 -0.0119587 -0.0218725 
-0.0295879 0.00182913 0.00775406 
0.0128975 0.00277389 0.0147104 
-0.0152512 -0.00255313 0.0225785 
0.00177126 -0.0230499 -0.00935827 
-0.0163472 0.0174127 -0.054194 
0.0139736 0.0229903 0.00979646 
-0.0118809 0.000148605 0.0110265 
0.0329537 0.0082016 -0.00180935 
-0.01435 -0.0127609 -0.0131239 
-0.03305 -0.019028 0.0335429 
0.03315 0.0082425 0.0105234 
-0.0242538 -0.00103453 -0.0179485 
0.0301183 0.0305667 0.00123524 
-0.00315 -0.022474 -0.00706827 
0.02115 0.0244063 0.012384 
-0.01215 0.0319197 -0.00682536 
0.030362 -0.0240488 -8.37874e-05 
-0.0256726 -0.0201803 0.0375875 
-0.0257586 0.0175849 -0.0062704 
0.0231 0.0106294 -0.00976818 
0.019585 -0.0214156 -0.00366756 
0.00723336 0.00828803 -0.0233372 
0.0285785 0.0125761 0.0240123 
-0.0268784 0.0212686 -0.0345216 
0.0158843 -0.00356242 -0.00599296 
-0.026597 0.0108867 0.0362752 
-0.00621683 -0.00263674 0.0260957 
-0.03155 -0.014493 0.0152683 
-0.02085 0.00800435 0.0197252 
0.0287913 0.0109624 0.00770167 
-0.00315 -0.0152795 -0.009562869999999999 
-0.017 0.0140853 -0.0485763 
-0.0139692 -0.0263629 -0.0278987 
0.03465 -0.0211559 0.0112915 
-0.03655 -0.0126402 -0.0256604 
0.0172783 0.0162597 -0.0174272 
-0.03555 0.0364985 0.0172358 
-0.0297054 0.038124 0.0191 
-0.0130782 -0.0008161829999999999 0.0233197 
-0.01285 0.0197143 0.0302389 
-0.02115 -0.0160904 0.00693882 
-0.017 0.0109481 -0.0503798 
-0.02985 -0.0184023 0.0108971 
0.03465 0.00433581 -0.008008879999999999 
-0.0102021 -0.0196176 -0.0045914 
-0.0321837 -0.00567679 -0.0293985 
-0.00897276 0.0192797 0.0150421 
-0.01285 -0.0287845 0.0211246 
0.03315 0.0222956 -0.000441911 
-0.00145 -0.00663066 -0.0198534 
3 912 20 987 
3 352 749 883 
3 63 883 858 
3 63 352 883 
3 63 749 352 
3 983 820 883 
3 883 675 858 
3 85 32 94 
3 32 85 44 
3 624 82 44 
3 112 82 726 
3 82 624 726 
3 628 20 912 
3 708 455 430 
3 211 112 726 
3 708 211 726 
3 211 708 112 
3 870 749 565 
3 749 967 565 
3 588 584 117 
3 584 588 135 
3 624 388 726 
3 820 655 883 
3 388 429 726 
3 675 429 858 
3 32 853 565 
3 870 853 20 
3 119 32 565 
3 32 119 94 
3 840 986 44 
3 986 32 44 
3 32 986 987 
3 547 840 44 
3 843 624 44 
3 85 843 44 
3 843 85 94 
3 5 642 840 
3 912 141 117 
3 141 588 117 
3 588 141 912 
3 870 423 749 
3 423 870 20 
3 983 423 820 
3 749 423 883 
3 423 983 883 
3 628 423 20 
3 63 947 749 
3 947 967 749 
3 967 959 565 
3 606 262 255 
3 695 912 117 
3 584 695 117 
3 262 695 255 
3 612 498 430 
3 498 612 255 
3 627 584 135 
3 655 563 883 
3 429 93 726 
3 93 708 726 
3 93 455 708 
3 455 93 430 
3 853 136 20 
3 136 853 32 
3 20 136 987 
3 136 32 987 
3 583 870 565 
3 853 583 565 
3 583 853 870 
3 588 453 840 
3 453 986 840 
3 986 453 987 
3 453 912 987 
3 453 588 912 
3 82 373 44 
3 373 547 44 
3 547 373 82 
3 74 5 840 
3 547 74 840 
3 74 82 112 
3 74 547 82 
3 751 642 135 
3 642 751 840 
3 588 751 135 
3 751 588 840 
3 642 906 135 
3 906 573 135 
3 573 906 642 
3 54 74 112 
3 74 54 5 
3 954 642 5 
3 954 573 642 
3 54 954 5 
3 954 54 930 
3 321 930 430 
3 954 321 573 
3 321 954 930 
3 498 321 430 
3 573 321 135 
3 296 119 565 
3 959 296 565 
3 119 296 94 
3 296 959 94 
3 648 959 967 
3 947 648 967 
3 959 648 94 
3 648 843 94 
3 11 627 135 
3 321 11 135 
3 11 321 498 
3 627 558 584 
3 558 695 584 
3 558 11 498 
3 11 558 627 
3 558 498 255 
3 695 558 255 
3 606 700 820 
3 700 606 255 
3 700 655 820 
3 700 563 655 
3 732 612 430 
3 690 54 112 
3 54 690 930 
3 708 690 112 
3 690 708 430 
3 930 690 430 
3 795 947 63 
3 795 648 947 
3 226 93 429 
3 93 226 430 
3 848 63 858 
3 848 795 63 
3 429 848 858 
3 848 429 388 
3 795 848 648 
3 848 388 624 
3 843 848 624 
3 648 848 843 
3 732 866 612 
3 866 732 430 
3 226 866 430 
3 700 866 563 
3 612 866 255 
3 866 700 255 
3 866 370 563 
3 370 866 226 
3 370 226 429 
3 370 429 675 
3 370 675 883 
3 563 370 883 
3 695 423 628 
3 423 695 820 
3 695 628 912 
3 695 606 820 
3 606 695 262 
Vertices and facets:
- p20(v21): 0.033 0.023 0.028
  neighbors: f78 f149 f201 f245 f239 f287 f289
- p912(v20): 0.036 0.037 0.0064
  neighbors: f149 f78 f237 f261 f235 f297 f298 f405
- p987(v11): -0.03 0.038 0.019
  neighbors: f78 f290 f289 f208 f296 f297
- p749(v23): 0.033 -0.011 0.036
  neighbors: f242 f161 f86 f91 f160 f238 f246 f247
- p352(v13): 0.032 -0.018 0.027
  neighbors: f86 f90 f91
- p883(v8): 0.033 -0.037 0.0026
  neighbors: f86 f89 f90 f96 f243 f107 f186 f242 f278 f401 f402
- p63(v24): -0.025 -0.037  0.02
  neighbors: f89 f90 f91 f246 f371 f382 f383
- p858(v3): -0.03 -0.042 0.0091
  neighbors: f89 f197 f107 f382 f384
- p983(v25): 0.035 -0.021 0.011
  neighbors: f96 f241 f243
- p820(v14): 0.036 -0.023 -0.025
  neighbors: f241 f186 f96 f356 f358 f404 f406
- p675(v28): -0.022 -0.04 -0.011
  neighbors: f107 f197 f400 f401
- p32(v30): -0.036 0.033 0.025
  neighbors: f204 f208 f206 f120 f121 f203 f198 f288 f290
- p85(v16): -0.037 0.0077 0.023
  neighbors: f121 f120 f219 f220
- p94(v10): -0.037 -0.019 0.025
  neighbors: f204 f220 f335 f120 f334 f343 f345
- p44(v1): -0.038 0.021 0.0013
  neighbors: f219 f210 f121 f206 f124 f205 f218 f299 f300
- p82(v31): -0.038 -0.011 -0.021
  neighbors: f124 f128 f127 f301 f299 f305 f306
- p624(v17): -0.038 -0.017 -0.012
  neighbors: f218 f124 f128 f184 f387 f388
- p112(v12): -0.036 -0.0042 -0.042
  neighbors: f305 f156 f127 f154 f319 f366 f368
- p726(v7): -0.036 -0.027 -0.031
  neighbors: f155 f193 f184 f154 f127 f128 f281 f283
- p628(v36): 0.036 0.026 0.017
  neighbors: f149 f245 f403 f405
- p455(v37): -0.023 -0.012 -0.053
  neighbors: f150 f284 f285
- p708(v22): -0.025 -0.0097 -0.053
  neighbors: f150 f284 f156 f155 f283 f368 f369
- p430(v4): -0.014 -0.011 -0.059
  neighbors: f267 f285 f329 f150 f326 f370 f362 f369 f380 f392 f393
- p211(v38): -0.035 -0.019 -0.037
  neighbors: f154 f155 f156
- p870(v39): 0.033 0.0048 0.037
  neighbors: f201 f239 f160 f238 f291 f293
- p565(v6): -0.028 0.0027 0.042
  neighbors: f292 f160 f203 f161 f198 f249 f291 f332 f333
- p967(v40): -0.026 -0.02 0.038
  neighbors: f161 f249 f247 f336 f338
- p584(v41): 0.0056 0.028 -0.052
  neighbors: f169 f168 f269 f262 f350 f351
- p588(v35): -0.031 0.043 0.00098
  neighbors: f169 f298 f237 f236 f168 f294 f309 f310
- p117(v5): 0.034 0.037 -0.012
  neighbors: f168 f236 f235 f261 f262
- p135(v9): -9.3e-05 0.027 -0.056
  neighbors: f331 f269 f169 f312 f309 f307 f311 f346 f348
- p388(v44): -0.036 -0.037 -0.0076
  neighbors: f193 f184 f385 f387
- p655(v45): 0.034 -0.029 -0.018
  neighbors: f186 f278 f358 f359
- p429(v46): -0.034 -0.039 -0.018
  neighbors: f385 f197 f193 f379 f281 f384 f399 f400
- p853(v47): -0.024 0.021 0.036
  neighbors: f198 f201 f288 f287 f292 f293
- p119(v48): -0.034 0.011 0.034
  neighbors: f204 f203 f332 f334
- p986(v49): -0.036 0.036 0.017
  neighbors: f205 f206 f208 f295 f296
- p840(v19): -0.036 0.038 -0.016
  neighbors: f303 f223 f205 f295 f210 f302 f294 f308 f310
- p547(v50): -0.038  0.02 -0.014
  neighbors: f210 f301 f300 f303 f306
- p843(v51): -0.038 -0.017 0.0097
  neighbors: f220 f219 f218 f345 f388 f389
- p642(v52): -0.033 0.031 -0.029
  neighbors: f313 f223 f308 f307 f311 f322 f323
- p5(v34): -0.035 0.022 -0.035
  neighbors: f320 f302 f223 f322 f324
- p141(v55): 0.033 0.038 -0.0038
  neighbors: f235 f236 f237
- p423(v56): 0.036 0.003 0.036
  neighbors: f238 f239 f241 f242 f243 f245 f403 f404
- p947(v57): -0.024 -0.023 0.036
  neighbors: f246 f247 f338 f371 f372
- p959(v58): -0.033 -0.019 0.034
  neighbors: f249 f335 f333 f336 f343
- p606(v59): 0.036 -0.014 -0.031
  neighbors: f259 f356 f357 f406 f407
- p262(v42): 0.036 0.0095 -0.034
  neighbors: f259 f264 f407
- p255(v26): 0.027 -0.0053 -0.056
  neighbors: f259 f268 f264 f355 f354 f357 f395 f396
- p695(v60): 0.036  0.03 -0.023
  neighbors: f261 f262 f264 f351 f355 f403 f404 f405 f406 f407
- p612(v61): 0.016 -0.0035 -0.059
  neighbors: f268 f267 f362 f391 f395
- p498(v43): 0.017 0.0064 -0.058
  neighbors: f329 f349 f268 f267 f352 f354
- p627(v62): 0.0053 0.023 -0.056
  neighbors: f269 f346 f350 f353
- p563(v63): 0.016 -0.025 -0.053
  neighbors: f394 f359 f278 f397 f402
- p93(v64): -0.017 -0.022 -0.049
  neighbors: f281 f285 f283 f284 f379 f380
- p136(v65): -0.033 0.033 0.025
  neighbors: f287 f288 f289 f290
- p583(v66): -0.023 0.015 0.038
  neighbors: f291 f292 f293
- p453(v67): -0.033 0.043 0.0051
  neighbors: f294 f295 f296 f297 f298
- p373(v68): -0.038 0.016 -0.013
  neighbors: f299 f300 f301
- p74(v69): -0.036 0.017 -0.035
  neighbors: f302 f303 f306 f305 f319 f320
- p751(v70): -0.03 0.036 -0.023
  neighbors: f307 f308 f309 f310
- p906(v71): -0.0095 0.026 -0.052
  neighbors: f311 f312 f313
- p573(v53): -0.0086 0.023 -0.056
  neighbors: f323 f313 f312 f327 f331
- p54(v73): -0.034 0.0078 -0.042
  neighbors: f325 f320 f319 f324 f366 f367
- p954(v74): -0.016 0.017 -0.054
  neighbors: f325 f322 f323 f324 f327 f328
- p930(v54): -0.023 0.00078 -0.054
  neighbors: f328 f325 f326 f367 f370
- p321(v75): -0.01 0.015 -0.058
  neighbors: f326 f327 f328 f329 f331 f348 f349
- p296(v76): -0.033 -0.0074 0.036
  neighbors: f332 f333 f334 f335
- p648(v77): -0.036 -0.034 0.024
  neighbors: f336 f345 f338 f372 f343 f386 f389
- p11(v78): 0.013 0.011 -0.058
  neighbors: f346 f349 f348 f352 f353
- p558(v79): 0.015 0.011 -0.058
  neighbors: f350 f351 f352 f353 f354 f355
- p700(v80): 0.025 -0.016 -0.054
  neighbors: f356 f357 f358 f359 f394 f396
- p732(v81): -0.001 -0.014 -0.058
  neighbors: f362 f391 f392
- p690(v82): -0.027 -0.0037 -0.053
  neighbors: f366 f367 f368 f369 f370
- p795(v83): -0.035 -0.038 0.019
  neighbors: f371 f372 f383 f386
- p226(v84): -0.0079 -0.023 -0.053
  neighbors: f380 f393 f379 f398 f399
- p848(v85): -0.036 -0.041 0.012
  neighbors: f382 f383 f384 f385 f386 f387 f388 f389
- p866(v86): 0.00095 -0.019 -0.058
  neighbors: f396 f391 f392 f393 f394 f395 f397 f398
- p370(v87): 0.0094 -0.027 -0.053
  neighbors: f397 f398 f399 f400 f401 f402
- f78
    - flags: bottom simplicial
    - normal:    0.1237   0.8285   0.5462
    - offset: -0.03834145
    - center: 0.01303153333333333 0.0324954 0.01795610666666667 
    - vertices: p20(v21) p912(v20) p987(v11)
    - neighboring facets: f297 f289 f149
- f86
    - flags: bottom simplicial
    - normal:    0.2261  -0.7683   0.5988
    - offset: -0.03735057
    - center: 0.03264666666666666 -0.02213823333333333 0.02164458 
    - vertices: p749(v23) p352(v13) p883(v8)
    - neighboring facets: f90 f242 f91
- f89
    - flags: top simplicial
    - normal:    0.1066  -0.9397   0.3249
    - offset: -0.03898427
    - vertices: p63(v24) p883(v8) p858(v3)
    - neighboring facets: f107 f382 f90
- f90
    - flags: top simplicial
    - normal:    0.1871   -0.776   0.6023
    - offset: -0.03635381
    - vertices: p63(v24) p352(v13) p883(v8)
    - neighboring facets: f86 f89 f91
- f91
    - flags: top simplicial
    - normal:    0.1849  -0.7716   0.6086
    - offset: -0.03637045
    - vertices: p63(v24) p749(v23) p352(v13)
    - neighboring facets: f86 f90 f246
- f96
    - flags: top simplicial
    - normal:    0.9931  -0.1131  0.03239
    - offset: -0.03716698
    - center: 0.03448333333333334 -0.02691756666666667 -0.003708286666666667 
    - vertices: p983(v25) p820(v14) p883(v8)
    - neighboring facets: f186 f243 f241
- f107
    - flags: bottom simplicial
    - normal:   0.06903   -0.994 -0.08496
    - offset: -0.03866006
    - vertices: p675(v28) p883(v8) p858(v3)
    - neighboring facets: f89 f197 f401
- f120
    - flags: bottom simplicial
    - normal:   -0.9689  0.01652    0.247
    - offset: -0.04122374
    - vertices: p32(v30) p85(v16) p94(v10)
    - neighboring facets: f220 f204 f121
- f121
    - flags: top simplicial
    - normal:   -0.9956  0.03394  0.08723
    - offset: -0.03871607
    - vertices: p32(v30) p85(v16) p44(v1)
    - neighboring facets: f219 f206 f120
- f124
    - flags: bottom simplicial
    - normal:        -1       -0        0
    - offset:   -0.03805
    - vertices: p82(v31) p624(v17) p44(v1)
    - neighboring facets: f218 f299 f128
- f127
    - flags: bottom simplicial
    - normal:   -0.9881 -0.06618  -0.1385
    - offset: -0.04122231
    - vertices: p82(v31) p112(v12) p726(v7)
    - neighboring facets: f154 f128 f305
- f128
    - flags: top simplicial
    - normal:   -0.9914  -0.1083 -0.07285
    - offset: -0.04046281
    - vertices: p82(v31) p624(v17) p726(v7)
    - neighboring facets: f184 f127 f124
- f149
    - flags: top simplicial tested
    - normal:    0.9191   0.2755   0.2815
    - offset: -0.04469059
    - center: 0.03481666666666667 0.02846726666666667 0.01721174 
    - vertices: p628(v36) p20(v21) p912(v20)
    - neighboring facets: f78 f405 f245
    - ridges:
- f150
    - flags: bottom simplicial
    - normal:   -0.4432  -0.5192  -0.7308
    - offset: -0.05465462
    - vertices: p455(v37) p708(v22) p430(v4)
    - neighboring facets: f369 f285 f284
- f154
    - flags: top simplicial
    - normal:   -0.9683  -0.1077  -0.2256
    - offset: -0.04434198
    - vertices: p211(v38) p112(v12) p726(v7)
    - neighboring facets: f127 f155 f156
- f155
    - flags: bottom simplicial
    - normal:   -0.6368  -0.4222  -0.6452
    - offset: -0.05413695
    - vertices: p211(v38) p708(v22) p726(v7)
    - neighboring facets: f283 f154 f156
- f156
    - flags: top simplicial
    - normal:   -0.7578  -0.2317    -0.61
    - offset: -0.05351964
    - vertices: p211(v38) p708(v22) p112(v12)
    - neighboring facets: f368 f154 f155
- f160
    - flags: top simplicial
    - normal:    0.0753  -0.1031   0.9918
    - offset: -0.03891143
    - center: 0.01262503333333333 -0.001217373333333334 0.03814746666666667 
    - vertices: p870(v39) p749(v23) p565(v6)
    - neighboring facets: f161 f291 f238
- f161
    - flags: bottom simplicial
    - normal:   0.05982  -0.1684   0.9839
    - offset: -0.0388444
    - vertices: p967(v40) p749(v23) p565(v6)
    - neighboring facets: f160 f249 f247
- f168
    - flags: bottom simplicial
    - normal:   0.05096   0.9714   -0.232
    - offset: -0.03995606
    - center: 0.002999516666666665 0.03593916666666667 -0.02109134866666667 
    - vertices: p584(v41) p588(v35) p117(v5)
    - neighboring facets: f236 f262 f169
- f169
    - flags: top simplicial
    - normal:  0.0009858   0.9645  -0.2642
    - offset: -0.0411697
    - vertices: p584(v41) p588(v35) p135(v9)
    - neighboring facets: f309 f269 f168
- f184
    - flags: bottom simplicial
    - normal:   -0.9885  -0.1406 -0.05582
    - offset: -0.04071478
    - vertices: p388(v44) p624(v17) p726(v7)
    - neighboring facets: f128 f193 f387
- f186
    - flags: bottom simplicial
    - normal:    0.9458  -0.3161  -0.0749
    - offset: -0.0427928
    - center: 0.03436736666666666 -0.02937693333333333 -0.01339895333333333 
    - vertices: p655(v45) p820(v14) p883(v8)
    - neighboring facets: f96 f278 f358
- f193
    - flags: bottom simplicial
    - normal:   -0.9771  -0.1979 -0.07861
    - offset: -0.04258301
    - vertices: p429(v46) p388(v44) p726(v7)
    - neighboring facets: f184 f281 f385
- f197
    - flags: bottom simplicial
    - normal:   0.01948  -0.9944  -0.1034
    - offset: -0.03999318
    - vertices: p429(v46) p675(v28) p858(v3)
    - neighboring facets: f107 f384 f400
- f198
    - flags: bottom simplicial
    - normal:   -0.4512   0.3413   0.8246
    - offset: -0.04811811
    - vertices: p853(v47) p32(v30) p565(v6)
    - neighboring facets: f203 f292 f288
- f201
    - flags: bottom simplicial
    - normal:    0.1128    0.441   0.8904
    - offset: -0.03897613
    - center: 0.014023 0.01628928 0.03393003333333333 
    - vertices: p853(v47) p870(v39) p20(v21)
    - neighboring facets: f239 f287 f293
- f203
    - flags: top simplicial
    - normal:   -0.7128   0.1975    0.673
    - offset: -0.04884539
    - vertices: p119(v48) p32(v30) p565(v6)
    - neighboring facets: f198 f332 f204
- f204
    - flags: bottom simplicial
    - normal:   -0.9662  0.01638   0.2572
    - offset: -0.04138148
    - vertices: p119(v48) p32(v30) p94(v10)
    - neighboring facets: f120 f334 f203
- f205
    - flags: bottom simplicial
    - normal:    -0.988   0.1545 0.007607
    - offset: -0.04089244
    - vertices: p986(v49) p840(v19) p44(v1)
    - neighboring facets: f210 f206 f295
- f206
    - flags: top simplicial
    - normal:   -0.9925   0.1119  0.04884
    - offset: -0.0402108
    - vertices: p986(v49) p32(v30) p44(v1)
    - neighboring facets: f121 f205 f208
- f208
    - flags: bottom simplicial
    - normal:   -0.3572   0.8561   0.3735
    - offset: -0.05038311
    - vertices: p986(v49) p32(v30) p987(v11)
    - neighboring facets: f290 f296 f206
- f210
    - flags: top simplicial
    - normal:   -0.9936   0.1047 -0.04141
    - offset: -0.03998519
    - vertices: p547(v50) p840(v19) p44(v1)
    - neighboring facets: f205 f300 f303
- f218
    - flags: top simplicial
    - normal:   -0.9998 -0.006807  0.02042
    - offset: -0.03792197
    - vertices: p843(v51) p624(v17) p44(v1)
    - neighboring facets: f124 f219 f388
- f219
    - flags: bottom simplicial
    - normal:   -0.9977 0.003671  0.06819
    - offset: -0.03812546
    - vertices: p843(v51) p85(v16) p44(v1)
    - neighboring facets: f121 f218 f220
- f220
    - flags: top simplicial
    - normal:   -0.9975 0.002398  0.07066
    - offset: -0.03816538
    - vertices: p843(v51) p85(v16) p94(v10)
    - neighboring facets: f120 f345 f219
- f223
    - flags: bottom simplicial
    - normal:   -0.8484    0.378  -0.3707
    - offset: -0.05056394
    - vertices: p642(v52) p5(v34) p840(v19)
    - neighboring facets: f302 f308 f322
- f235
    - flags: bottom simplicial
    - normal:    0.5596   0.8271 -0.05321
    - offset: -0.04999141
    - center: 0.03434543333333333 0.03701036666666667 -0.003053493333333334 
    - vertices: p141(v55) p912(v20) p117(v5)
    - neighboring facets: f261 f236 f237
- f236
    - flags: top simplicial
    - normal:   0.06964    0.987  -0.1446
    - offset: -0.04013738
    - vertices: p141(v55) p588(v35) p117(v5)
    - neighboring facets: f168 f235 f237
- f237
    - flags: bottom simplicial
    - normal:   0.08678    0.993  0.07988
    - offset: -0.04008454
    - vertices: p141(v55) p588(v35) p912(v20)
    - neighboring facets: f298 f235 f236
- f238
    - flags: bottom simplicial tested
    - normal:    0.3634 -0.09634   0.9267
    - offset: -0.04606805
    - center: 0.03398333333333333 -0.001132010000000001 0.03627130000000001 
    - vertices: p423(v56) p870(v39) p749(v23)
    - neighboring facets: f160 f242 f239
- f239
    - flags: top simplicial tested
    - normal:    0.5932   0.3573   0.7214
    - offset: -0.04821455
    - center: 0.03398333333333333 0.01012562333333333 0.03387516666666666 
    - vertices: p423(v56) p870(v39) p20(v21)
    - neighboring facets: f201 f245 f238
- f241
    - flags: bottom simplicial tested
    - normal:    0.9969 -0.07279  0.03069
    - offset: -0.0364282
    - center: 0.03531666666666667 -0.01365285666666667 0.007432399999999998 
    - vertices: p423(v56) p983(v25) p820(v14)
    - neighboring facets: f96 f404 f243
    - ridges:
- f242
    - flags: bottom simplicial tested
    - normal:    0.9744  -0.1772   0.1381
    - offset: -0.0391898
    - center: 0.03398333333333332 -0.01499475666666667 0.02474168 
    - vertices: p423(v56) p749(v23) p883(v8)
    - neighboring facets: f86 f243 f238
- f243
    - flags: top simplicial tested
    - normal:    0.9812  -0.1565    0.113
    - offset: -0.03858496
    - center: 0.03448333333333333 -0.01833119 0.01665321333333333 
    - vertices: p423(v56) p983(v25) p883(v8)
    - neighboring facets: f96 f242 f241
- f245
    - flags: bottom simplicial tested
    - normal:    0.9362   0.2247   0.2702
    - offset: -0.04378425
    - center: 0.03481666666666667 0.01721471 0.0270935 
    - vertices: p423(v56) p628(v36) p20(v21)
    - neighboring facets: f149 f239 f403
    - ridges:
- f246
    - flags: bottom simplicial
    - normal:    0.1442  -0.7223   0.6764
    - offset: -0.03688048
    - vertices: p947(v57) p63(v24) p749(v23)
    - neighboring facets: f91 f247 f371
- f247
    - flags: top simplicial
    - normal:    0.1178  -0.5868   0.8011
    - offset: -0.03893052
    - vertices: p947(v57) p967(v40) p749(v23)
    - neighboring facets: f161 f246 f338
- f249
    - flags: bottom simplicial
    - normal:    -0.495  -0.2099   0.8431
    - offset: -0.04863631
    - vertices: p959(v58) p967(v40) p565(v6)
    - neighboring facets: f161 f333 f336
- f259
    - flags: top simplicial tested
    - normal:     0.941 -0.03528  -0.3366
    - offset: -0.04449704
    - center: 0.0328091 -0.00315713 -0.04014396666666667 
    - vertices: p606(v59) p262(v42) p255(v26)
    - neighboring facets: f264 f357 f407
    - ridges:
- f261
    - flags: top simplicial tested
    - normal:    0.9372   0.3403 -0.07685
    - offset: -0.04542068
    - center: 0.03517876666666667 0.03443483333333333 -0.009538359999999999 
    - vertices: p695(v60) p912(v20) p117(v5)
    - neighboring facets: f235 f262 f405
    - ridges:
- f262
    - flags: bottom simplicial tested
    - normal:     0.365   0.8288   -0.424
    - offset: -0.04776503
    - center: 0.02517168333333333 0.03162613333333333 -0.02915976666666666 
    - vertices: p695(v60) p584(v41) p117(v5)
    - neighboring facets: f168 f261 f351
- f264
    - flags: bottom simplicial tested
    - normal:     0.842   0.2418  -0.4823
    - offset: -0.04848473
    - center: 0.0328091 0.01143057 -0.0375217 
    - vertices: p695(v60) p262(v42) p255(v26)
    - neighboring facets: f259 f355 f407
    - ridges:
- f267
    - flags: top simplicial
    - normal:  3.492e-06  0.00125       -1
    - offset: -0.05850005
    - vertices: p612(v61) p498(v43) p430(v4)
    - neighboring facets: f329 f362 f268
- f268
    - flags: bottom simplicial
    - normal:    0.2431 -0.01728  -0.9698
    - offset: -0.06081034
    - center: 0.02028966666666667 -0.0007750333333333332 -0.05760123333333333 
    - vertices: p612(v61) p498(v43) p255(v26)
    - neighboring facets: f354 f395 f267
- f269
    - flags: top simplicial
    - normal:    0.3719   0.5673  -0.7347
    - offset: -0.05670177
    - vertices: p627(v62) p584(v41) p135(v9)
    - neighboring facets: f169 f346 f350
- f278
    - flags: bottom simplicial
    - normal:    0.4497  -0.8362   -0.314
    - offset:  -0.044868
    - center: 0.02793003333333334 -0.03014556666666667 -0.02261475333333333 
    - vertices: p563(v63) p655(v45) p883(v8)
    - neighboring facets: f186 f402 f359
- f281
    - flags: bottom simplicial
    - normal:   -0.3673  -0.7095  -0.6014
    - offset: -0.05106965
    - vertices: p93(v64) p429(v46) p726(v7)
    - neighboring facets: f193 f283 f379
- f283
    - flags: top simplicial
    - normal:   -0.4897  -0.5475  -0.6786
    - offset: -0.05336956
    - vertices: p93(v64) p708(v22) p726(v7)
    - neighboring facets: f155 f281 f284
- f284
    - flags: top simplicial
    - normal:   -0.4564  -0.5346  -0.7112
    - offset: -0.05411395
    - vertices: p93(v64) p455(v37) p708(v22)
    - neighboring facets: f150 f283 f285
- f285
    - flags: bottom simplicial
    - normal:   -0.4392  -0.5296  -0.7257
    - offset: -0.05441555
    - vertices: p93(v64) p455(v37) p430(v4)
    - neighboring facets: f150 f380 f284
- f287
    - flags: bottom simplicial
    - normal:   0.08167   0.7074    0.702
    - offset: -0.03862995
    - vertices: p136(v65) p853(v47) p20(v21)
    - neighboring facets: f201 f289 f288
- f288
    - flags: top simplicial
    - normal:  -0.09331   0.6364   0.7657
    - offset: -0.04364936
    - vertices: p136(v65) p853(v47) p32(v30)
    - neighboring facets: f198 f290 f287
- f289
    - flags: bottom simplicial
    - normal:   0.09345   0.7622   0.6406
    - offset: -0.03851602
    - vertices: p136(v65) p20(v21) p987(v11)
    - neighboring facets: f78 f290 f287
- f290
    - flags: top simplicial
    - normal:   -0.1196   0.8157    0.566
    - offset: -0.04546165
    - vertices: p136(v65) p32(v30) p987(v11)
    - neighboring facets: f208 f289 f288
- f291
    - flags: top simplicial
    - normal:    0.0614   0.2555   0.9648
    - offset: -0.03915888
    - vertices: p583(v66) p870(v39) p565(v6)
    - neighboring facets: f160 f292 f293
- f292
    - flags: bottom simplicial
    - normal:  0.009438   0.2779   0.9606
    - offset: -0.04051879
    - vertices: p583(v66) p853(v47) p565(v6)
    - neighboring facets: f198 f291 f293
- f293
    - flags: top simplicial
    - normal:    0.0682   0.2917   0.9541
    - offset: -0.03915627
    - vertices: p583(v66) p853(v47) p870(v39)
    - neighboring facets: f201 f291 f292
- f294
    - flags: bottom simplicial
    - normal:   -0.4823   0.8686  -0.1137
    - offset: -0.05211232
    - vertices: p453(v67) p588(v35) p840(v19)
    - neighboring facets: f310 f295 f298
- f295
    - flags: top simplicial
    - normal:   -0.8786    0.477  0.02349
    - offset: -0.04904874
    - vertices: p453(v67) p986(v49) p840(v19)
    - neighboring facets: f205 f294 f296
- f296
    - flags: bottom simplicial
    - normal:   -0.3527   0.8685   0.3483
    - offset: -0.05023969
    - vertices: p453(v67) p986(v49) p987(v11)
    - neighboring facets: f208 f297 f295
- f297
    - flags: top simplicial
    - normal:   0.07621   0.9546   0.2878
    - offset: -0.03962863
    - vertices: p453(v67) p912(v20) p987(v11)
    - neighboring facets: f78 f296 f298
- f298
    - flags: top simplicial
    - normal:   0.08203   0.9878   0.1322
    - offset: -0.04005894
    - vertices: p453(v67) p588(v35) p912(v20)
    - neighboring facets: f237 f297 f294
- f299
    - flags: bottom simplicial
    - normal:   -0.9996  0.01527 -0.02264
    - offset: -0.03833238
    - vertices: p373(v68) p82(v31) p44(v1)
    - neighboring facets: f124 f300 f301
- f300
    - flags: top simplicial
    - normal:   -0.9983  0.04621 -0.03543
    - offset: -0.03892502
    - vertices: p373(v68) p547(v50) p44(v1)
    - neighboring facets: f210 f299 f301
- f301
    - flags: bottom simplicial
    - normal:   -0.9954  0.03517 -0.08915
    - offset: -0.03932531
    - vertices: p373(v68) p547(v50) p82(v31)
    - neighboring facets: f306 f299 f300
- f302
    - flags: top simplicial
    - normal:   -0.9561   0.1948  -0.2192
    - offset: -0.04495687
    - vertices: p74(v69) p5(v34) p840(v19)
    - neighboring facets: f223 f303 f320
- f303
    - flags: bottom simplicial
    - normal:   -0.9897  0.09495  -0.1068
    - offset: -0.0405324
    - vertices: p74(v69) p547(v50) p840(v19)
    - neighboring facets: f210 f302 f306
- f305
    - flags: top simplicial
    - normal:   -0.9938  0.03385  -0.1055
    - offset: -0.03962035
    - vertices: p74(v69) p82(v31) p112(v12)
    - neighboring facets: f127 f319 f306
- f306
    - flags: top simplicial
    - normal:   -0.9944   0.0374 -0.09883
    - offset: -0.03946298
    - vertices: p74(v69) p547(v50) p82(v31)
    - neighboring facets: f301 f305 f303
- f307
    - flags: top simplicial
    - normal:   -0.3303   0.7935  -0.5111
    - offset: -0.05039292
    - vertices: p751(v70) p642(v52) p135(v9)
    - neighboring facets: f311 f309 f308
- f308
    - flags: bottom simplicial
    - normal:   -0.3443   0.7925  -0.5035
    - offset: -0.0505983
    - vertices: p751(v70) p642(v52) p840(v19)
    - neighboring facets: f223 f310 f307
- f309
    - flags: bottom simplicial
    - normal:  -0.002463    0.964  -0.2659
    - offset: -0.04125393
    - vertices: p751(v70) p588(v35) p135(v9)
    - neighboring facets: f169 f307 f310
- f310
    - flags: top simplicial
    - normal:  -0.02126   0.9636  -0.2666
    - offset: -0.04181556
    - vertices: p751(v70) p588(v35) p840(v19)
    - neighboring facets: f294 f308 f309
- f311
    - flags: bottom simplicial
    - normal:   -0.3572   0.7621    -0.54
    - offset: -0.05115709
    - vertices: p906(v71) p642(v52) p135(v9)
    - neighboring facets: f307 f312 f313
- f312
    - flags: top simplicial
    - normal:    -0.367   0.7247  -0.5832
    - offset: -0.05256315
    - vertices: p906(v71) p573(v53) p135(v9)
    - neighboring facets: f331 f311 f313
- f313
    - flags: bottom simplicial
    - normal:   -0.4088   0.7053  -0.5792
    - offset: -0.05225231
    - vertices: p906(v71) p573(v53) p642(v52)
    - neighboring facets: f323 f311 f312
- f319
    - flags: top simplicial
    - normal:   -0.9045   0.1303   -0.406
    - offset: -0.04866233
    - vertices: p54(v73) p74(v69) p112(v12)
    - neighboring facets: f305 f366 f320
- f320
    - flags: bottom simplicial
    - normal:   -0.8478   0.2063  -0.4886
    - offset: -0.05082084
    - vertices: p54(v73) p74(v69) p5(v34)
    - neighboring facets: f302 f324 f319
- f322
    - flags: top simplicial
    - normal:   -0.5652   0.5055   -0.652
    - offset: -0.05337467
    - vertices: p954(v74) p642(v52) p5(v34)
    - neighboring facets: f223 f324 f323
- f323
    - flags: top simplicial
    - normal:   -0.5495   0.5234  -0.6512
    - offset: -0.05338913
    - vertices: p954(v74) p573(v53) p642(v52)
    - neighboring facets: f313 f322 f327
- f324
    - flags: bottom simplicial
    - normal:    -0.652   0.3199  -0.6874
    - offset: -0.05348171
    - vertices: p954(v74) p54(v73) p5(v34)
    - neighboring facets: f320 f322 f325
- f325
    - flags: top simplicial
    - normal:   -0.6453   0.2767  -0.7121
    - offset: -0.05395667
    - vertices: p954(v74) p54(v73) p930(v54)
    - neighboring facets: f367 f328 f324
- f326
    - flags: top simplicial
    - normal:   -0.3572  0.05373  -0.9325
    - offset: -0.05899005
    - vertices: p321(v75) p930(v54) p430(v4)
    - neighboring facets: f370 f329 f328
- f327
    - flags: bottom simplicial
    - normal:   -0.4519   0.3005    -0.84
    - offset: -0.05813943
    - vertices: p321(v75) p954(v74) p573(v53)
    - neighboring facets: f323 f331 f328
- f328
    - flags: top simplicial
    - normal:   -0.4951   0.2131  -0.8423
    - offset: -0.05745242
    - vertices: p321(v75) p954(v74) p930(v54)
    - neighboring facets: f325 f326 f327
- f329
    - flags: bottom simplicial
    - normal:  -2.782e-07 0.001257       -1
    - offset: -0.05850002
    - vertices: p321(v75) p498(v43) p430(v4)
    - neighboring facets: f267 f326 f349
- f331
    - flags: bottom simplicial
    - normal:  -0.09948   0.2562  -0.9615
    - offset: -0.06097699
    - vertices: p321(v75) p573(v53) p135(v9)
    - neighboring facets: f312 f348 f327
- f332
    - flags: top simplicial
    - normal:   -0.8116  0.04095   0.5828
    - offset: -0.04746742
    - vertices: p296(v76) p119(v48) p565(v6)
    - neighboring facets: f203 f333 f334
- f333
    - flags: bottom simplicial
    - normal:   -0.6102  -0.1603   0.7758
    - offset: -0.04924169
    - vertices: p296(v76) p959(v58) p565(v6)
    - neighboring facets: f249 f332 f335
- f334
    - flags: bottom simplicial
    - normal:    -0.955 0.003173   0.2967
    - offset: -0.04220369
    - vertices: p296(v76) p119(v48) p94(v10)
    - neighboring facets: f204 f335 f332
- f335
    - flags: top simplicial
    - normal:   -0.9252 -0.07675   0.3715
    - offset: -0.04450221
    - vertices: p296(v76) p959(v58) p94(v10)
    - neighboring facets: f343 f334 f333
- f336
    - flags: top simplicial
    - normal:   -0.4855  -0.4234   0.7649
    - offset: -0.04975777
    - vertices: p648(v77) p959(v58) p967(v40)
    - neighboring facets: f249 f338 f343
- f338
    - flags: bottom simplicial
    - normal:   -0.1165    -0.66   0.7422
    - offset: -0.0442063
    - vertices: p648(v77) p947(v57) p967(v40)
    - neighboring facets: f247 f336 f372
- f343
    - flags: bottom simplicial
    - normal:   -0.9239 -0.09238   0.3712
    - offset: -0.04474554
    - vertices: p648(v77) p959(v58) p94(v10)
    - neighboring facets: f335 f345 f336
- f345
    - flags: top simplicial
    - normal:   -0.9955 -0.07113  0.06226
    - offset: -0.03929145
    - vertices: p648(v77) p843(v51) p94(v10)
    - neighboring facets: f220 f343 f389
- f346
    - flags: top simplicial
    - normal:    0.1104   0.2326  -0.9663
    - offset: -0.06058125
    - vertices: p11(v78) p627(v62) p135(v9)
    - neighboring facets: f269 f348 f353
- f348
    - flags: bottom simplicial
    - normal:   0.02279   0.1632  -0.9863
    - offset: -0.05981971
    - vertices: p11(v78) p321(v75) p135(v9)
    - neighboring facets: f331 f346 f349
- f349
    - flags: top simplicial
    - normal:  4.324e-06 0.001272       -1
    - offset: -0.0585002
    - vertices: p11(v78) p321(v75) p498(v43)
    - neighboring facets: f329 f352 f348
- f350
    - flags: bottom simplicial
    - normal:    0.5244   0.5121  -0.6803
    - offset: -0.05314008
    - vertices: p558(v79) p627(v62) p584(v41)
    - neighboring facets: f269 f351 f353
- f351
    - flags: top simplicial
    - normal:    0.5779   0.5252  -0.6246
    - offset: -0.05089267
    - vertices: p558(v79) p695(v60) p584(v41)
    - neighboring facets: f262 f350 f355
- f352
    - flags: top simplicial
    - normal:    0.2837   0.2415   -0.928
    - offset: -0.0607253
    - vertices: p558(v79) p11(v78) p498(v43)
    - neighboring facets: f349 f354 f353
- f353
    - flags: bottom simplicial
    - normal:    0.2771   0.3306  -0.9021
    - offset: -0.06012781
    - vertices: p558(v79) p11(v78) p627(v62)
    - neighboring facets: f346 f350 f352
- f354
    - flags: top simplicial
    - normal:    0.5939   0.3342  -0.7318
    - offset: -0.05519726
    - vertices: p558(v79) p498(v43) p255(v26)
    - neighboring facets: f268 f355 f352
- f355
    - flags: bottom simplicial
    - normal:    0.6748   0.4059  -0.6164
    - offset: -0.05056929
    - vertices: p558(v79) p695(v60) p255(v26)
    - neighboring facets: f264 f354 f351
- f356
    - flags: bottom simplicial tested
    - normal:    0.8848  -0.2589  -0.3874
    - offset: -0.04714165
    - center: 0.03214636666666667 -0.01747163333333333 -0.03658813333333334 
    - vertices: p700(v80) p606(v59) p820(v14)
    - neighboring facets: f406 f358 f357
    - ridges:
- f357
    - flags: top simplicial tested
    - normal:    0.8875  -0.2452    -0.39
    - offset: -0.04713313
    - center: 0.02930546666666666 -0.01162998666666666 -0.0468441 
    - vertices: p700(v80) p606(v59) p255(v26)
    - neighboring facets: f259 f396 f356
- f358
    - flags: top simplicial tested
    - normal:    0.6492  -0.6502  -0.3948
    - offset: -0.04783942
    - center: 0.03169706666666667 -0.02241066666666667 -0.03214983333333334 
    - vertices: p700(v80) p655(v45) p820(v14)
    - neighboring facets: f186 f356 f359
- f359
    - flags: top simplicial tested
    - normal:    0.6421  -0.6569  -0.3953
    - offset: -0.04779614
    - center: 0.02525973333333333 -0.0231793 -0.04136563333333334 
    - vertices: p700(v80) p563(v63) p655(v45)
    - neighboring facets: f278 f358 f394
- f362
    - flags: top simplicial
    - normal:  0.004688 -0.01799  -0.9998
    - offset: -0.05863444
    - vertices: p732(v81) p612(v61) p430(v4)
    - neighboring facets: f267 f392 f391
- f366
    - flags: top simplicial
    - normal:   -0.7715   0.1074  -0.6271
    - offset: -0.05331153
    - vertices: p690(v82) p54(v73) p112(v12)
    - neighboring facets: f319 f368 f367
- f367
    - flags: bottom simplicial
    - normal:   -0.6622    0.245  -0.7081
    - offset: -0.0541138
    - vertices: p690(v82) p54(v73) p930(v54)
    - neighboring facets: f325 f370 f366
- f368
    - flags: bottom simplicial
    - normal:   -0.7546  -0.1935  -0.6269
    - offset: -0.05396078
    - vertices: p690(v82) p708(v22) p112(v12)
    - neighboring facets: f156 f366 f369
- f369
    - flags: top simplicial
    - normal:   -0.4741   -0.121  -0.8721
    - offset: -0.0590085
    - vertices: p690(v82) p708(v22) p430(v4)
    - neighboring facets: f150 f370 f368
- f370
    - flags: bottom simplicial
    - normal:   -0.4288 -0.01429  -0.9033
    - offset: -0.05903063
    - vertices: p690(v82) p930(v54) p430(v4)
    - neighboring facets: f326 f369 f367
- f371
    - flags: top simplicial
    - normal:   0.03663   -0.728   0.6846
    - offset: -0.03993311
    - vertices: p795(v83) p947(v57) p63(v24)
    - neighboring facets: f246 f383 f372
- f372
    - flags: top simplicial
    - normal:  -0.02392  -0.7088    0.705
    - offset: -0.04171194
    - vertices: p795(v83) p648(v77) p947(v57)
    - neighboring facets: f338 f371 f386
- f379
    - flags: top simplicial
    - normal:   -0.3558  -0.7172  -0.5992
    - offset: -0.05093628
    - vertices: p226(v84) p93(v64) p429(v46)
    - neighboring facets: f281 f399 f380
- f380
    - flags: bottom simplicial
    - normal:   -0.4046   -0.546  -0.7336
    - offset: -0.05457152
    - vertices: p226(v84) p93(v64) p430(v4)
    - neighboring facets: f285 f393 f379
- f382
    - flags: top simplicial
    - normal:   0.08048  -0.9383   0.3364
    - offset: -0.03980985
    - vertices: p848(v85) p63(v24) p858(v3)
    - neighboring facets: f89 f384 f383
- f383
    - flags: top simplicial
    - normal:   0.06541  -0.9329   0.3541
    - offset: -0.0403354
    - vertices: p848(v85) p795(v83) p63(v24)
    - neighboring facets: f371 f382 f386
- f384
    - flags: bottom simplicial
    - normal:   -0.1333   -0.988 -0.07827
    - offset: -0.04451991
    - vertices: p848(v85) p429(v46) p858(v3)
    - neighboring facets: f197 f382 f385
- f385
    - flags: top simplicial
    - normal:   -0.9625  -0.2641 -0.06156
    - offset: -0.04436095
    - vertices: p848(v85) p429(v46) p388(v44)
    - neighboring facets: f193 f387 f384
- f386
    - flags: bottom simplicial
    - normal:   -0.9215  -0.3334   0.1992
    - offset: -0.04886243
    - vertices: p848(v85) p795(v83) p648(v77)
    - neighboring facets: f372 f389 f383
- f387
    - flags: top simplicial
    - normal:   -0.9903  -0.1356 -0.03143
    - offset: -0.04041173
    - vertices: p848(v85) p388(v44) p624(v17)
    - neighboring facets: f184 f388 f385
- f388
    - flags: bottom simplicial
    - normal:   -0.9962 -0.08492  0.02036
    - offset: -0.03914862
    - vertices: p848(v85) p843(v51) p624(v17)
    - neighboring facets: f218 f387 f389
- f389
    - flags: bottom simplicial
    - normal:   -0.9954 -0.08227  0.04867
    - offset: -0.03934962
    - vertices: p848(v85) p648(v77) p843(v51)
    - neighboring facets: f345 f388 f386
- f391
    - flags: bottom simplicial
    - normal:   0.02692 -0.05416  -0.9982
    - offset: -0.05903046
    - vertices: p866(v86) p732(v81) p612(v61)
    - neighboring facets: f362 f395 f392
- f392
    - flags: top simplicial
    - normal:  -0.008718 -0.07001  -0.9975
    - offset: -0.05925541
    - vertices: p866(v86) p732(v81) p430(v4)
    - neighboring facets: f362 f393 f391
- f393
    - flags: bottom simplicial
    - normal:   -0.2398  -0.5037    -0.83
    - offset: -0.05743401
    - vertices: p866(v86) p226(v84) p430(v4)
    - neighboring facets: f380 f392 f398
- f394
    - flags: bottom simplicial
    - normal:    0.2068  -0.2944  -0.9331
    - offset: -0.05992267
    - vertices: p866(v86) p700(v80) p563(v63)
    - neighboring facets: f359 f397 f396
- f395
    - flags: bottom simplicial
    - normal:    0.2028  -0.2321  -0.9513
    - offset: -0.0598118
    - vertices: p866(v86) p612(v61) p255(v26)
    - neighboring facets: f268 f396 f391
- f396
    - flags: top simplicial
    - normal:    0.2028  -0.2321  -0.9513
    - offset: -0.05981177
    - vertices: p866(v86) p700(v80) p255(v26)
    - neighboring facets: f357 f395 f394
- f397
    - flags: bottom simplicial
    - normal:   0.08947   -0.512  -0.8543
    - offset: -0.05931724
    - vertices: p370(v87) p866(v86) p563(v63)
    - neighboring facets: f394 f402 f398
- f398
    - flags: top simplicial
    - normal:   -0.1202  -0.6594  -0.7421
    - offset: -0.05536504
    - vertices: p370(v87) p866(v86) p226(v84)
    - neighboring facets: f393 f399 f397
- f399
    - flags: top simplicial
    - normal:   -0.1682  -0.8402  -0.5155
    - offset: -0.04780984
    - vertices: p370(v87) p226(v84) p429(v46)
    - neighboring facets: f379 f400 f398
- f400
    - flags: top simplicial
    - normal:   0.09611  -0.9689  -0.2281
    - offset: -0.03861375
    - vertices: p370(v87) p429(v46) p675(v28)
    - neighboring facets: f197 f401 f399
- f401
    - flags: top simplicial
    - normal:    0.1015  -0.9693  -0.2241
    - offset: -0.03846312
    - vertices: p370(v87) p675(v28) p883(v8)
    - neighboring facets: f107 f402 f400
- f402
    - flags: bottom simplicial
    - normal:    0.1945  -0.9459  -0.2597
    - offset: -0.04058996
    - vertices: p370(v87) p563(v63) p883(v8)
    - neighboring facets: f278 f401 f397
- f403
    - flags: top simplicial tricoplanar keepcentrum
    - owner of normal & centrum is facet f403
    - normal:         1        0        0
    - offset:   -0.03565
    - center: 0.03565 0.009829085714285713 -0.007654397142857144 
    - vertices: p695(v60) p423(v56) p628(v36)
    - neighboring facets: f245 f405 f404
- f404
    - flags: bottom simplicial tricoplanar
    - owner of normal & centrum is facet f403
    - normal:         1        0        0
    - offset:   -0.03565
    - center: 0.03565 0.009829085714285713 -0.007654397142857144 
    - vertices: p695(v60) p423(v56) p820(v14)
    - neighboring facets: f241 f406 f403
- f405
    - flags: top simplicial tricoplanar
    - owner of normal & centrum is facet f403
    - normal:         1        0        0
    - offset:   -0.03565
    - center: 0.03565 0.009829085714285713 -0.007654397142857144 
    - vertices: p695(v60) p628(v36) p912(v20)
    - neighboring facets: f149 f261 f403
- f406
    - flags: top simplicial tricoplanar
    - owner of normal & centrum is facet f403
    - normal:         1        0        0
    - offset:   -0.03565
    - center: 0.03565 0.009829085714285713 -0.007654397142857144 
    - vertices: p695(v60) p606(v59) p820(v14)
    - neighboring facets: f356 f404 f407
- f407
    - flags: bottom simplicial tricoplanar
    - owner of normal & centrum is facet f403
    - normal:         1        0        0
    - offset:   -0.03565
    - center: 0.03565 0.009829085714285713 -0.007654397142857144 
    - vertices: p695(v60) p606(v59) p262(v42)
    - neighboring facets: f259 f264 f406
