3
1000 164 246
-0.0254196 0.00510904 0.0177784 
-0.009140850000000001 -0.0061761 -0.0225678 
-0.027989 -0.00742856 0.0190884 
 0.015 -0.000410907 -0.0207183 
0.0307833 -0.0253427 -0.00215644 
-0.0036 0.00700198 0.0117969 
0.0152399 -0.0454984 -0.00132725 
-0.000352865 -0.00234171 0.0112466 
0.0091301 -0.0430016 0.00126294 
0.0133352 0.0385054 -0.00424161 
0.00208232 0.0348079 -0.00624245 
0.0333042 -0.0135386 0.0068097 
-0.00380094 0.00209523 -0.0105347 
-0.00914217 0.0254535 -0.00370657 
0.017445 -0.00366796 -0.0192786 
-0.0326129 0.0159628 -0.0154104 
0.00235841 -0.0267958 -0.00333967 
-0.0317812 -0.0206538 -0.000817661 
-0.0340039 -0.00309599 -0.019257 
0.00177317 0.00175916 0.021421 
0.00233915 -0.0356473 0.012693 
-0.0340599 0.0126894 0.015009 
-0.0103001 0.0374894 0.0147632 
 0.029 0.00407129 0.0206525 
0.0202117 -0.0067187 0.0182841 
-0.0126418 0.0104293 0.0198149 
-0.0282452 0.0121069 -0.0209205 
-0.0134 0.0169676 0.0136803 
0.030461 0.0188798 0.016114 
0.00943652 0.0384842 0.0125579 
-0.0091688 0.0198631 -0.00219259 
-0.0132784 -0.0232384 0.00714715 
-0.0120193 0.0196451 0.00562458 
0.0108017 0.0370017 -0.00188522 
-0.0171776 0.0369379 -0.00521914 
-0.00279101 -0.0146599 -0.0157266 
0.0234317 -0.0244713 -0.00713392 
-0.00892333 -0.000335383 0.0234706 
0.00402936 -0.0323922 -0.00321141 
-0.033532 -0.01549 -0.0165312 
-0.024266 -0.0160839 0.0120998 
0.00559826 -0.0319883 0.0062343 
-0.0132348 0.00778737 -0.0206868 
0.0215215 0.000294525 0.0256994 
0.025543 0.0221642 -0.00968663 
-0.0201822 -0.0141286 0.0187779 
-0.00564562 0.000300785 -0.0153924 
  0.03 -0.00434082 0.00401569 
0.0335 -0.0124515 -0.00471536 
0.0190895 3.94403e-05 -0.0194637 
-0.00571766 -0.000925672 -0.0227283 
-0.0134 -0.00989161 0.0114251 
0.010608 -0.00574915 0.0181003 
0.0118339 -0.0400022 0.00174762 
-0.0115412 -0.0181443 -0.0093572 
-0.0321 0.0207248 0.00200186 
0.0272449 0.00267226 -0.0265148 
0.0335 -0.00620888 -0.0131566 
-0.0289743 -0.0167674 -0.0117507 
-0.0242696 -0.0039033 -0.0197696 
-0.0268819 0.00729038 -0.0226067 
0.0135423 -0.00266037 0.0193166 
-0.00570707 0.0343085 -0.00172709 
-0.0209579 -0.0203759 0.00207694 
-0.0135351 -0.0209383 -0.0122287 
0.00832487 0.0300054 -0.00428779 
0.00842882 0.0318692 0.000489529 
0.0109774 -0.00727046 -0.0202318 
-0.0105196 0.0233925 -0.00565631 
  0.03 -0.00182041 0.0120061 
0.0108112 -0.0385117 0.009297110000000001 
-0.009900000000000001 -0.00223918 -0.0237533 
0.0123663 -0.00562905 0.0206664 
0.00295481 -0.0134441 -0.0121655 
-0.0134 -0.008205199999999999 0.019839 
0.00748265 -0.0384838 -0.012879 
-0.0159 0.000740082 0.0175435 
-0.0131399 -0.0068348 -0.021077 
-0.00339607 0.0299899 0.00805694 
0.0226 -0.0236457 0.00704896 
-0.0121667 -0.00621757 0.0215135 
-0.0163259 -0.00809734 -0.0187853 
0.0306999 0.0163953 -0.0195458 
-0.0102301 -0.0232367 0.00620152 
-0.0025411 -0.013276 0.0169101 
 0.029 0.00517701 0.0133002 
-0.0134 -0.0145284 0.00834523 
0.00384866 0.00189934 0.0214086 
-0.0271 -0.00192149 0.0195493 
-0.0064 -0.00752612 0.0170145 
-0.0064 0.0172333 0.00225078 
0.0227738 -0.0224991 -0.01183 
-0.0184634 0.0152725 0.0136646 
0.0298555 0.0132225 0.0218309 
 0.029 -0.00589502 0.0115918 
-0.008308950000000001 0.0113131 -0.016449 
 0.031 -0.0195161 0.009177370000000001 
-0.00965883 -0.0215843 0.00920665 
0.0204746 -0.0134214 0.0165859 
 0.031 0.0231018 0.00718708 
0.00161217 0.0342316 0.00574172 
 0.031 -0.0190008 -0.0146197 
-0.0210253 0.0129123 -0.0196216 
-0.00440598 -0.0133904 0.0077766 
0.0146205 0.00233424 0.0193575 
 0.029 0.00681815 -0.0150007 
0.0186687 0.00411771 -0.027926 
0.00341023 0.0217941 0.00473146 
0.00353571 0.0303305 -0.00471935 
0.00773699 -0.034894 0.00393689 
-0.0044 0.0120333 0.0006138269999999999 
-0.0107723 0.0385116 -0.009227900000000001 
-0.0134 0.00208775 0.0213436 
0.00634874 0.0305028 0.00556248 
0.0265776 -0.00112479 -0.0255135 
0.0305323 0.00357783 -0.0238936 
-0.0124431 -0.00557049 -0.0237039 
0.0108648 -0.0350119 0.00124423 
0.0176765 0.0134541 -0.0184891 
-0.00440016 -0.015008 0.00379854 
0.0178536 -0.0225166 0.0044376 
 0.031 0.0156887 -0.018371 
-0.0275741 -0.008947739999999999 -0.0184242 
-0.0122655 -0.0149158 -0.0167826 
0.0226 0.0250185 -0.0081717 
-0.00122012 -0.04301 0.007924840000000001 
0.0225446 0.0229267 0.0141617 
0.0176555 0.0133094 0.014146 
0.00637029 0.0330292 -0.00546096 
 0.031 -0.0221632 -0.00147872 
 0.031 0.0198901 -0.0135414 
-0.00185985 0.0360187 -0.0148046 
-0.0131338 0.009990840000000001 -0.0197864 
-0.0180361 0.0188358 0.008029959999999999 
0.000802853 -0.0143884 -0.0159668 
 0.033 0.0106811 0.00303313 
-0.0275943 0.00107248 0.0239542 
-0.0194633 -0.00992001 -0.0212988 
0.0246591 0.0217087 -0.0074642 
-0.0181375 -0.0165384 -0.0166843 
-0.009265539999999999 -0.0399883 0.00203056 
0.0120983 -0.0349995 -0.000407394 
 0.031 -0.00603322 0.0265144 
0.014689 0.015156 -0.0152237 
-0.0134 0.00887571 -0.0137158 
-0.0113426 0.0220994 0.00407136 
-0.0302515 -0.0177282 -0.0168458 
0.0177095 0.0382132 0.00313121 
0.007884209999999999 -0.029993 -0.00555337 
0.0262431 -0.0216331 0.00766791 
-0.034243 0.0193526 0.00598856 
-0.00224424 -0.0300105 0.008298730000000001 
0.0211 0.009673380000000001 -0.0195283 
-0.015025 -0.0203565 0.012276 
0.0292325 -0.0226175 0.008930499999999999 
-0.00355106 -0.00248954 0.010463 
0.00778017 -0.0188739 -0.00157568 
0.00275953 0.032202 0.00526877 
-0.0129828 -0.0188576 0.0122015 
 0.029 -0.009821750000000001 0.0137865 
0.000110426 -0.00766471 -0.0173611 
-0.0133523 -0.00301421 -0.0241048 
-0.0034 -0.000461324 -0.0110946 
0.0104632 -0.0187257 -0.00263196 
0.0202256 -0.0190934 -0.0035387 
0.00336277 -0.00469816 -0.020931 
0.0166753 0.00484528 -0.0213311 
0.00308484 -0.00730979 -0.0202171 
-0.0160572 0.0360033 -0.00259596 
-0.0321 -0.0116305 0.0182864 
-0.00228601 -0.0158648 0.00763445 
0.0186324 0.0224667 0.0136789 
 0.033 -0.0097955 0.00271558 
 0.033 -0.00713642 -0.00202919 
-0.00662927 0.0104007 -0.0209583 
0.000747224 0.025984 0.00985987 
0.0215095 0.010328 0.0210347 
-0.009900000000000001 -0.0148673 0.0176586 
-0.00621283 0.0157705 -0.000290737 
-0.00433765 -0.000592437 0.0124083 
0.00360231 -0.037912 0.00871882 
-0.00139163 -0.0219967 -0.00979988 
0.0287942 -0.009487829999999999 -0.0236587 
-0.017083 -0.0369795 -0.00560099 
0.0335 0.0121941 0.00435639 
-0.0064 -0.0121768 -0.0142005 
-0.00299104 -0.0417254 0.00896482 
0.00156638 0.0317549 -0.00567816 
0.0170689 -0.0051646 0.0187664 
-0.0337807 0.0185266 -0.00267819 
0.00135771 -0.0347919 -0.00648093 
-0.0341233 -0.0006364950000000001 0.0198995 
0.00784935 -0.0348014 0.00111146 
0.0140274 0.0359929 0.00565037 
0.0258866 0.00787173 -0.0242868 
-0.0321 0.00634979 0.0193179 
-0.00530272 -0.0347976 -0.00196158 
-0.0036 0.00963751 -0.00885815 
-0.0011 0.00629197 -0.0134387 
-0.021575 0.0125737 0.0161776 
-0.0100456 0.009600300000000001 0.0176712 
-0.00489478 0.0277745 -0.00336662 
-0.019726 -0.0213781 -0.00975417 
0.00119784 -0.00267745 -0.0213176 
-0.013331 -0.009298509999999999 0.0224377 
0.0162554 0.0361668 -0.00721331 
0.0312114 0.00144233 0.00642636 
-0.0158547 -0.0402371 -0.00488033 
-0.0131035 -0.00551083 0.0217737 
-0.0249095 0.0214746 0.009516220000000001 
-0.0122235 0.0106016 0.0197231 
-0.0036 -0.000152596 0.0144014 
-0.009900000000000001 -0.0135915 0.018957 
 0.031 -0.0164686 -0.0125593 
0.00894359 0.0189747 6.26968e-05 
-0.0103821 -0.0208149 -0.008455870000000001 
-0.0103476 -0.0355199 -0.00362209 
-0.0103964 -0.0430025 0.00196332 
0.0161291 -0.0417638 -0.00485387 
-0.0134 0.0184807 0.010762 
-0.0321 0.0107092 -0.0169795 
-0.000180831 0.0124344 0.000223047 
0.0242486 0.0246484 -0.0103371 
-0.0159 -0.0149079 0.0106824 
0.0226 -0.00113891 0.025203 
-0.0271 -0.0131341 0.0145076 
0.0324875 -0.0224294 -0.0159047 
0.0314581 0.0152922 -0.00465731 
-0.031049 0.00669296 -0.0235011 
0.0201218 0.0119159 -0.0153009 
0.0241978 0.0189164 0.0150142 
-0.0332009 0.00394353 0.018065 
-0.0064 0.0174164 -0.00346915 
0.0116237 0.0214843 0.00145868 
-0.0211701 -0.016805 -0.0116786 
-0.0011 0.00484284 0.0157652 
-0.0134 -0.0148194 -0.0038542 
0.0140368 -0.0192793 0.00221994 
-0.000431266 0.0347921 0.00632805 
 0.031 -0.0226821 -0.00410371 
0.00666451 -0.0359827 -0.013729 
0.0154148 0.0360039 -0.0030831 
-0.0331062 0.0144791 -0.0154091 
-0.0321 0.0214962 0.00191307 
-0.0332709 0.0216262 0.00037632 
-0.0321 0.0199401 -0.00726688 
0.00742435 0.0329981 0.00396277 
0.00635132 -0.0403917 0.00384152 
-0.0168429 -0.0170234 0.0113828 
-0.00848583 0.0273686 0.00501912 
0.00926781 -0.00213745 -0.0213603 
-0.03074 0.0198772 -0.0049497 
-0.0134 0.0105959 0.0130175 
-0.0120422 0.00356105 0.0221564 
0.000277711 0.0227973 0.0099229 
0.0330514 0.00784168 0.009021370000000001 
0.0186 0.0240354 -0.00409965 
-0.0047662 -0.0354722 0.00722269 
0.0045 -0.0327955 -0.00147393 
-0.00158429 -0.0317488 0.00133528 
-0.0036 0.0118783 0.00518238 
-0.00289166 0.0385171 -0.0135746 
-0.0154544 -0.0359958 -0.00335621 
-0.0317985 0.0166443 -0.0122721 
-0.0321 -0.0189738 -0.000621158 
-0.0134 -0.0158293 -0.0145986 
 0.033 -0.00620707 -0.009211779999999999 
-0.0321 -0.0172893 0.014273 
0.0318054 0.0243282 -0.00761927 
-0.0104734 -0.000377473 0.0224423 
0.0233272 0.0193017 0.0147089 
-0.000801782 -0.00661634 0.0204025 
-0.0318895 0.0199097 0.00597483 
0.00624317 0.0181852 0.00524037 
-0.0328759 -0.0115026 -0.0144428 
0.0210662 -0.0149891 0.0127186 
0.0289806 -0.007815559999999999 0.021632 
0.0039709 -0.0267984 -0.00128273 
-0.0064 -0.00421843 0.0167013 
-0.0192872 -0.0204537 -0.000117305 
0.0144495 0.019306 -0.00187618 
-0.0230076 0.0145873 -0.0184096 
-0.0209293 0.00623041 0.0195113 
-0.00398268 -0.0107262 -0.000561188 
 0.029 -0.0101143 0.00810396 
-0.00421888 0.0227378 0.00422867 
0.0138487 0.0203829 -0.00678573 
-0.00912089 0.00682556 -0.0223786 
0.0285334 -0.0201267 0.0109681 
0.00343464 -0.0347908 -0.00733999 
-0.00297427 0.020178 -0.009493059999999999 
-0.0135183 -0.00985395 0.0112882 
-0.0249991 -0.0182246 0.00403541 
 0.033 0.00229433 -0.005604 
0.0217269 0.0190133 0.0137727 
0.020485 -0.0249139 0.00608918 
-0.00651453 -0.0197178 0.00301015 
 0.031 -0.0132198 -0.0182298 
-0.0101267 -0.00362127 0.0224417 
0.0201341 -0.00742741 -0.0195979 
0.00400755 -0.039006 0.00470285 
-0.0339018 -0.0142608 0.0177668 
-0.0036 0.0137029 0.00327108 
-0.0210018 -0.0129788 0.0158271 
-0.008459650000000001 0.0350104 -0.008244370000000001 
0.00329462 0.0301105 -0.0049394 
-0.0309196 0.0239424 0.0049283 
0.0147023 0.0182 0.01143 
-0.0189632 0.019357 0.00672618 
-0.00548568 0.0168744 0.0148956 
-0.0149391 -0.035996 -0.00323589 
0.0172046 -0.0455034 0.00271063 
0.0153033 -0.0399959 -0.00326759 
0.0120682 0.0043288 0.0187722 
-0.0103664 0.00469947 0.0220362 
-6.052e-05 0.00334658 0.0119569 
0.0127324 0.00906448 0.0194929 
0.00967631 -0.0378902 0.0151131 
 0.029 -0.0176868 0.00226859 
-0.009900000000000001 0.00780133 -0.0222888 
0.00893121 -0.0279406 -0.00418022 
0.0228255 -0.0227561 -0.0169664 
 0.031 -0.0246962 0.00270909 
0.0094526 0.00306164 0.0187018 
 0.033 0.000211611 0.0116854 
-0.0122696 0.00876264 -0.0206821 
-0.00625933 0.00098683 -0.0158077 
-0.00161882 0.0381642 -0.0135202 
-0.00621525 -0.0423088 0.007929429999999999 
  0.03 0.00781032 -0.00236988 
-0.00165391 0.00728973 -0.0170023 
0.0225958 0.00515732 -0.0232124 
-0.0159 -0.00728533 -0.0142747 
0.0207297 -0.0192257 0.0167674 
-0.0102026 -0.0219624 -0.00973802 
-0.0209367 -0.0175148 0.010527 
0.00772323 -0.0175962 -0.00693879 
0.00731291 -0.0410132 0.00757882 
-0.0321876 0.0220767 0.000380197 
-0.0112973 0.0360083 -0.0065922 
0.0231708 -0.000728619 0.0274892 
0.0139356 -0.0186187 -0.00552332 
 0.031 0.00559457 -0.0230874 
0.0211 -0.0164912 0.0142067 
-0.0036 0.0143786 0.00245405 
-0.0113828 -0.0162781 0.0155205 
0.00885034 0.0112419 0.0152499 
-0.00129274 0.0113057 -0.00196086 
0.0009926360000000001 0.0189012 0.010452 
-0.0011 0.0160457 -0.000142315 
-0.0036449 0.00660413 0.0204541 
0.0062345 -0.00567667 0.0181167 
0.0167384 -0.008490360000000001 0.0201884 
-0.00658704 0.00718496 0.0185574 
0.00850679 -0.0399916 -0.00670646 
-0.00361635 0.0120565 -0.0046243 
0.00308955 -0.0406349 -0.00687108 
0.0335 0.0211117 0.0148472 
-0.000938654 0.00372241 -0.0181475 
0.0226 0.00532527 -0.0270467 
-0.0333914 0.0151359 0.017837 
-0.0134 -0.00788733 -0.0197444 
0.00187921 0.0347547 -0.007913959999999999 
-0.0134 -0.011629 -0.0175933 
-0.00592858 0.0252366 9.08504e-05 
-0.0231758 -0.0227303 0.00596492 
-0.0206478 -0.0216278 -0.009188480000000001 
-0.00131215 0.0102914 0.00505874 
-0.0175869 0.00122226 0.020399 
0.0211 0.0167972 -0.0145728 
0.027932 -0.0197582 -0.01891 
 0.031 0.00375585 0.0222308 
-0.0183339 0.0203037 -0.00272102 
0.0286 -0.008667029999999999 0.0221845 
0.00296404 0.0299887 0.00899206 
0.0288535 0.0117525 0.022627 
0.0291476 -0.00995801 -0.008225140000000001 
0.0230684 -0.0214564 -0.0156544 
0.0209844 0.0233344 -0.0109414 
0.00161209 0.0313151 0.00573807 
0.0322345 0.0197454 0.0177435 
0.0109977 0.0380048 0.00754548 
-0.00598933 -0.0137935 0.00705575 
-0.0325212 -0.0180443 0.00376634 
-0.01008 -0.00400711 -0.0223955 
0.00432936 0.00615179 0.0179647 
-0.0271 -0.0155727 -0.0121446 
0.0161517 -0.0359922 -0.0062338 
-0.0118778 -0.00203032 0.0203061 
0.0264433 0.0257941 -0.012091 
-0.0113761 0.00608588 0.0216298 
-0.009900000000000001 0.0217637 0.00765168 
0.00820569 0.0196564 0.008675739999999999 
0.0148005 0.0144684 -0.0129215 
-0.0027559 0.0299897 0.008200310000000001 
0.00588888 0.0384794 0.0163784 
0.026598 0.0189814 0.0162467 
0.0229544 0.0189605 -0.0170648 
-0.0134 0.0027449 -0.0185241 
0.0175378 -0.0399979 -0.00169808 
-0.00360646 -0.0064596 -0.0112113 
-0.0246769 -0.0231511 0.00401317 
0.00579491 -0.0185617 -0.00364559 
 0.031 0.0147901 -0.0144289 
 0.033 -0.00368563 -0.0077024 
0.0102002 0.0155854 -0.0108327 
 0.029 0.0115728 0.0101161 
-0.0159 -0.00723385 0.0152624 
-0.0045 -0.0319899 -0.00283625 
-0.013037 0.037317 0.0124373 
 0.029 0.0158376 -0.0035577 
0.00941821 0.0350086 -0.00682826 
0.017612 0.0111013 0.0159023 
-0.00459735 -0.00720207 -0.0153225 
 0.031 0.00689828 -0.0153835 
-0.0336011 0.0220283 -0.00222858 
0.0265574 0.0205387 0.0141683 
-0.0134 -0.00302878 -0.0207277 
-0.00167987 0.0181536 0.0114382 
0.00121925 0.03479 0.0079755 
-0.00565784 0.0359842 0.0125483 
-0.0112579 0.0100914 0.019995 
-0.0302129 0.00270838 0.0203044 
-0.00795214 -0.0360198 0.015686 
0.00844749 0.0320792 -0.000291163 
0.0136061 -0.0118177 0.0179436 
0.0257707 -0.0224931 0.00479216 
-0.0179494 0.0365536 -0.0009499829999999999 
-0.0127585 -0.0206458 -0.00888017 
-0.0118188 -0.0191596 0.00711714 
0.0228888 0.0232993 0.0163639 
-0.011064 0.0204183 0.0129691 
0.0149343 0.0360039 -0.00309953 
0.00554106 -0.00755127 0.0201122 
-0.0154321 -0.0385036 0.00285231 
-0.0159 0.0189939 0.00638804 
-0.0159 0.011562 -0.0138414 
0.0107688 0.0155516 0.0108951 
0.0100597 -0.01418 -0.0125788 
0.0018483 -0.00335043 0.0212235 
0.0211 -0.0199309 -0.000191582 
-0.009900000000000001 0.0203478 -0.011367 
-0.0138078 -0.0366531 0.0062719 
0.007930339999999999 0.0111619 0.018292 
 0.031 -0.0146797 0.017515 
0.0125684 -0.0211897 -0.00358892 
-0.010317 0.0211589 -0.00738949 
-0.00608475 -0.0249054 0.00776494 
0.0226 0.023631 0.00175883 
0.0200332 0.0254101 -0.00200603 
-0.0307854 0.0154315 0.0151185 
-0.0125933 0.00469947 0.0239598 
0.00536343 0.0198845 0.00889649 
-0.0134069 0.015912 -0.0183238 
0.0211 -0.0204408 0.00869174 
0.0267461 0.000797437 -0.0276591 
-0.0036 -0.012088 -0.00502106 
-0.0299838 0.000823746 0.0244454 
 0.031 -0.0135385 -0.0136349 
0.00597127 -0.0299905 -0.00760123 
-0.00769724 -0.0137552 -0.0189396 
-0.0109023 0.0142633 -0.0173687 
0.00914412 0.0204741 0.00671247 
0.0241687 -0.0213737 0.00848699 
-0.0234336 0.0105768 -0.0209696 
-0.0141286 -0.0159113 -0.00755582 
-0.0045 -0.0276974 -0.00199853 
-0.0307946 0.0193516 0.0067142 
0.0126776 -0.0190216 -0.00991586 
-0.0164032 0.036979 -0.00733861 
 0.004 -0.0169941 0.00815743 
0.0174905 0.0181451 -0.0070323 
-0.0238213 0.0225815 -0.00645421 
0.0210529 0.0252785 -0.00297375 
0.008543210000000001 -0.0188047 0.00202794 
-0.008498759999999999 -0.0149978 0.0179708 
 0.033 -0.008218609999999999 0.00792115 
-0.00160534 -0.0307651 -0.00138757 
0.0211 0.0217275 0.008142099999999999 
 0.029 -0.0152113 0.0129886 
-0.00142544 0.0361046 0.0177721 
 0.031 -0.0127893 -0.014853 
0.009833700000000001 0.0266201 -0.000443341 
0.008495880000000001 -0.0353807 -0.00191052 
-0.0159 -0.0122448 -0.0108346 
-0.0044 -0.00716428 -0.008436300000000001 
-0.00380448 -0.0342841 0.00420141 
 0.031 -0.0188812 -0.00436576 
0.00868408 0.0278273 0.00458475 
-0.0058004 -0.0286488 -0.00803797 
9.99999e-05 0.00882056 -0.00795936 
-0.0137684 0.0157903 -0.00575768 
0.0181233 0.011518 0.0202631 
-0.0194508 -0.022827 0.0055343 
0.024617 -0.0223553 0.00947111 
 0.031 -0.0199221 -0.00290802 
-0.0303979 -0.015394 0.0169796 
-1.341e-05 0.00165821 -0.0123888 
0.0328239 -0.0119818 -0.009993510000000001 
-0.0300376 -0.0198292 0.00516659 
0.0211 0.0208089 -0.00751289 
-0.0321 -0.00190019 -0.023507 
-0.0159 0.00939979 -0.0181708 
 0.031 -0.0240463 -0.0031624 
0.0186 -0.0210349 -0.0177421 
-0.00456136 0.00566813 0.0160994 
 0.029 0.00465659 -0.0157659 
0.0320234 0.00341897 -0.0230349 
-0.00284078 -0.0171485 -0.00664509 
-0.0064 -0.00194819 0.0180897 
0.0153578 -0.0399981 -0.00153619 
  0.03 0.00626814 -0.00707335 
0.00220451 0.0265635 0.00962521 
0.00269193 0.0384797 0.0161778 
-0.0183595 -0.0225333 -0.00662746 
-0.0134 0.00608147 -0.0137886 
0.0274169 0.0208258 0.016842 
0.0211 -0.00263391 0.023202 
-0.00233973 -0.0339006 -0.0081721 
0.00548047 -0.0154988 0.0109657 
0.0150074 -0.0144868 0.0129 
-0.0196367 -0.00932551 -0.0181638 
-0.0272091 -0.0219312 -0.00941663 
-0.0321 -0.0223423 -0.000532536 
-0.00996152 0.00403872 0.0221046 
0.009745820000000001 -0.0384888 -0.00891949 
-0.0314213 0.0101238 0.0178022 
0.0240212 0.0229179 0.00104577 
-0.016519 -0.0384941 -0.0046978 
0.00455228 0.00437355 0.0183816 
-0.0271 0.0195008 0.00466082 
-0.00697564 0.00386865 0.0195253 
-0.00710781 0.0178453 -0.008862760000000001 
0.0285223 -0.0246785 0.0102864 
-0.00496149 0.0100946 0.019622 
0.00587068 -0.0170657 -0.0130608 
 0.031 0.00490581 -0.0226258 
0.0335 0.0215508 -0.0094917 
0.0101297 -0.0226217 -3.83552e-05 
  0.03 -0.00507072 -0.00571557 
0.0297622 0.0190702 0.0160569 
0.00227314 -0.026795 -0.00402337 
-0.0045 -0.0306197 0.0029331 
0.00934608 0.0116476 -0.0149834 
-0.0126143 0.0219735 -0.00465646 
-0.0134 0.0172165 -0.00605851 
-0.00492566 0.00751105 0.0156376 
 0.029 0.00918358 0.0195993 
-0.0159625 0.0160068 0.0172964 
0.0224872 0.0222348 -0.00806261 
0.0251094 -0.02048 -0.0104338 
-0.0164659 -0.0160959 -0.0171221 
-0.0134 0.014841 -0.0161378 
-0.0171431 0.0367961 0.00535392 
-0.0321 -0.00652983 0.0174588 
-0.0134 0.00539985 0.0185263 
-0.0334624 -0.000726032 0.0244 
0.0198681 -0.0145309 0.0128482 
0.0333863 0.000453376 -0.0151028 
-0.0315699 -0.0225835 0.009368960000000001 
0.0285448 -0.0220479 -0.0064187 
-0.0285594 0.0178371 0.0100225 
0.010266 0.019566 0.008811869999999999 
0.0333286 0.0151119 -0.000652354 
0.0196581 0.0149884 0.02058 
0.0204391 0.0255482 -0.0124999 
-0.0159 0.016902 -0.009284769999999999 
0.028448 -0.0177999 -0.014499 
-0.00810658 -0.035532 -0.0031937 
0.0212406 0.00310863 -0.0264908 
-0.0058304 0.0277198 -0.00788296 
0.0123982 0.0193561 -0.009296260000000001 
-0.0102077 -0.0226088 -0.00187741 
0.0266644 -0.0250766 -0.00478864 
0.00250732 0.007824380000000001 -0.0200009 
 0.031 0.0046494 -0.0245929 
-0.0263389 0.0182187 0.0029256 
 0.033 -0.000208055 -0.00016784 
0.0200039 -0.00645442 -0.0246446 
0.00607018 -0.004165 0.0184442 
0.0335 0.0145878 -0.00115906 
 0.031 -0.0197489 0.00823458 
0.0177461 -0.0107977 0.0161612 
0.019728 -0.0230344 -0.0108701 
0.0296227 -0.0158021 -0.0200006 
-0.0321 -0.0161341 0.0138568 
0.0296886 0.00287764 -0.0283238 
0.0226 0.0148231 -0.0203562 
-0.0135468 0.0165127 -0.0177255 
-0.0271 -0.0124225 0.0149148 
-0.0248754 0.00050327 0.0188909 
-0.0271 -0.0141018 0.014133 
-0.0321 0.0151093 0.0120166 
-0.00823102 -0.00550306 -0.0227632 
-0.0202998 0.005526 0.0197377 
-0.00842594 0.034235 0.000510718 
  0.03 0.00821582 0.00562073 
0.0316672 -0.023677 0.011965 
 0.033 -0.00275929 0.00520157 
0.0035474 0.0384821 0.0142494 
-0.0102722 -0.0236243 -0.00413706 
-0.0287849 0.0178808 -0.0100218 
0.0211 -0.00729348 -0.0195059 
-0.00145288 -0.034248 0.00149691 
 0.031 0.013476 -0.0136822 
0.0131202 -0.0399944 -0.00451324 
-0.00184362 -0.0360213 0.0169302 
-0.00616746 0.0213145 -0.009656400000000001 
-0.0301431 0.00445798 0.0199863 
0.0119992 0.0133482 -0.0139186 
-0.0292703 0.0167518 -0.0117434 
-0.0064 -0.0136891 0.0104888 
0.0309352 0.0252348 0.0018179 
-0.00463046 -0.00755789 -0.0134468 
0.0295971 0.00203107 0.0128376 
0.0226 -0.0245038 -0.00437003 
0.0186 -0.0232573 -0.008749359999999999 
-0.00980759 -0.0290647 8.839960000000001e-05 
-0.0178296 -0.0399956 -0.00348982 
-0.0284114 -0.0051115 -0.0198061 
0.00139837 -0.0108849 -0.0152453 
0.0333419 -0.0236825 0.00864322 
-0.0117477 0.0122795 -0.0209016 
-0.0011 -0.0087264 0.0104622 
 0.029 0.0112942 0.0192696 
0.00738986 -0.0122606 0.0176156 
-0.0223438 0.0154667 0.0176909 
0.0294977 -0.0236785 -0.009480489999999999 
-0.0179792 -0.0377898 -0.000563296 
0.0226 0.0238923 -0.00216719 
-0.0064 -0.0162773 -0.00495034 
-0.00525099 -0.0348073 0.00576338 
-0.00630485 0.00846541 -0.0218059 
0.00171242 0.0124489 0.0175144 
-0.00511736 -0.0138338 -0.0173716 
-0.0036 -0.00974379 -0.009025790000000001 
0.0241388 0.00168098 0.0250415 
-0.0107013 0.0183461 -0.0155717 
0.008353370000000001 -0.0323462 0.000885054 
0.00439892 -0.0181353 0.0115258 
0.0203961 -0.039999 -0.000794756 
-0.0159 -0.0118656 -0.0125032 
-0.0267659 0.008328149999999999 -0.0221905 
0.009217360000000001 -0.0058308 0.0206082 
0.0045 -0.0318391 -0.00295575 
0.0180811 0.008613010000000001 0.0193523 
-0.00599636 -0.0430095 0.00755451 
0.0188418 -0.024543 0.009933289999999999 
-0.0108269 0.00393767 0.0200436 
-0.014852 -0.0238325 -0.000202471 
-0.0122074 0.0104482 -0.0219631 
0.0129715 -0.00539887 -0.0207474 
-0.00599497 -0.0428938 0.00780625 
-0.0333137 0.0191068 -0.0113216 
-0.0100562 -0.0385128 0.010138 
-0.0165487 -0.036244 -0.0069849 
0.0212018 -0.0192568 -0.015889 
-0.0159 0.0168354 0.009305000000000001 
-0.0011 -0.00516249 0.0125875 
-0.0159 -0.00974642 0.0138091 
-0.00521623 -0.0145717 -0.00521641 
0.0212825 -0.0189764 -0.013699 
0.0226 0.02199 0.0127823 
-0.012532 0.0230271 0.0079378 
-0.0044 -0.010376 0.0065895 
0.009069280000000001 -0.00396157 0.0185046 
0.0155689 -0.00364163 -0.019783 
0.0335 0.0086935 -0.0119139 
-0.0300519 -0.0154264 -0.0152231 
-0.0321 -0.0232882 -0.00032543 
0.00419599 0.0102404 0.0188501 
0.0006115680000000001 0.0180125 0.00576845 
0.0226 -0.00575916 0.0265172 
0.0226 0.00523754 0.0241117 
-0.00273848 -0.0390015 0.00115011 
-0.00601034 0.008541389999999999 -0.0130313 
-0.0134 -0.0117943 -0.0108642 
0.0204077 0.015489 -0.0117235 
-0.00544798 0.00119486 0.0174943 
0.0140405 0.00269374 0.0213243 
-0.0027303 0.0358189 -0.0126091 
0.0177561 0.0147243 0.0126588 
-0.0249666 0.0194071 0.00561481 
0.0023713 0.0112599 -0.0142307 
-0.00255808 0.00799946 -0.008261549999999999 
0.0112527 0.0384947 0.00421887 
0.024794 -0.00416099 0.0262206 
-0.0011 0.015148 -0.00447221 
-0.0242866 0.0180659 0.00885887 
-0.0180668 -0.0454122 0.0036777 
0.0265907 -0.00830388 -0.0241473 
0.0295333 -0.0021087 -0.0127389 
-0.0011 0.0159171 -0.00336226 
  0.03 -0.00902156 -0.00311837 
-0.00777698 0.0232195 -0.00661843 
0.00388416 -0.03598 -0.0159432 
-0.0109816 0.007934999999999999 0.0210244 
-0.0216309 -0.0129811 -0.0195853 
0.0211 0.00758299 -0.0218632 
-0.0061448 0.038483 0.0135382 
0.0333777 -0.00629575 0.0101153 
-0.0225746 -0.0164613 -0.0167606 
0.0173106 -0.0192593 -0.00229058 
-0.0159 0.0150741 0.00963725 
-0.033497 0.00656404 -0.0172649 
-0.00170499 0.0170621 0.00625181 
-0.00566791 0.0329182 0.00624635 
-0.0134 0.0185503 -0.0122673 
0.0266991 0.00119485 -0.0280848 
0.00403581 -0.0347923 -0.00616982 
-0.0134 0.00257763 0.0159696 
-0.00479619 -0.0183605 0.0119775 
-0.0036 -0.00754641 -0.0118224 
-0.00526207 -0.0172598 -0.0141828 
-0.0102685 0.0377355 0.00394093 
0.017673 0.0204672 -0.0100872 
0.0072528 0.030006 -0.00474786 
 0.029 0.020451 0.00982646 
-0.0186882 -0.0063161 -0.0194475 
-0.000592116 -0.0369545 -0.009488419999999999 
0.0208251 -0.00278443 0.0241817 
0.0036995 0.013195 0.0124984 
-0.0321 -0.0159353 -0.0173605 
0.0030084 -0.041566 -0.00906409 
 0.029 0.0119463 0.0189446 
-0.0011 -0.00186395 0.0175524 
-0.0134 -0.0160465 -0.0137744 
 0.034 -0.00499511 0.0116402 
-0.0011 0.0126453 0.0112159 
-0.0339838 0.0129864 0.0144654 
-0.0134 -0.00522181 -0.0212975 
0.0142084 0.0191704 0.00957248 
0.0124464 -0.0381208 0.0129537 
-0.0211896 0.00672642 0.0224968 
0.0272916 0.00195939 -0.0251886 
-0.0321 0.019438 0.0106916 
0.0317718 -0.0153095 -0.00439067 
-0.00304712 0.0244242 -0.00511375 
-0.00416268 0.00360093 0.0101321 
0.00528095 0.0380593 -0.009581279999999999 
0.0260708 0.0224414 0.00474406 
-0.0194251 -0.0189692 0.0138412 
-0.0341537 0.0042149 -0.0195627 
-0.0068273 -0.0299684 0.00710275 
-0.01109 -0.00873614 -0.0207041 
-0.0064 -0.00387133 0.0173882 
-0.0134 -0.0142176 0.00678064 
0.0050963 -0.018007 0.0117304 
-0.0134 0.0153368 -0.00429271 
-0.0019938 -0.0350154 0.012225 
-0.0309498 0.00146694 0.0222149 
0.0205003 0.008870609999999999 -0.023867 
-0.0140798 0.007621 0.0173025 
0.000855981 -0.0228756 -0.009877749999999999 
-0.00557312 -0.0402605 0.00493774 
-0.0153397 0.0360028 -0.00220839 
-0.0127813 -0.0120891 0.0164446 
-0.0321 0.00652825 0.0200355 
0.009830149999999999 0.0278687 -0.000229996 
-0.0102637 -0.0430027 0.00214665 
0.0118631 0.03761 -0.00874957 
0.0105551 -0.0385151 0.0119772 
-0.0134 0.0125148 0.0168135 
 0.031 0.00307579 -0.0233637 
0.00778274 -0.0384826 -0.0138301 
-0.0200002 -0.0124012 0.0162993 
-0.0321 -0.0196323 0.00983758 
-0.0280678 -0.0203541 0.00210135 
-0.0011 0.0154471 -0.00370484 
  0.03 -0.0120675 0.0036515 
0.000235734 -0.0189065 0.000784229 
0.0233057 0.0163291 -0.0195968 
-0.0321781 0.0179986 -0.00404283 
-0.00456359 -0.0351725 -0.012064 
0.0115262 -0.0213179 0.00273459 
-0.0321 -0.00386013 0.0192765 
-0.0336006 0.0113558 -0.0191177 
0.00240647 -0.0273948 -0.009594770000000001 
-0.00964199 0.0382565 0.00546612 
 0.029 -0.0197792 0.00926425 
0.0328906 -0.00122478 0.0154976 
-0.0164952 0.0193383 -0.0133316 
-0.0120375 -0.0360143 0.0113184 
 0.031 -0.0006579170000000001 -0.0164491 
-0.0159 -0.00939108 0.0119537 
-0.0322031 0.0209073 0.00749724 
0.008730740000000001 -0.0399943 -0.00456094 
0.015043 -0.0199243 0.00807189 
-0.0159 -0.0122684 -0.009449819999999999 
0.0211 0.0196386 -0.0115577 
-0.0011 0.0149704 -0.00333637 
0.0269268 -0.0218249 -0.0182988 
-0.00312815 0.0334803 -0.00507096 
 0.029 0.000412996 0.020843 
0.00139876 -0.0369329 0.0153946 
-0.00897302 -0.0170221 0.0103581 
-0.0321 0.0238758 0.000744431 
0.00692585 -0.032295 -0.00494025 
-0.0134 0.00642879 -0.0209815 
-0.0213012 -0.0145295 -0.0184677 
0.0262947 0.0252202 0.00370855 
0.00794388 0.0156066 -0.0147735 
0.0258777 0.0139086 -0.0214196 
-0.0011 0.0161425 0.00273881 
-0.030939 0.0131521 0.0205773 
-0.0224893 0.00108066 0.0204107 
-0.0314705 6.87187e-05 -0.0224414 
-0.0064 0.00247744 0.0173711 
-0.0021136 0.018681 0.0106695 
 0.031 -0.0135651 0.015845 
-0.0011 -0.0127089 0.00523713 
-0.0321 0.00127332 0.0208577 
-0.0334438 0.0009386 -0.0184539 
0.00343416 -0.009514760000000001 0.0192438 
0.00213321 0.0272247 0.00563551 
0.000538271 0.0206859 0.00990427 
-0.0186049 -0.0225553 0.00653723 
-0.0251909 0.00723838 0.0223387 
 0.031 -0.0222703 -0.0161303 
0.0293092 0.0116839 -0.0226733 
0.0143116 -0.0359873 -0.010121 
0.00290511 -0.013045 0.0170553 
0.0286142 -0.0178167 0.0144255 
0.0211 -0.0182883 0.0115709 
0.0298306 -0.00459966 0.025147 
-0.0157191 0.0363734 0.00870259 
0.00619809 0.0179923 -0.0116459 
0.0127802 -0.0109281 -0.0185093 
0.00131242 0.0185152 0.00343016 
0.0225138 -0.017292 0.0161233 
-0.00914393 -0.0386047 0.00240224 
0.0126812 -0.0047021 -0.0209361 
0.00306198 -0.0181815 -0.000556458 
-0.0288002 0.011501 0.021499 
-0.0112893 -0.019175 0.0116457 
 0.031 -0.0205668 -0.000574374 
-0.0159 -0.00529275 -0.0175924 
0.00979938 -0.0224921 -0.00247697 
-0.0131537 0.0379918 0.0123167 
0.0103745 0.0162876 0.0139932 
-0.0111033 0.0150522 0.0138595 
-0.0272108 0.00764176 0.0190081 
0.0202162 0.00246626 -0.0248167 
0.0308051 -0.0213029 -0.0146711 
0.016332 -0.021215 -0.00339025 
0.0124787 -0.0354758 -0.00348013 
0.00480459 0.0177427 0.00679236 
-0.0110087 -0.0141973 0.0195309 
-0.00641032 -0.0179811 0.00856548 
-0.00271866 0.0360212 -0.0168027 
-0.0134 -0.0136413 -0.016408 
0.0150683 -0.0201154 -0.00741867 
-0.0134 0.00340877 0.0217225 
-0.0321 -0.0161919 -0.0172543 
0.0268815 -0.0174672 -0.014881 
-0.0321 0.0215165 0.00767565 
-0.0011 0.0116458 0.0129254 
-0.00400277 -0.0149543 0.0039213 
0.0202531 -0.00892329 -0.0238746 
0.00229669 -0.0156426 0.0147029 
0.0304269 -0.0249541 0.00542204 
0.0109996 -0.00247429 -0.0187724 
-0.00173367 0.0133706 0.0168143 
0.0227297 0.0222463 0.00619158 
0.0045 -0.0344699 0.00177458 
-0.0250097 0.00132928 -0.018605 
-0.0044401 -0.0376855 -0.0174767 
-0.0305972 -0.000239045 -0.0204919 
 0.031 0.00497298 -0.0216731 
-0.0188915 -0.0133361 0.0193322 
-0.0111152 -0.0350038 0.00297701 
-0.0309603 -0.015782 0.0167689 
0.00174076 0.0360199 -0.0157563 
0.00776096 0.0324767 0.00330149 
-0.0228422 -0.00413473 -0.0200767 
-0.0134 -0.015066 0.016323 
-0.0159 0.0133277 -0.0136998 
 0.029 0.00265548 -0.0209651 
0.0109109 0.0353635 -0.000811648 
-0.0321 -0.000477401 -0.0233873 
-0.0036 -0.00298905 -0.0133286 
 0.029 -0.00526789 -0.0119018 
0.0211 0.0203858 -0.009131749999999999 
-0.01085 -0.0354924 -0.00152697 
 0.031 0.0101276 0.0213745 
0.00670778 0.0348012 -0.000908528 
-0.0131865 0.0107242 0.0193346 
0.00259028 0.0117977 -0.0179694 
0.0139294 0.018199 0.00670371 
-0.012561 0.010906 0.0195609 
 0.031 0.00943391 0.0151596 
-0.0190171 0.0234606 0.00109488 
-0.009900000000000001 -0.000783894 0.0228974 
0.0172855 -0.0164864 -0.0102127 
-0.009351129999999999 -0.00484953 0.0229577 
0.008860760000000001 0.0239492 -0.00435974 
0.00243508 0.011889 0.0136732 
-0.00405162 -0.0103819 0.0189135 
0.000794281 0.0277585 -0.00980554 
-0.0190197 -0.0219074 -0.00844952 
0.0071286 -0.0348047 0.00374244 
-0.0154124 -0.0453695 -0.00280581 
-0.0206492 0.0141039 0.0148361 
-0.0321 -0.00943254 0.0214151 
-0.0321 0.0178902 -0.0130355 
-0.009900000000000001 -0.022954 0.00141052 
0.0269974 -0.0224011 -0.0126188 
-0.0321 0.0202937 0.00719566 
-0.00765599 0.0303601 0.00350484 
-0.009900000000000001 -0.0156989 0.0166904 
-0.00748244 0.00439215 -0.0194366 
 0.031 -0.0113156 -0.0196448 
0.0048091 -0.0359807 -0.0153786 
-0.009900000000000001 0.0188769 -0.0131197 
0.0138988 0.0162585 -0.0140536 
-0.0325314 -0.00376562 -0.0225925 
-0.0064 -0.00163271 0.018281 
0.00111884 -0.0212277 0.009808809999999999 
-0.0321 -0.0130898 -0.0172631 
-0.0274005 -0.022999 -0.00654851 
-0.0134 -0.00303072 0.02092 
0.0287799 0.0030438 -0.0227975 
-0.0125843 0.0360052 -0.00413317 
0.0335 -0.0141614 0.00391045 
 0.033 -0.0103902 0.00272692 
 0.033 0.00232156 -0.00527743 
0.0128246 -0.019241 0.009550579999999999 
 0.031 0.0209623 -0.0127944 
-0.0285709 0.0118979 -0.0166277 
 0.029 -0.008629029999999999 0.0184781 
0.0324491 -0.0211468 -0.0161588 
 0.029 -0.008542869999999999 -0.0102662 
-0.0321 -0.00700503 0.018555 
0.0123952 0.0124292 0.0149921 
-0.000179541 0.00876186 0.0196229 
0.00321539 -0.0268014 0.00109418 
-0.0164198 -0.0061254 -0.0194842 
 0.031 0.0161453 0.0170514 
-0.00662784 -0.0384871 -0.010307 
0.0194392 0.0117087 0.015486 
0.0206632 -0.00651535 0.0262459 
0.0189782 0.00369171 -0.0191013 
0.0211 -0.00210132 0.020613 
-0.0058278 -0.0365418 -0.009365729999999999 
0.00652421 -0.0348033 0.00257011 
-0.0248985 0.000912513 -0.0188755 
-0.00579408 -0.00715592 0.0170535 
-0.0221121 -0.00294846 0.0202509 
0.00759035 0.03374 -0.00355299 
-0.0112466 0.0185317 0.0155119 
0.0211 0.00299259 -0.0195419 
-0.0172338 0.0377526 -0.00509949 
-0.0219328 -0.00886723 -0.0184295 
-0.0343 -0.0197006 -0.00547174 
0.0137644 -0.0385005 0.00041051 
-0.0321 -0.000191136 -0.0185136 
-0.0225599 0.011454 0.0169851 
0.0312556 -0.00853341 -0.0134748 
-0.0303924 0.017847 0.0100452 
-0.0273616 -0.0189718 0.0145323 
 0.031 -0.023112 -0.000467463 
0.0186 -0.00653989 -0.0234895 
-0.00777401 -0.0172455 -0.0158166 
0.0207867 -0.00644061 0.0270358 
0.00375021 -0.0166949 0.0135247 
0.0087247 0.0383303 0.00691502 
0.0207201 -0.00803181 0.0176558 
-0.0298976 -0.0204402 -0.00127591 
0.0204279 -0.00776125 -0.0188432 
-0.0011 -0.00682541 -0.0112707 
-0.0160121 0.0359939 0.00489583 
-0.00325392 -0.0267973 -0.00219833 
-0.00515566 0.005688 0.0214711 
-0.0264212 0.008085190000000001 0.0222003 
  0.03 0.00747163 0.000227148 
-0.0226362 -0.0233894 -0.00221328 
0.00499437 0.0224243 0.00320136 
 0.029 -0.0121635 -0.009398170000000001 
-0.0134 -0.0192302 -0.00581685 
-0.00114077 0.0106387 0.00430506 
0.0191196 -0.00625871 0.0273179 
-0.0240489 0.00371751 0.0201065 
-0.0275969 0.00176462 0.0203958 
 0.031 0.0170348 0.0146563 
 0.029 -0.00423382 -0.0133855 
-0.00574488 -0.0417147 -0.0048045 
-0.0134 -0.021891 0.00049693 
0.0217591 0.016921 -0.0190135 
-0.0134 0.00902591 0.0197338 
-0.0140962 -0.00666312 0.0231386 
-0.009900000000000001 -0.0140866 0.0183899 
0.0245072 -0.0188718 0.0171917 
0.0119762 0.00703696 0.0178706 
 0.031 0.011138 -0.0156904 
-0.0188073 -0.0135378 -0.0153668 
0.0045964 0.00702309 -0.0175893 
-0.0109201 0.00329548 -0.0222219 
-0.0234476 -0.0180815 0.0149869 
2.70838e-05 -0.00648038 0.0204376 
0.00172427 -0.0402802 -0.00731424 
3 849 776 228 
3 901 689 6 
3 849 106 586 
3 106 849 228 
3 849 872 261 
3 872 849 586 
3 191 301 953 
3 301 191 556 
3 689 39 953 
3 901 39 689 
3 311 226 6 
3 311 621 226 
3 689 311 6 
3 125 311 689 
3 226 507 586 
3 182 226 586 
3 182 791 226 
3 226 764 6 
3 791 764 226 
3 301 559 953 
3 559 301 689 
3 597 311 732 
3 311 597 621 
3 652 125 689 
3 82 872 586 
3 507 82 586 
3 150 191 953 
3 667 57 727 
3 866 901 6 
3 764 866 6 
3 866 182 586 
3 182 866 791 
3 866 764 791 
3 669 689 953 
3 559 669 953 
3 669 559 689 
3 652 606 125 
3 606 652 689 
3 537 82 507 
3 537 357 268 
3 537 667 727 
3 357 537 727 
3 742 150 953 
3 150 742 776 
3 501 106 228 
3 501 742 915 
3 866 501 915 
3 150 415 796 
3 653 415 776 
3 415 150 776 
3 15 653 776 
3 191 21 556 
3 150 21 191 
3 415 951 796 
3 951 415 653 
3 9 699 261 
3 855 150 796 
3 558 507 226 
3 57 558 226 
3 558 57 667 
3 537 558 667 
3 558 537 507 
3 621 48 226 
3 48 57 226 
3 48 621 727 
3 57 48 727 
3 853 39 901 
3 866 853 901 
3 853 915 39 
3 853 866 915 
3 903 301 556 
3 606 903 556 
3 317 597 732 
3 606 317 125 
3 311 317 732 
3 317 311 125 
3 357 612 268 
3 147 612 357 
3 612 147 268 
3 82 760 872 
3 872 760 261 
3 760 9 261 
3 915 18 39 
3 742 18 915 
3 39 18 953 
3 18 742 953 
3 501 708 106 
3 708 501 866 
3 106 708 586 
3 708 866 586 
3 776 879 228 
3 879 501 228 
3 742 879 776 
3 501 879 742 
3 833 457 556 
3 833 480 457 
3 980 606 556 
3 951 553 796 
3 553 951 838 
3 469 776 849 
3 469 15 776 
3 15 469 653 
3 469 951 653 
3 699 111 261 
3 469 111 951 
3 951 111 838 
3 111 699 838 
3 111 849 261 
3 111 469 849 
3 360 21 150 
3 855 360 150 
3 360 855 838 
3 21 360 556 
3 480 513 395 
3 513 699 9 
3 903 423 301 
3 423 903 606 
3 301 423 689 
3 423 606 689 
3 147 29 9 
3 513 29 395 
3 29 513 9 
3 29 357 395 
3 29 147 357 
3 389 760 82 
3 389 537 268 
3 537 389 82 
3 457 340 556 
3 340 980 556 
3 480 340 457 
3 340 480 395 
3 142 317 606 
3 980 142 606 
3 317 142 597 
3 340 142 980 
3 597 142 621 
3 621 142 727 
3 142 357 727 
3 855 306 838 
3 306 553 838 
3 306 855 796 
3 553 306 796 
3 22 360 838 
3 22 513 480 
3 699 22 838 
3 513 22 699 
3 205 389 268 
3 389 205 760 
3 760 205 9 
3 147 205 268 
3 205 147 9 
3 93 375 395 
3 375 340 395 
3 142 375 93 
3 375 142 340 
3 142 380 357 
3 380 142 93 
3 357 380 395 
3 380 93 395 
3 22 804 360 
3 804 833 556 
3 360 804 556 
3 833 804 480 
3 804 22 480 
Vertices and facets:
- p776(v13): -0.034 0.011 -0.019
- p849(v12): -0.0027 0.036 -0.017
- p228(v7): -0.031 0.0067 -0.024
- p901(v19): -0.015 -0.045 -0.0028
- p689(v10): -0.018 -0.045 0.0037
- p6(v5): 0.015 -0.045 -0.0013
- p106(v22): 0.019 0.0041 -0.028
- p586(v4):  0.03 0.0029 -0.028
- p872(v23): 0.0017 0.036 -0.016
- p261(v3): -0.0029 0.039 -0.014
- p191(v24): -0.034 -0.00064  0.02
- p301(v18): -0.034 -0.014 0.018
- p953(v1): -0.034 -0.02 -0.0055
- p556(v6): -0.033 -0.00073 0.024
- p39(v25): -0.034 -0.015 -0.017
- p311(v30): 0.017 -0.046 0.0027
- p226(v9): 0.032 -0.022 -0.016
- p621(v15): 0.033 -0.024 0.0086
- p125(v21): -0.0012 -0.043 0.0079
- p507(v31): 0.032 0.0034 -0.023
- p182(v34): 0.029 -0.0095 -0.024
- p791(v17): 0.027 -0.022 -0.018
- p764(v35): 0.0078 -0.038 -0.014
- p559(v36): -0.032 -0.023 0.0094
- p597(v38): 0.032 -0.024 0.012
- p732(v11): 0.012 -0.038 0.013
- p652(v39): -0.006 -0.043 0.0078
- p82(v41): 0.031 0.016 -0.02
- p150(v44): -0.034 0.019 0.006
- p57(v47): 0.034 -0.0062 -0.013
- p667(v16): 0.034 0.0087 -0.012
- p727(v2): 0.034 -0.005 0.012
- p866(v48): -0.0044 -0.038 -0.017
- p669(v49): -0.032 -0.023 -0.00033
- p606(v53): -0.0018 -0.036 0.017
- p537(v55): 0.034 0.022 -0.0095
- p357(v45): 0.034 0.021 0.015
- p268(v8): 0.032 0.024 -0.0076
- p742(v56): -0.034 0.0042 -0.02
- p501(v57): -0.032 -0.0019 -0.024
- p915(v42): -0.033 -0.0038 -0.023
- p415(v58): -0.034 0.022 -0.0022
- p796(v26): -0.032 0.024 0.00074
- p653(v43): -0.033 0.019 -0.011
- p15(v59): -0.033 0.016 -0.015
- p21(v60): -0.034 0.013 0.015
- p951(v62): -0.017 0.038 -0.0051
- p699(v63): -0.0061 0.038 0.014
- p9(v54): 0.013 0.039 -0.0042
- p855(v64): -0.032 0.022 0.0077
- p558(v66): 0.033 0.00045 -0.015
- p48(v67): 0.034 -0.012 -0.0047
- p853(v68): -0.032 -0.016 -0.017
- p903(v69): -0.032 -0.0094 0.021
- p317(v70): 0.0097 -0.038 0.015
- p612(v71): 0.031 0.025 0.0018
- p147(v72): 0.018 0.038 0.0031
- p760(v73): 0.012 0.038 -0.0087
- p18(v74): -0.034 -0.0031 -0.019
- p708(v75): 0.027 0.0012 -0.028
- p879(v76): -0.032 -0.00048 -0.023
- p833(v77): -0.029 0.012 0.021
- p457(v51): -0.03 0.00082 0.024
- p480(v65): -0.0014 0.036 0.018
- p980(v78): 0.019 -0.0063 0.027
- p553(v80): -0.017 0.037 0.0054
- p838(v46): -0.013 0.038 0.012
- p469(v81): -0.016 0.037 -0.0073
- p111(v83): -0.011 0.039 -0.0092
- p360(v84): -0.033 0.015 0.018
- p513(v85): 0.0027 0.038 0.016
- p395(v28): 0.0059 0.038 0.016
- p423(v86): -0.008 -0.036 0.016
- p29(v87): 0.0094 0.038 0.013
- p389(v88): 0.026 0.026 -0.012
- p340(v89): 0.023 -0.00073 0.027
- p142(v90): 0.031 -0.006 0.027
- p306(v91): -0.031 0.024 0.0049
- p22(v92): -0.01 0.037 0.015
- p205(v93): 0.016 0.036 -0.0072
- p375(v94): 0.029 0.012 0.023
- p93(v79):  0.03 0.013 0.022
- p380(v95): 0.032  0.02 0.018
- p804(v96): -0.031 0.013 0.021
- f42
    - flags: bottom simplicial
    - normal:   -0.3621   0.5256  -0.7699
    - offset: -0.03285196
    - vertices: p776(v13) p849(v12) p228(v7)
    - neighboring facets: f81 f349 f377
- f69
    - flags: top simplicial
    - normal:  -0.003812       -1 -0.008146
    - offset: -0.04544928
    - vertices: p901(v19) p689(v10) p6(v5)
    - neighboring facets: f123 f208 f95
- f80
    - flags: bottom simplicial
    - normal:    0.0032   0.3311  -0.9436
    - offset: -0.02777366
    - vertices: p106(v22) p849(v12) p586(v4)
    - neighboring facets: f87 f347 f81
- f81
    - flags: top simplicial
    - normal:  -0.07023   0.2861  -0.9556
    - offset: -0.02655366
    - vertices: p106(v22) p849(v12) p228(v7)
    - neighboring facets: f42 f258 f80
- f85
    - flags: bottom simplicial
    - normal:    0.1412   0.7868  -0.6008
    - offset: -0.03805376
    - vertices: p872(v23) p849(v12) p261(v3)
    - neighboring facets: f388 f337 f87
- f87
    - flags: top simplicial
    - normal:    0.1993   0.4899  -0.8487
    - offset: -0.03136488
    - vertices: p872(v23) p849(v12) p586(v4)
    - neighboring facets: f80 f169 f85
- f90
    - flags: top simplicial
    - normal:   -0.9996 -0.01965  0.02173
    - offset: -0.03455354
    - vertices: p191(v24) p301(v18) p953(v1)
    - neighboring facets: f151 f191 f91
- f91
    - flags: bottom simplicial
    - normal:   -0.9888 -0.03868   0.1444
    - offset: -0.03663841
    - vertices: p191(v24) p301(v18) p556(v6)
    - neighboring facets: f318 f272 f90
- f94
    - flags: bottom simplicial
    - normal:    -0.766  -0.5813  -0.2745
    - offset: -0.03922738
    - vertices: p39(v25) p689(v10) p953(v1)
    - neighboring facets: f217 f343 f95
- f95
    - flags: bottom simplicial
    - normal:   -0.7439  -0.5928  -0.3085
    - offset: -0.0392271
    - vertices: p39(v25) p901(v19) p689(v10)
    - neighboring facets: f69 f94 f314
- f119
    - flags: top simplicial
    - normal:    0.6519  -0.6884   -0.318
    - offset: -0.04167717
    - vertices: p311(v30) p226(v9) p6(v5)
    - neighboring facets: f142 f123 f120
- f120
    - flags: top simplicial
    - normal:    0.8101  -0.5834 -0.05798
    - offset: -0.04032599
    - vertices: p311(v30) p621(v15) p226(v9)
    - neighboring facets: f310 f119 f160
- f123
    - flags: bottom simplicial
    - normal:  -0.002585       -1 1.956e-05
    - offset: -0.04545883
    - vertices: p311(v30) p689(v10) p6(v5)
    - neighboring facets: f69 f119 f124
- f124
    - flags: bottom simplicial
    - normal:   0.01034  -0.8874   0.4609
    - offset: -0.04180678
    - vertices: p311(v30) p125(v21) p689(v10)
    - neighboring facets: f162 f123 f327
- f125
    - flags: bottom simplicial
    - normal:    0.9144 -0.09232  -0.3942
    - offset: -0.03804616
    - vertices: p507(v31) p226(v9) p586(v4)
    - neighboring facets: f137 f171 f305
- f137
    - flags: top simplicial
    - normal:    0.4962  -0.3377  -0.7999
    - offset: -0.03641436
    - vertices: p182(v34) p226(v9) p586(v4)
    - neighboring facets: f125 f212 f138
- f138
    - flags: top simplicial
    - normal:    0.3206  -0.4178  -0.8501
    - offset: -0.03330685
    - vertices: p182(v34) p791(v17) p226(v9)
    - neighboring facets: f143 f137 f215
- f142
    - flags: bottom simplicial
    - normal:    0.3918  -0.6827  -0.6168
    - offset: -0.03785117
    - vertices: p764(v35) p226(v9) p6(v5)
    - neighboring facets: f119 f209 f143
- f143
    - flags: bottom simplicial
    - normal:    0.2832  -0.5384  -0.7937
    - offset: -0.03389913
    - vertices: p764(v35) p791(v17) p226(v9)
    - neighboring facets: f138 f142 f216
- f151
    - flags: bottom simplicial
    - normal:   -0.9271  -0.3611   0.1004
    - offset: -0.03836406
    - vertices: p559(v36) p301(v18) p953(v1)
    - neighboring facets: f90 f218 f152
- f152
    - flags: top simplicial
    - normal:   -0.7787  -0.5402   0.3191
    - offset: -0.03977242
    - vertices: p559(v36) p301(v18) p689(v10)
    - neighboring facets: f404 f219 f151
- f159
    - flags: top simplicial
    - normal:    0.4782  -0.5919   0.6488
    - offset: -0.03692162
    - vertices: p597(v38) p311(v30) p732(v11)
    - neighboring facets: f326 f321 f160
- f160
    - flags: bottom simplicial
    - normal:    0.7028  -0.6163   0.3553
    - offset: -0.04109898
    - vertices: p597(v38) p311(v30) p621(v15)
    - neighboring facets: f120 f427 f159
- f162
    - flags: top simplicial
    - normal:   -0.0343  -0.8055   0.5916
    - offset: -0.03937426
    - vertices: p652(v39) p125(v21) p689(v10)
    - neighboring facets: f124 f234 f233
- f169
    - flags: top simplicial
    - normal:    0.2419   0.5157  -0.8219
    - offset: -0.03194565
    - vertices: p82(v41) p872(v23) p586(v4)
    - neighboring facets: f87 f171 f336
- f171
    - flags: bottom simplicial
    - normal:    0.8883   0.2016  -0.4128
    - offset: -0.03864195
    - vertices: p82(v41) p507(v31) p586(v4)
    - neighboring facets: f125 f169 f248
- f191
    - flags: top simplicial
    - normal:        -1 -0.0007495 0.007528
    - offset: -0.03427259
    - vertices: p150(v44) p191(v24) p953(v1)
    - neighboring facets: f90 f256 f273
- f206
    - flags: bottom simplicial
    - normal:    0.9998 0.001688 -0.02024
    - offset: -0.03374893
    - vertices: p57(v47) p667(v16) p727(v2)
    - neighboring facets: f250 f313 f307
- f208
    - flags: top simplicial
    - normal:   0.01811  -0.8912  -0.4532
    - offset: -0.04142621
    - vertices: p866(v48) p901(v19) p6(v5)
    - neighboring facets: f69 f209 f315
- f209
    - flags: bottom simplicial
    - normal:    0.1044  -0.8395  -0.5333
    - offset: -0.04049258
    - vertices: p866(v48) p764(v35) p6(v5)
    - neighboring facets: f142 f208 f216
- f212
    - flags: top simplicial
    - normal:     0.132  -0.3582  -0.9242
    - offset:  -0.029067
    - vertices: p866(v48) p182(v34) p586(v4)
    - neighboring facets: f137 f348 f215
- f215
    - flags: bottom simplicial
    - normal:    0.1866  -0.4151  -0.8904
    - offset: -0.03037683
    - vertices: p866(v48) p182(v34) p791(v17)
    - neighboring facets: f138 f216 f212
- f216
    - flags: top simplicial
    - normal:    0.2215   -0.482  -0.8477
    - offset: -0.03199524
    - vertices: p866(v48) p764(v35) p791(v17)
    - neighboring facets: f143 f215 f209
- f217
    - flags: top simplicial
    - normal:   -0.8432  -0.5374 -0.01418
    - offset: -0.0395867
    - vertices: p669(v49) p689(v10) p953(v1)
    - neighboring facets: f94 f218 f219
- f218
    - flags: bottom simplicial
    - normal:   -0.8971  -0.4344  0.08063
    - offset: -0.03888752
    - vertices: p669(v49) p559(v36) p953(v1)
    - neighboring facets: f151 f217 f219
- f219
    - flags: top simplicial
    - normal:   -0.8483  -0.5228  0.08439
    - offset: -0.03937698
    - vertices: p669(v49) p559(v36) p689(v10)
    - neighboring facets: f152 f217 f218
- f233
    - flags: bottom simplicial
    - normal:  -0.03442  -0.7907   0.6112
    - offset: -0.03889376
    - vertices: p606(v53) p652(v39) p125(v21)
    - neighboring facets: f162 f323 f234
- f234
    - flags: top simplicial
    - normal:  -0.04571  -0.7878   0.6142
    - offset: -0.03886119
    - vertices: p606(v53) p652(v39) p689(v10)
    - neighboring facets: f162 f405 f233
- f248
    - flags: top simplicial
    - normal:     0.917   0.1881  -0.3518
    - offset: -0.03811203
    - vertices: p537(v55) p82(v41) p507(v31)
    - neighboring facets: f171 f309 f414
- f249
    - flags: top simplicial
    - normal:    0.8564   0.5162 0.009314
    - offset: -0.03972616
    - vertices: p537(v55) p357(v45) p268(v8)
    - neighboring facets: f328 f413 f251
- f250
    - flags: top simplicial
    - normal:    0.9998 0.003604 -0.01913
    - offset: -0.03375289
    - vertices: p537(v55) p667(v16) p727(v2)
    - neighboring facets: f206 f251 f308
- f251
    - flags: bottom simplicial
    - normal:    0.9998  0.01911 0.0003447
    - offset: -0.03390237
    - vertices: p537(v55) p357(v45) p727(v2)
    - neighboring facets: f430 f250 f249
- f256
    - flags: top simplicial
    - normal:        -1 0.003008 -0.005277
    - offset: -0.03426898
    - vertices: p742(v56) p150(v44) p953(v1)
    - neighboring facets: f191 f344 f257
- f257
    - flags: bottom simplicial
    - normal:   -0.9955  0.08028 -0.05104
    - offset: -0.03533572
    - vertices: p742(v56) p150(v44) p776(v13)
    - neighboring facets: f268 f351 f256
- f258
    - flags: top simplicial
    - normal:  -0.08806  0.01145   -0.996
    - offset: -0.02621896
    - vertices: p501(v57) p106(v22) p228(v7)
    - neighboring facets: f81 f350 f345
- f259
    - flags: top simplicial
    - normal:   -0.8945 -0.01219  -0.4469
    - offset: -0.03924156
    - vertices: p501(v57) p742(v56) p915(v42)
    - neighboring facets: f342 f261 f352
- f261
    - flags: bottom simplicial
    - normal:   -0.2836  -0.3684  -0.8853
    - offset: -0.03061637
    - vertices: p501(v57) p866(v48) p915(v42)
    - neighboring facets: f317 f259 f346
- f266
    - flags: bottom simplicial
    - normal:    -0.847   0.5214   0.1036
    - offset: -0.03971469
    - vertices: p415(v58) p150(v44) p796(v26)
    - neighboring facets: f295 f285 f268
- f267
    - flags: bottom simplicial
    - normal:   -0.9928   0.1009 -0.06381
    - offset: -0.03572619
    - vertices: p415(v58) p653(v43) p776(v13)
    - neighboring facets: f271 f268 f286
- f268
    - flags: top simplicial
    - normal:   -0.9954  0.08117 -0.05132
    - offset: -0.03534827
    - vertices: p415(v58) p150(v44) p776(v13)
    - neighboring facets: f257 f267 f266
- f271
    - flags: top simplicial
    - normal:   -0.6164   0.5696  -0.5437
    - offset: -0.03757355
    - vertices: p15(v59) p653(v43) p776(v13)
    - neighboring facets: f267 f378 f379
- f272
    - flags: bottom simplicial
    - normal:   -0.9875  0.05835   0.1462
    - offset: -0.03656977
    - vertices: p21(v60) p191(v24) p556(v6)
    - neighboring facets: f91 f395 f273
- f273
    - flags: bottom simplicial
    - normal:   -0.9993  0.01674  0.03265
    - offset: -0.03473933
    - vertices: p21(v60) p150(v44) p191(v24)
    - neighboring facets: f191 f272 f390
- f285
    - flags: bottom simplicial
    - normal:   -0.6981   0.7104 -0.08899
    - offset: -0.03930552
    - vertices: p951(v62) p415(v58) p796(v26)
    - neighboring facets: f266 f371 f286
- f286
    - flags: top simplicial
    - normal:   -0.6941   0.6787    -0.24
    - offset: -0.03880806
    - vertices: p951(v62) p415(v58) p653(v43)
    - neighboring facets: f267 f380 f285
- f291
    - flags: bottom simplicial
    - normal:  -2.201e-06        1 0.001257
    - offset: -0.03850001
    - vertices: p699(v63) p9(v54) p261(v3)
    - neighboring facets: f338 f384 f401
- f295
    - flags: top simplicial
    - normal:   -0.7707   0.6032   0.2053
    - offset: -0.03929452
    - vertices: p855(v64) p150(v44) p796(v26)
    - neighboring facets: f266 f434 f391
- f305
    - flags: top simplicial
    - normal:     0.983 -0.03227   -0.181
    - offset: -0.03553578
    - vertices: p558(v66) p507(v31) p226(v9)
    - neighboring facets: f125 f306 f309
- f306
    - flags: bottom simplicial
    - normal:     0.985 -0.03274  -0.1696
    - offset: -0.03543134
    - vertices: p558(v66) p57(v47) p226(v9)
    - neighboring facets: f311 f305 f307
- f307
    - flags: top simplicial
    - normal:     0.999 0.003786  -0.0454
    - offset: -0.03403903
    - vertices: p558(v66) p57(v47) p667(v16)
    - neighboring facets: f206 f308 f306
- f308
    - flags: bottom simplicial
    - normal:    0.9975  0.01306  -0.0693
    - offset: -0.03435577
    - vertices: p558(v66) p537(v55) p667(v16)
    - neighboring facets: f250 f307 f309
- f309
    - flags: top simplicial
    - normal:    0.9871  0.03619  -0.1561
    - offset: -0.03532856
    - vertices: p558(v66) p537(v55) p507(v31)
    - neighboring facets: f248 f305 f308
- f310
    - flags: bottom simplicial
    - normal:    0.9975 -0.05892 -0.03773
    - offset: -0.03432942
    - vertices: p48(v67) p621(v15) p226(v9)
    - neighboring facets: f120 f311 f312
- f311
    - flags: top simplicial
    - normal:    0.9976 -0.05534 -0.04093
    - offset: -0.03430259
    - vertices: p48(v67) p57(v47) p226(v9)
    - neighboring facets: f306 f310 f313
- f312
    - flags: top simplicial
    - normal:    0.9993 -0.03268 -0.01565
    - offset: -0.03395875
    - vertices: p48(v67) p621(v15) p727(v2)
    - neighboring facets: f428 f313 f310
- f313
    - flags: bottom simplicial
    - normal:    0.9995 -0.02556  -0.0189
    - offset: -0.03389046
    - vertices: p48(v67) p57(v47) p727(v2)
    - neighboring facets: f206 f312 f311
- f314
    - flags: top simplicial
    - normal:   -0.5749  -0.6028  -0.5533
    - offset: -0.03776084
    - vertices: p853(v68) p39(v25) p901(v19)
    - neighboring facets: f95 f315 f316
- f315
    - flags: bottom simplicial
    - normal:   -0.4653   -0.592  -0.6581
    - offset: -0.03587606
    - vertices: p853(v68) p866(v48) p901(v19)
    - neighboring facets: f208 f314 f317
- f316
    - flags: top simplicial
    - normal:   -0.5523  -0.3452  -0.7588
    - offset: -0.03641154
    - vertices: p853(v68) p915(v42) p39(v25)
    - neighboring facets: f341 f314 f317
- f317
    - flags: top simplicial
    - normal:    -0.306  -0.3847  -0.8708
    - offset: -0.03107668
    - vertices: p853(v68) p866(v48) p915(v42)
    - neighboring facets: f261 f316 f315
- f318
    - flags: top simplicial
    - normal:   -0.5771  -0.3442   0.7406
    - offset: -0.03763216
    - vertices: p903(v69) p301(v18) p556(v6)
    - neighboring facets: f91 f319 f402
- f319
    - flags: bottom simplicial
    - normal:   -0.1641  -0.3428    0.925
    - offset: -0.02831023
    - vertices: p903(v69) p606(v53) p556(v6)
    - neighboring facets: f360 f318 f403
- f321
    - flags: top simplicial
    - normal:    0.4702  -0.5802   0.6651
    - offset: -0.03658336
    - vertices: p317(v70) p597(v38) p732(v11)
    - neighboring facets: f159 f326 f425
- f323
    - flags: bottom simplicial
    - normal:  -0.03183  -0.7907   0.6114
    - offset: -0.03889109
    - vertices: p317(v70) p606(v53) p125(v21)
    - neighboring facets: f233 f327 f423
- f326
    - flags: bottom simplicial
    - normal:    0.4561  -0.6079     0.65
    - offset: -0.03726887
    - vertices: p317(v70) p311(v30) p732(v11)
    - neighboring facets: f159 f321 f327
- f327
    - flags: top simplicial
    - normal:   0.03898  -0.8409   0.5398
    - offset: -0.04039647
    - vertices: p317(v70) p311(v30) p125(v21)
    - neighboring facets: f124 f323 f326
- f328
    - flags: bottom simplicial
    - normal:    0.8188   0.5737  0.02038
    - offset: -0.03984451
    - vertices: p612(v71) p357(v45) p268(v8)
    - neighboring facets: f249 f335 f333
- f333
    - flags: top simplicial
    - normal:    0.7022   0.7069  0.08547
    - offset: -0.03971451
    - vertices: p147(v72) p612(v71) p357(v45)
    - neighboring facets: f328 f410 f335
- f335
    - flags: bottom simplicial
    - normal:    0.7002   0.7139 -0.004022
    - offset: -0.03966949
    - vertices: p147(v72) p612(v71) p268(v8)
    - neighboring facets: f328 f445 f333
- f336
    - flags: bottom simplicial
    - normal:    0.3573   0.6557  -0.6651
    - offset: -0.03472074
    - vertices: p760(v73) p82(v41) p872(v23)
    - neighboring facets: f169 f337 f412
- f337
    - flags: bottom simplicial
    - normal:    0.2155   0.8379  -0.5015
    - offset: -0.03845764
    - vertices: p760(v73) p872(v23) p261(v3)
    - neighboring facets: f85 f338 f336
- f338
    - flags: top simplicial
    - normal:    0.1362   0.9623  -0.2356
    - offset: -0.03986774
    - vertices: p760(v73) p9(v54) p261(v3)
    - neighboring facets: f291 f337 f444
- f341
    - flags: bottom simplicial
    - normal:   -0.9169  -0.1187   -0.381
    - offset: -0.03888322
    - vertices: p18(v74) p915(v42) p39(v25)
    - neighboring facets: f316 f343 f342
- f342
    - flags: bottom simplicial
    - normal:   -0.9169 -0.03541  -0.3976
    - offset: -0.03894377
    - vertices: p18(v74) p742(v56) p915(v42)
    - neighboring facets: f259 f341 f344
- f343
    - flags: bottom simplicial
    - normal:   -0.9942 -0.05788 -0.09107
    - offset: -0.03573836
    - vertices: p18(v74) p39(v25) p953(v1)
    - neighboring facets: f94 f344 f341
- f344
    - flags: top simplicial
    - normal:   -0.9986 -0.02249 -0.04854
    - offset: -0.03495955
    - vertices: p18(v74) p742(v56) p953(v1)
    - neighboring facets: f256 f343 f342
- f345
    - flags: bottom simplicial
    - normal:  -0.06967  -0.1377   -0.988
    - offset: -0.02572346
    - vertices: p708(v75) p501(v57) p106(v22)
    - neighboring facets: f258 f347 f346
- f346
    - flags: top simplicial
    - normal:  -0.06461  -0.2142  -0.9747
    - offset: -0.02539211
    - vertices: p708(v75) p501(v57) p866(v48)
    - neighboring facets: f261 f348 f345
- f347
    - flags: bottom simplicial
    - normal:  -0.04327 -0.06472   -0.997
    - offset: -0.0267669
    - vertices: p708(v75) p106(v22) p586(v4)
    - neighboring facets: f80 f348 f345
- f348
    - flags: top simplicial
    - normal:    0.1244  -0.3526  -0.9275
    - offset: -0.02894631
    - vertices: p708(v75) p866(v48) p586(v4)
    - neighboring facets: f212 f347 f346
- f349
    - flags: bottom simplicial
    - normal:   -0.8045   0.1087  -0.5839
    - offset: -0.03942911
    - vertices: p879(v76) p776(v13) p228(v7)
    - neighboring facets: f42 f350 f351
- f350
    - flags: top simplicial
    - normal:   -0.5622  0.06933  -0.8241
    - offset: -0.03728717
    - vertices: p879(v76) p501(v57) p228(v7)
    - neighboring facets: f258 f349 f352
- f351
    - flags: bottom simplicial
    - normal:   -0.8212  0.09863   -0.562
    - offset: -0.03945823
    - vertices: p879(v76) p742(v56) p776(v13)
    - neighboring facets: f257 f349 f352
- f352
    - flags: bottom simplicial
    - normal:   -0.8572  0.04318  -0.5132
    - offset: -0.03949748
    - vertices: p879(v76) p501(v57) p742(v56)
    - neighboring facets: f259 f351 f350
- f356
    - flags: top simplicial
    - normal:   -0.1361   0.2775    0.951
    - offset: -0.02755647
    - vertices: p833(v77) p457(v51) p556(v6)
    - neighboring facets: f415 f456 f357
- f357
    - flags: top simplicial
    - normal:   -0.1185   0.2763   0.9537
    - offset: -0.02709515
    - vertices: p833(v77) p480(v65) p457(v51)
    - neighboring facets: f417 f356 f458
- f360
    - flags: top simplicial
    - normal:  -0.08221  -0.2763   0.9575
    - offset: -0.02631571
    - vertices: p980(v78) p606(v53) p556(v6)
    - neighboring facets: f319 f416 f424
- f371
    - flags: bottom simplicial
    - normal:   -0.6648   0.7433  0.07378
    - offset: -0.03914406
    - vertices: p553(v80) p951(v62) p796(v26)
    - neighboring facets: f285 f435 f372
- f372
    - flags: top simplicial
    - normal:   -0.4212   0.9029  0.08627
    - offset: -0.04090411
    - vertices: p553(v80) p951(v62) p838(v46)
    - neighboring facets: f386 f433 f371
- f377
    - flags: top simplicial
    - normal:    -0.427   0.5983   -0.678
    - offset: -0.03410445
    - vertices: p469(v81) p776(v13) p849(v12)
    - neighboring facets: f42 f389 f378
- f378
    - flags: top simplicial
    - normal:   -0.4772   0.6108  -0.6318
    - offset: -0.0350503
    - vertices: p469(v81) p15(v59) p776(v13)
    - neighboring facets: f271 f377 f379
- f379
    - flags: bottom simplicial
    - normal:   -0.5279   0.6271  -0.5727
    - offset: -0.03605351
    - vertices: p469(v81) p15(v59) p653(v43)
    - neighboring facets: f271 f380 f378
- f380
    - flags: top simplicial
    - normal:   -0.5961   0.6645  -0.4507
    - offset: -0.03765718
    - vertices: p469(v81) p951(v62) p653(v43)
    - neighboring facets: f286 f379 f385
- f384
    - flags: bottom simplicial
    - normal:  -4.5e-06        1 0.001257
    - offset: -0.03850002
    - vertices: p111(v83) p699(v63) p261(v3)
    - neighboring facets: f291 f388 f387
- f385
    - flags: bottom simplicial
    - normal:   -0.3673   0.8286  -0.4225
    - offset: -0.03976617
    - vertices: p111(v83) p469(v81) p951(v62)
    - neighboring facets: f380 f386 f389
- f386
    - flags: bottom simplicial
    - normal:   -0.1091    0.994  0.01192
    - offset: -0.03934452
    - vertices: p111(v83) p951(v62) p838(v46)
    - neighboring facets: f372 f387 f385
- f387
    - flags: top simplicial
    - normal:  -0.07268   0.9972  0.01603
    - offset: -0.03903984
    - vertices: p111(v83) p699(v63) p838(v46)
    - neighboring facets: f440 f386 f384
- f388
    - flags: top simplicial
    - normal:   -0.3255   0.7395  -0.5892
    - offset: -0.03742326
    - vertices: p111(v83) p849(v12) p261(v3)
    - neighboring facets: f85 f384 f389
- f389
    - flags: top simplicial
    - normal:    -0.394   0.6627  -0.6368
    - offset: -0.03564311
    - vertices: p111(v83) p469(v81) p849(v12)
    - neighboring facets: f377 f388 f385
- f390
    - flags: top simplicial
    - normal:   -0.9841   0.1326   0.1179
    - offset: -0.03697188
    - vertices: p360(v84) p21(v60) p150(v44)
    - neighboring facets: f273 f391 f395
- f391
    - flags: bottom simplicial
    - normal:   -0.7796   0.5702    0.259
    - offset: -0.03928229
    - vertices: p360(v84) p855(v64) p150(v44)
    - neighboring facets: f295 f390 f392
- f392
    - flags: top simplicial
    - normal:   -0.6636   0.6686   0.3355
    - offset: -0.0382635
    - vertices: p360(v84) p855(v64) p838(v46)
    - neighboring facets: f432 f438 f391
- f395
    - flags: bottom simplicial
    - normal:    -0.983  0.07404   0.1683
    - offset: -0.03694479
    - vertices: p360(v84) p21(v60) p556(v6)
    - neighboring facets: f272 f457 f390
- f399
    - flags: bottom simplicial
    - normal:  -0.04936   0.6142   0.7876
    - offset:  -0.036244
    - vertices: p513(v85) p480(v65) p395(v28)
    - neighboring facets: f418 f407 f439
- f401
    - flags: top simplicial
    - normal:  -2.175e-06        1 0.001257
    - offset: -0.03850001
    - vertices: p513(v85) p699(v63) p9(v54)
    - neighboring facets: f291 f408 f441
- f402
    - flags: bottom simplicial
    - normal:   -0.3401  -0.4828    0.807
    - offset: -0.03275393
    - vertices: p423(v86) p903(v69) p301(v18)
    - neighboring facets: f318 f404 f403
- f403
    - flags: top simplicial
    - normal:   -0.1859  -0.3654   0.9121
    - offset: -0.02894593
    - vertices: p423(v86) p903(v69) p606(v53)
    - neighboring facets: f319 f405 f402
- f404
    - flags: bottom simplicial
    - normal:     -0.39  -0.5367   0.7483
    - offset: -0.03416912
    - vertices: p423(v86) p301(v18) p689(v10)
    - neighboring facets: f152 f405 f402
- f405
    - flags: top simplicial
    - normal:   -0.1387    -0.72     0.68
    - offset: -0.03770332
    - vertices: p423(v86) p606(v53) p689(v10)
    - neighboring facets: f234 f404 f403
- f406
    - flags: bottom simplicial
    - normal:   0.04643   0.9988  0.01204
    - offset: -0.03902923
    - vertices: p29(v87) p147(v72) p9(v54)
    - neighboring facets: f446 f408 f410
- f407
    - flags: bottom simplicial
    - normal:  1.418e-05        1  0.00127
    - offset: -0.03850025
    - vertices: p29(v87) p513(v85) p395(v28)
    - neighboring facets: f399 f409 f408
- f408
    - flags: top simplicial
    - normal:  1.153e-05        1 0.001265
    - offset: -0.03850016
    - vertices: p29(v87) p513(v85) p9(v54)
    - neighboring facets: f401 f406 f407
- f409
    - flags: top simplicial
    - normal:    0.4915   0.7411   0.4574
    - offset: -0.0389024
    - vertices: p29(v87) p357(v45) p395(v28)
    - neighboring facets: f453 f407 f410
- f410
    - flags: top simplicial
    - normal:    0.5043    0.754   0.4209
    - offset: -0.03906166
    - vertices: p29(v87) p147(v72) p357(v45)
    - neighboring facets: f333 f409 f406
- f412
    - flags: top simplicial
    - normal:    0.4042   0.6737  -0.6186
    - offset: -0.0355471
    - vertices: p389(v88) p760(v73) p82(v41)
    - neighboring facets: f336 f414 f443
- f413
    - flags: top simplicial
    - normal:    0.5755   0.6686  -0.4709
    - offset: -0.03815817
    - vertices: p389(v88) p537(v55) p268(v8)
    - neighboring facets: f249 f442 f414
- f414
    - flags: bottom simplicial
    - normal:    0.5744   0.6523  -0.4945
    - offset: -0.03799446
    - vertices: p389(v88) p537(v55) p82(v41)
    - neighboring facets: f248 f412 f413
- f415
    - flags: bottom simplicial
    - normal:  -0.05423  0.09259   0.9942
    - offset: -0.0260065
    - vertices: p340(v89) p457(v51) p556(v6)
    - neighboring facets: f356 f416 f417
- f416
    - flags: top simplicial
    - normal:  -0.05446  0.00897   0.9985
    - offset: -0.02617878
    - vertices: p340(v89) p980(v78) p556(v6)
    - neighboring facets: f360 f415 f426
- f417
    - flags: bottom simplicial
    - normal:   -0.0492   0.2239   0.9734
    - offset: -0.02545383
    - vertices: p340(v89) p480(v65) p457(v51)
    - neighboring facets: f357 f415 f418
- f418
    - flags: top simplicial
    - normal:   0.08179   0.3049   0.9489
    - offset: -0.02775621
    - vertices: p340(v89) p480(v65) p395(v28)
    - neighboring facets: f399 f448 f417
- f423
    - flags: top simplicial
    - normal:   0.08267  -0.3844   0.9195
    - offset: -0.02926078
    - vertices: p142(v90) p317(v70) p606(v53)
    - neighboring facets: f323 f424 f425
- f424
    - flags: bottom simplicial
    - normal:   0.06966  -0.3721   0.9256
    - offset: -0.02894549
    - vertices: p142(v90) p980(v78) p606(v53)
    - neighboring facets: f360 f423 f426
- f425
    - flags: bottom simplicial
    - normal:    0.4582  -0.5551   0.6942
    - offset: -0.03595877
    - vertices: p142(v90) p317(v70) p597(v38)
    - neighboring facets: f321 f427 f423
- f426
    - flags: bottom simplicial
    - normal:   0.06879 -0.08119   0.9943
    - offset: -0.02898617
    - vertices: p142(v90) p340(v89) p980(v78)
    - neighboring facets: f416 f424 f450
- f427
    - flags: bottom simplicial
    - normal:    0.8458  -0.3201   0.4269
    - offset: -0.0394689
    - vertices: p142(v90) p597(v38) p621(v15)
    - neighboring facets: f160 f428 f425
- f428
    - flags: bottom simplicial
    - normal:     0.979 -0.06541   0.1929
    - offset: -0.03585934
    - vertices: p142(v90) p621(v15) p727(v2)
    - neighboring facets: f312 f430 f427
- f430
    - flags: top simplicial
    - normal:    0.9803 -0.005466   0.1973
    - offset: -0.03565526
    - vertices: p142(v90) p357(v45) p727(v2)
    - neighboring facets: f251 f428 f451
- f432
    - flags: bottom simplicial
    - normal:   -0.6658   0.6776   0.3123
    - offset: -0.03834913
    - vertices: p306(v91) p855(v64) p838(v46)
    - neighboring facets: f392 f433 f434
- f433
    - flags: top simplicial
    - normal:   -0.6631   0.7021   0.2594
    - offset: -0.03859257
    - vertices: p306(v91) p553(v80) p838(v46)
    - neighboring facets: f372 f432 f435
- f434
    - flags: top simplicial
    - normal:    -0.767   0.6074   0.2067
    - offset: -0.03927754
    - vertices: p306(v91) p855(v64) p796(v26)
    - neighboring facets: f295 f435 f432
- f435
    - flags: bottom simplicial
    - normal:   -0.6741   0.7166   0.1788
    - offset: -0.03888337
    - vertices: p306(v91) p553(v80) p796(v26)
    - neighboring facets: f371 f434 f433
- f438
    - flags: top simplicial
    - normal:   -0.4703   0.5776   0.6672
    - offset: -0.0363485
    - vertices: p22(v92) p360(v84) p838(v46)
    - neighboring facets: f392 f440 f455
- f439
    - flags: top simplicial
    - normal:   -0.1299   0.6979   0.7043
    - offset: -0.03790021
    - vertices: p22(v92) p513(v85) p480(v65)
    - neighboring facets: f399 f459 f441
- f440
    - flags: bottom simplicial
    - normal:    -0.124   0.9335   0.3364
    - offset: -0.0412409
    - vertices: p22(v92) p699(v63) p838(v46)
    - neighboring facets: f387 f438 f441
- f441
    - flags: bottom simplicial
    - normal:   -0.1107   0.9216   0.3719
    - offset: -0.04118296
    - vertices: p22(v92) p513(v85) p699(v63)
    - neighboring facets: f401 f440 f439
- f442
    - flags: top simplicial
    - normal:    0.5446   0.7295  -0.4139
    - offset: -0.03822089
    - vertices: p205(v93) p389(v88) p268(v8)
    - neighboring facets: f413 f445 f443
- f443
    - flags: bottom simplicial
    - normal:      0.43   0.6939  -0.5775
    - offset: -0.03625323
    - vertices: p205(v93) p389(v88) p760(v73)
    - neighboring facets: f412 f444 f442
- f444
    - flags: bottom simplicial
    - normal:    0.3909     0.87  -0.3005
    - offset: -0.03998705
    - vertices: p205(v93) p760(v73) p9(v54)
    - neighboring facets: f338 f446 f443
- f445
    - flags: bottom simplicial
    - normal:    0.5848   0.7762  -0.2357
    - offset: -0.03927837
    - vertices: p205(v93) p147(v72) p268(v8)
    - neighboring facets: f335 f442 f446
- f446
    - flags: top simplicial
    - normal:    0.4516    0.861  -0.2338
    - offset: -0.04016852
    - vertices: p205(v93) p147(v72) p9(v54)
    - neighboring facets: f406 f444 f445
- f447
    - flags: bottom simplicial
    - normal:     0.182   0.3694   0.9113
    - offset: -0.03021251
    - vertices: p375(v94) p93(v79) p395(v28)
    - neighboring facets: f454 f448 f449
- f448
    - flags: top simplicial
    - normal:    0.1116   0.3162   0.9421
    - offset: -0.02825413
    - vertices: p375(v94) p340(v89) p395(v28)
    - neighboring facets: f418 f447 f450
- f449
    - flags: bottom simplicial
    - normal:    0.3625   0.2405   0.9004
    - offset: -0.03365964
    - vertices: p375(v94) p142(v90) p93(v79)
    - neighboring facets: f452 f447 f450
- f450
    - flags: top simplicial
    - normal:    0.2765   0.2369   0.9314
    - offset: -0.03183601
    - vertices: p375(v94) p142(v90) p340(v89)
    - neighboring facets: f426 f448 f449
- f451
    - flags: bottom simplicial
    - normal:    0.8916    0.107     0.44
    - offset: -0.03866069
    - vertices: p380(v95) p142(v90) p357(v45)
    - neighboring facets: f430 f453 f452
- f452
    - flags: top simplicial
    - normal:    0.6549   0.2151   0.7245
    - offset: -0.03821196
    - vertices: p380(v95) p142(v90) p93(v79)
    - neighboring facets: f449 f454 f451
- f453
    - flags: bottom simplicial
    - normal:    0.4705   0.7008   0.5362
    - offset: -0.03851862
    - vertices: p380(v95) p357(v45) p395(v28)
    - neighboring facets: f409 f454 f451
- f454
    - flags: top simplicial
    - normal:    0.2681   0.4395   0.8573
    - offset: -0.03253034
    - vertices: p380(v95) p93(v79) p395(v28)
    - neighboring facets: f447 f453 f452
- f455
    - flags: bottom simplicial
    - normal:    -0.409   0.5252   0.7463
    - offset: -0.03491818
    - vertices: p804(v96) p22(v92) p360(v84)
    - neighboring facets: f438 f457 f459
- f456
    - flags: top simplicial
    - normal:   -0.1799   0.2915   0.9395
    - offset: -0.02873087
    - vertices: p804(v96) p833(v77) p556(v6)
    - neighboring facets: f356 f457 f458
- f457
    - flags: bottom simplicial
    - normal:   -0.5842   0.3125    0.749
    - offset: -0.03759735
    - vertices: p804(v96) p360(v84) p556(v6)
    - neighboring facets: f395 f456 f455
- f458
    - flags: bottom simplicial
    - normal:   -0.1579   0.3174   0.9351
    - offset: -0.02830177
    - vertices: p804(v96) p833(v77) p480(v65)
    - neighboring facets: f357 f459 f456
- f459
    - flags: top simplicial
    - normal:   -0.2349   0.4098   0.8814
    - offset: -0.03079428
    - vertices: p804(v96) p22(v92) p480(v65)
    - neighboring facets: f439 f458 f455
