3
1000 142 213
0.0669255 -0.00819056 -0.1664 
-0.02966 0.010105 -0.0833995 
-0.0650564 -0.01339 -0.166821 
0.0285179 -0.0240426 -0.0828246 
-0.0278273 0.00276062 -0.0679966 
-0.06971570000000001 -0.00892564 -0.178261 
-0.0311127 0.0138934 -0.175031 
-0.0592897 -0.007905489999999999 -0.194267 
-0.0243592 -0.0168674 -0.166052 
0.0256165 -0.0128586 -0.158125 
0.0346647 0.0138499 -0.0858826 
0.00565073 0.0276788 -0.0679652 
-0.0498524 -0.00393705 -0.194347 
-0.000339375 0.00855097 -0.06552330000000001 
0.0114242 0.00532858 -0.0749933 
-0.00732639 0.0367998 -0.07898040000000001 
0.0528476 -0.000922669 -0.141777 
-0.0164067 -0.0335393 -0.095874 
0.0357419 0.0110023 -0.0792722 
0.00130186 -0.0110694 -0.083256 
-0.00167195 0.013913 -0.0706772 
0.0284632 -0.0233558 -0.0720837 
0.0379265 -0.013047 -0.182135 
0.0362239 0.015631 0.00291145 
-0.0365603 0.008824439999999999 -0.0872912 
0.00105082 -0.0151891 -0.119654 
0.0219616 -0.0160987 -0.116797 
0.0686428 -0.00127222 -0.134724 
-0.0051775 -0.00469699 -0.0489058 
0.0572496 0.00447749 -0.141013 
0.0247287 0.0176904 -0.0835181 
0.0297925 -0.0224269 -0.09013110000000001 
-0.0153317 0.0165255 -0.14531 
0.049122 0.009178520000000001 -0.181547 
0.0264079 -0.0174055 -0.154034 
-0.0171644 0.0238638 -0.0844931 
 0.041 -0.009178739999999999 0.00914089 
0.0315688 0.0111638 -0.130101 
0.0395367 0.00427342 -0.142108 
-0.0231084 0.0214883 -0.0733731 
0.0572829 -0.00418351 -0.145024 
-0.0299627 0.00840728 -0.0754692 
-0.0113402 0.0195106 -0.0552519 
-0.009498349999999999 0.0046039 -0.08254640000000001 
0.0352504 0.0115304 0.009808280000000001 
0.0413735 -0.00614352 -0.134134 
-0.0527458 -0.008909200000000001 -0.191315 
-0.0401 -0.0147469 0.00260682 
-0.0318744 -0.00299096 -0.0444454 
0.0046387 0.0351413 -0.0858244 
-0.0142912 0.0111913 -0.151944 
0.0681307 0.0101349 -0.186625 
-0.0313153 0.00448249 -0.144983 
-0.0123349 0.0137397 -0.153088 
-0.0232944 -0.019018 -0.112515 
0.0224335 0.0114445 -0.0829857 
-0.00444322 0.0220319 -0.0451028 
-0.0309221 -0.00665546 -0.0456911 
-0.0737477 0.00932939 -0.182242 
0.07336529999999999 0.0101339 -0.185816 
0.0247819 -0.0114575 -0.103938 
-0.0344009 0.00873676 -0.0848009 
-0.006841 -0.0295977 -0.0750373 
-0.0619572 0.00391931 -0.147887 
0.0335478 -0.0164009 -0.106597 
-0.008462839999999999 0.00110908 -0.0534116 
0.0371694 -0.00272741 -0.0826284 
0.0322415 -0.00457887 -0.0849058 
0.07493569999999999 0.009703669999999999 -0.170562 
-0.0401 -0.0013875 0.0109931 
-0.0271652 0.0161549 -0.0746305 
0.0734045 0.0113799 -0.15773 
-0.00666718 0.0189098 -0.119276 
-0.0576081 0.000257919 -0.146064 
0.0101213 -0.0169849 -0.145592 
-0.0281693 -0.014133 -0.0705416 
-0.07091749999999999 -0.0127439 -0.139576 
-0.0126706 0.0186459 -0.0588606 
-0.00718477 -0.00452636 -0.0666775 
-0.0386574 0.0146489 0.00838651 
0.0128624 0.0111586 -0.125989 
-0.0749765 0.0135743 -0.177974 
-0.0361216 0.00493099 -0.0255506 
0.07601189999999999 0.00971517 -0.179579 
0.0213154 0.0180229 -0.119277 
0.0364178 -0.00655491 0.0145586 
0.0478845 0.00703449 -0.13737 
0.00274788 -0.0144303 -0.08326020000000001 
0.0701106 0.0146007 -0.159465 
0.0142317 0.011228 -0.125241 
0.0157313 0.0335888 -0.114993 
0.0245144 -0.0048549 -0.0680062 
-0.0689717 -0.00820505 -0.163215 
-0.0230519 0.0016921 -0.045141 
0.0349 0.0156057 0.00491233 
-0.0278499 0.0186563 -0.0852285 
-0.0193424 -0.00710647 -0.049009 
0.0202175 0.0111937 -0.153847 
0.00978736 0.0202141 -0.0521431 
0.0298908 -0.0132629 -0.037693 
-0.0121127 0.0183147 -0.074977 
-0.0310325 0.00581839 -0.0686692 
-0.0180695 -0.0108083 -0.152304 
-0.0587187 0.000183306 -0.202932 
-0.0350661 0.0069463 -0.0860913 
-0.0321 -0.00072866 -0.009903489999999999 
0.0266594 -0.0138663 -0.0779817 
0.0128521 0.0138068 -0.0749827 
0.0235046 -0.0168147 -0.0750212 
-0.040071 0.0137794 -0.182287 
-0.0467655 0.00421468 -0.182779 
0.0344993 0.0063165 -0.13793 
-0.0126764 -0.0170285 -0.141772 
0.035404 -0.0119219 -0.0821533 
0.0385739 -0.0106656 -0.00643239 
0.0116898 0.0191903 -0.0467213 
0.0752631 0.00482844 -0.184147 
0.0201412 -0.0131974 -0.0650167 
-0.04049 0.00700997 -0.132249 
-0.0553963 -0.00266114 -0.198345 
0.0334434 0.0166856 -0.09772119999999999 
-0.00798127 0.0184891 -0.0439768 
-0.0684287 -0.008877660000000001 -0.176655 
0.0663267 -0.0126289 -0.135914 
0.0123428 -0.014695 -0.0680186 
-0.0499162 0.0134835 -0.185495 
-0.0185647 0.0303401 -0.08379499999999999 
-0.0367826 0.00731279 -0.108734 
0.0337644 -0.0159375 -0.0761283 
-0.0329137 -0.0101925 -0.0427996 
0.0395046 0.0145371 -0.013057 
0.0164519 -0.0121033 -0.156285 
-0.0124652 0.0187895 -0.0663112 
-0.0634845 0.009409499999999999 -0.166438 
-0.0178201 0.0250812 -0.0848685 
0.009056989999999999 -0.008364979999999999 -0.0680106 
-0.0296314 -0.0150665 -0.09363009999999999 
0.0291019 -0.0108334 -0.132361 
0.0370072 0.00257234 -0.0122219 
-0.0304259 -0.0108265 -0.137873 
-0.0326741 -0.00705597 -0.176641 
0.00345147 0.0174719 -0.0726382 
-0.0131765 0.00184225 -0.0489977 
0.0269487 0.0211416 -0.117079 
0.071517 -0.0077757 -0.177473 
0.0618196 -0.00410272 -0.148567 
-0.0153533 -0.00164244 -0.171809 
0.0432781 0.0114535 -0.171027 
0.0184211 0.0127778 -0.0528514 
0.0399151 -0.0141849 0.00728553 
0.0285567 -0.0120394 -0.0830152 
0.0130466 0.0182593 -0.0506938 
-0.0451281 -0.0107656 -0.225976 
0.0293267 -0.0229874 -0.0934835 
0.0732719 0.0128709 -0.157075 
-0.0559198 -0.00648085 -0.19435 
-0.0489875 0.00469555 -0.217929 
-0.00803683 0.0104286 -0.0749869 
0.0515484 0.00820282 -0.133569 
0.0349 -0.00230689 0.0172341 
0.0589009 0.00467749 -0.194336 
0.0366508 -0.00689237 -0.112828 
-0.0620113 0.000214004 -0.192644 
-0.0489875 -0.000373556 -0.21915 
-0.00395409 0.0374199 -0.0960302 
0.0175799 -0.024938 -0.0832735 
-0.0358378 0.009597069999999999 -0.147524 
-0.02712 -0.00957501 -0.0849121 
0.0364069 -0.00525876 -0.178399 
-0.0187114 0.00965163 -0.160649 
0.00412579 -0.0370856 -0.0849746 
0.028058 0.0178363 -0.0801553 
0.0124132 0.008412060000000001 -0.06798949999999999 
-0.00386923 0.0111162 -0.06798609999999999 
-0.0185763 0.0284882 -0.0830887 
-0.0135173 0.00692025 -0.0638548 
-0.0138138 -0.0140984 -0.0490178 
0.0618548 0.0117245 -0.162215 
0.00455569 -0.0283576 -0.119336 
-0.0579747 -0.00520973 -0.178545 
-0.0271749 0.0122965 -0.156108 
-0.00461149 -0.0219227 -0.0522588 
0.038859 0.008267419999999999 0.00933113 
-0.0122648 -0.0216688 -0.07502730000000001 
-0.0235922 -0.0128869 -0.0490111 
0.003311 0.0112192 -0.125318 
-0.0277959 -0.00143157 -0.171074 
0.0125316 -0.027345 -0.0750345 
-0.0371421 0.00479865 -0.0982678 
0.0146798 0.00545682 -0.0829932 
0.024284 -0.00240963 -0.0788031 
0.00392536 0.0373401 -0.07244630000000001 
-0.0202042 0.0171585 -0.161168 
0.0226271 0.0121969 -0.156465 
0.032769 0.00496504 -0.0336804 
0.0117687 -0.0135312 -0.0830171 
-0.042057 -0.0120717 -0.16941 
-0.0627825 0.00927617 -0.179685 
0.0487875 0.00587779 -0.220845 
-0.0654378 -0.008984229999999999 -0.171431 
-0.0219844 0.00515832 -0.0567905 
-0.00255144 -0.0211911 -0.0750267 
-0.0352411 -0.0108244 -0.139517 
0.0206548 -0.0120819 -0.08325730000000001 
-0.0383701 -0.0103525 -0.136561 
0.0179209 -0.0174547 -0.155162 
0.0152695 -0.0318034 -0.084471 
0.0520534 -0.00300364 -0.130804 
0.0682654 -0.00416157 -0.141157 
0.015104 -0.0301981 -0.0847932 
-0.000895092 -0.015336 -0.119616 
-0.0699169 -0.0118986 -0.182711 
0.0583906 -0.00995001 -0.149831 
0.030677 -0.0046149 -0.0457473 
-0.0537027 0.0012455 -0.136917 
-0.0286412 -0.0240955 -0.106067 
0.015087 -0.00253817 -0.0744296 
-0.0316608 -0.0130359 -0.164852 
-0.0438921 0.00385522 -0.171521 
-0.0316683 0.009151899999999999 -0.0844641 
0.00094023 -0.0237438 -0.0830299 
0.0487656 -0.00806888 -0.208014 
0.0551968 -0.0108262 -0.131376 
0.0460101 0.0091425 -0.192655 
-0.00829161 -0.008433049999999999 -0.06801069999999999 
0.056665 0.00658159 -0.144265 
-0.0309848 -0.00559437 -0.0723319 
-0.0384459 -0.0122994 -0.0332203 
-0.01555 0.00260748 -0.169177 
0.0322128 0.018851 -0.104099 
-0.0006095439999999999 -0.00684128 -0.0455787 
-0.00100104 0.0375569 -0.0766329 
0.0183167 0.0310231 -0.116884 
0.0286417 -0.0191309 -0.07202409999999999 
-0.0648127 0.0064414 -0.152059 
0.0424 -0.00767782 -0.227679 
0.0702465 0.00259726 -0.175914 
0.000628441 0.0376023 -0.0882566 
0.0203104 0.0194143 -0.0779406 
-0.0294884 -0.0115035 -0.0387341 
0.00646043 -0.0246473 -0.0750311 
0.0185568 0.0121965 -0.156089 
0.009640080000000001 0.0300501 -0.074948 
-0.0742029 0.00102351 -0.179633 
0.0312233 0.00214278 -0.0728535 
-0.0116463 -0.0157278 -0.08301989999999999 
0.0359273 -0.00991009 -0.0842913 
-0.0157677 -0.0142941 -0.139225 
-0.0758973 -0.00705592 -0.176965 
-0.00788873 0.00329971 -0.0650102 
0.0152359 0.023715 -0.0832122 
-0.0620487 -0.00655616 -0.162188 
0.0702031 0.00439359 -0.168887 
0.06436219999999999 0.00511024 -0.14277 
-0.0307807 0.009996720000000001 -0.0719875 
-0.008280849999999999 0.0167889 -0.06797889999999999 
-0.00810114 -0.0127106 -0.0680161 
-0.0476973 -0.0134104 -0.190357 
0.00373661 -0.0145352 -0.07907400000000001 
0.0660659 0.000824836 -0.138527 
-0.0714761 -0.00891847 -0.183954 
0.0298379 0.00561179 -0.141838 
0.014894 0.0212381 -0.07497330000000001 
-0.0231987 -0.0292685 -0.0958628 
0.0272223 -0.0005663140000000001 -0.0830008 
0.0515518 -0.00805866 -0.191751 
0.0006488209999999999 0.00563826 -0.067993 
0.0118101 -0.00843291 -0.171185 
0.06337760000000001 -0.0125253 -0.177683 
0.06487950000000001 -0.00206916 -0.143221 
0.0112749 0.0141337 -0.138565 
0.0209486 0.00986364 -0.0832296 
-0.0154763 -0.0340033 -0.112108 
-0.0588388 -0.00163924 -0.133512 
0.0241007 0.0287014 -0.074707 
-0.0101637 -0.009960139999999999 -0.0750126 
-0.023963 0.0152359 -0.0679809 
-0.00961126 0.0261395 -0.0832092 
-0.00659932 0.0125174 -0.121704 
-0.0632016 0.00235751 -0.147618 
0.00295935 0.0374116 -0.107199 
-0.00570096 -0.0108251 -0.138926 
-0.0609735 -0.0134351 -0.131014 
-0.0584359 0.00717472 -0.194333 
0.0349242 0.0182221 0.00488118 
-0.0145232 -0.0159128 -0.07502010000000001 
-0.0247426 0.00551837 -0.08323510000000001 
0.0229 0.0171876 -0.0840379 
0.0395246 -0.0116879 -0.0109079 
-0.0475942 0.0136523 -0.17797 
0.0115532 -0.0304029 -0.0720383 
0.0548694 -0.00213788 -0.194345 
0.0640676 0.0101707 -0.175435 
-0.00523119 -0.00720297 -0.0680091 
-0.0189941 -0.00286846 -0.0490037 
-0.0318029 -0.00833831 -0.154454 
0.0378668 -0.00343786 -0.13882 
-0.029278 -0.00256726 -0.0390872 
-0.0237998 -0.0287757 -0.0920373 
0.000501306 0.0225141 -0.0507809 
-0.0344838 -0.00539209 -0.174767 
0.0314278 0.00348456 -0.07216160000000001 
-0.071604 -0.0089227 -0.180591 
-0.0763004 -0.00694088 -0.180579 
0.0142057 0.0120836 -0.145875 
0.0212402 -0.0151287 -0.07501910000000001 
0.00636991 -0.00169447 -0.172623 
-0.000385212 -0.00618171 -0.0832498 
-0.061855 -0.0102848 -0.16057 
-0.02382 0.0111615 -0.128309 
0.0141423 0.0204629 -0.07497429999999999 
-0.0451692 -0.0103112 -0.191488 
-0.0385763 0.0117689 -0.165299 
-0.0426 0.00986008 -0.206739 
-0.0207628 -0.0311338 -0.0863829 
0.0483588 0.00251144 -0.231569 
0.0114301 -0.009849220000000001 -0.169013 
-0.0136138 0.0248086 -0.0749688 
-0.0348688 -0.009157200000000001 -0.0287313 
0.07066070000000001 0.00419462 -0.134748 
0.0149452 -0.0165622 -0.0519723 
0.0294685 -0.00391964 -0.068005 
-0.0184758 -0.0121501 -0.0490153 
-0.051113 -0.0045332 -0.132522 
0.0204042 0.0236744 -0.0679703 
0.062018 -0.0126204 -0.142703 
0.00827258 -0.025189 -0.119332 
0.0369099 -0.0030513 -0.18206 
-0.0295972 -0.00579435 -0.169538 
0.0349 0.0156103 -0.00670548 
-0.0131661 -0.0349369 -0.0828948 
0.0310996 0.0170853 -0.0854051 
0.0523145 -0.000515729 -0.199676 
0.0322687 -0.0107907 -0.127616 
0.0760082 0.0102861 -0.179547 
-0.0745237 0.0101713 -0.165433 
-0.0503799 0.00831051 -0.206963 
-0.0256476 -0.0138984 -0.150223 
-0.00840218 0.0366171 -0.0825835 
0.0348939 -0.009161890000000001 -0.164776 
0.0376 0.00301958 -0.00781719 
-0.0134049 0.0351774 -0.0936126 
0.0285455 0.00435886 -0.0399989 
-0.0605484 0.000576095 -0.194341 
-0.072689 -0.00892097 -0.181971 
0.0578898 0.00666036 -0.129639 
-0.0667254 -0.00453562 -0.130603 
-0.0716717 -0.00740024 -0.177132 
-0.0210725 -0.0288646 -0.0720364 
0.0424 -0.00123004 -0.220256 
-0.0320584 -0.00721513 -0.07200910000000001 
-0.0337322 0.00447874 -0.142005 
0.0295531 0.0228963 -0.0893299 
0.00594409 -0.0284951 -0.11372 
-0.0407108 0.0130652 -0.167791 
-0.0549524 0.00828131 -0.183766 
-0.0321254 0.00210912 -0.176229 
0.0400595 -0.00528227 -0.169824 
0.0424 -0.0067187 -0.196479 
0.00504579 -0.0172577 -0.0490218 
-0.0174223 -0.0230058 -0.0803875 
0.0244769 0.0204433 -0.111832 
-0.0281658 0.00303877 -0.07954079999999999 
0.0219948 0.0152818 -0.110963 
-0.020765 -0.0201813 -0.07502549999999999 
-0.0128767 0.0146265 -0.142922 
-0.0105127 -0.0108311 -0.134181 
-0.0705136 -0.00471444 -0.175969 
-0.06801160000000001 0.0137979 -0.157256 
-0.0456398 0.00315659 -0.232338 
0.0341643 0.00142053 0.0118774 
0.0061074 -0.0145501 -0.0490184 
-0.07442410000000001 -0.00450673 -0.164617 
0.0143258 0.00936589 -0.0459646 
-0.00751073 -0.00405243 -0.0619931 
-0.0148 0.0213933 -0.06797309999999999 
0.0349 -0.0039857 -0.0181115 
0.0301373 -0.008725490000000001 -0.0702614 
0.06772259999999999 -0.0125435 -0.185432 
-0.0119622 0.0117484 -0.0749853 
0.0374045 0.00518777 -0.172083 
0.0538864 -0.009990580000000001 -0.183451 
-0.0170371 -0.0224949 -0.119328 
0.0288917 0.0238418 -0.07302 
-0.0285149 -0.0241676 -0.0953658 
-0.0354921 -0.00452819 -0.136507 
-0.0618899 -0.0129832 -0.15413 
0.023161 0.000349553 -0.0749996 
0.00370718 -0.0344962 -0.118037 
-0.0358398 -0.0157609 0.00600776 
0.0637525 0.00639781 -0.140673 
0.06893349999999999 0.0115566 -0.129782 
-0.0118289 -0.00990857 -0.0832545 
0.0323118 0.0187862 -0.107118 
-0.0074093 -0.00425376 -0.0507697 
0.0488396 0.00447195 -0.136609 
-0.00621325 -0.00314829 -0.0477904 
-0.0379213 -0.00495986 -0.0318909 
0.0599042 -0.0104744 -0.133301 
-0.04115 -0.0108524 -0.168335 
-0.0533929 0.008279170000000001 -0.182069 
-0.0148678 0.0121757 -0.139574 
-0.0489875 0.00902184 -0.211454 
-0.0108621 -0.0136814 -0.0440173 
0.00148882 0.0108075 -0.06798650000000001 
-0.0564918 -0.00276136 -0.198345 
-0.0325447 0.00458313 -0.0129793 
0.0707097 0.00774925 -0.176161 
-0.0229878 0.0192359 -0.0800128 
0.0405569 -0.0121976 -0.186125 
-0.0378015 -0.0112824 -0.00171091 
0.0495162 -0.009019269999999999 -0.183318 
-0.0371042 0.00543762 -0.113113 
-0.0116424 -0.035489 -0.0743799 
0.00559675 -0.009856119999999999 -0.0440124 
0.0174378 0.0261176 -0.07444000000000001 
0.0317252 0.0150501 -0.0397688 
0.0233674 0.019654 -0.106966 
-0.00168103 -0.009080299999999999 -0.08325349999999999 
-0.0186628 0.0207372 -0.0767762 
0.0382015 -0.0089385 -0.17436 
-0.00218117 -0.0152672 -0.119634 
-0.0647788 0.0137939 -0.154004 
-0.0187174 0.0110765 -0.0749861 
0.0369162 -0.00554447 -0.07971689999999999 
-0.0135291 0.0239487 -0.08321190000000001 
  0.04 -0.0153184 -0.00010012 
0.0350741 -0.0172665 -0.163295 
0.0327712 0.0156081 -0.117106 
-0.0241766 -0.011923 -0.112157 
0.0285905 0.0114421 -0.06798559999999999 
0.0738248 0.00360147 -0.161261 
0.0190825 0.0121922 -0.152688 
-0.0343858 0.0110859 -0.13144 
0.0143552 -0.024943 -0.0750315 
-0.07171370000000001 -0.00559697 -0.154566 
-0.0649347 -0.0112306 -0.13457 
-0.0237623 -0.00365274 -0.134946 
-0.0556375 -0.00789509 -0.202528 
0.0221232 0.011712 -0.0832273 
-0.0446861 -0.00607885 -0.194349 
0.0672894 0.00458179 -0.128523 
-0.0141064 0.0184667 -0.0649768 
0.0271791 0.00245292 -0.162859 
-0.009813519999999999 0.008275869999999999 -0.0489896 
0.0202061 -0.00691113 -0.0832508 
-0.000408791 -0.0109311 -0.125278 
0.00255628 0.00810225 -0.0642678 
0.0387512 0.000301256 -0.0142343 
-0.0234575 -0.0126249 -0.084858 
-0.0349733 -0.0132856 -0.0890609 
0.0710431 -0.00803799 -0.137968 
-0.0251373 -0.0236596 -0.0720298 
0.0358529 -0.0103646 -0.100314 
-0.046755 0.0112215 -0.215676 
 0.033 0.009256759999999999 0.00351517 
-0.06615649999999999 0.00219198 -0.188328 
-0.0252854 0.0141693 -0.08840290000000001 
0.0295149 -0.00427673 -0.0467741 
0.0166963 0.0149919 -0.0513863 
0.0157557 0.030768 -0.0829613 
0.06376270000000001 -0.0126051 -0.154815 
0.0323206 -0.00656272 -0.0720083 
0.0376745 -0.0153148 0.00458954 
-0.0114525 -0.0108004 -0.158588 
0.0254385 -0.0272939 -0.105351 
-0.0176667 0.0232591 -0.0821935 
-0.0626612 -0.00924413 -0.128058 
0.0264878 0.00164032 -0.08323999999999999 
0.0555124 -0.0120077 -0.189007 
-0.0652836 -0.00336254 -0.129045 
0.0149056 0.0344576 -0.111905 
-0.000740904 -0.0107994 -0.159415 
-0.000974174 -0.0332273 -0.0848839 
-0.0617575 0.00352526 -0.198003 
0.028455 0.011178 -0.141409 
0.0130016 -0.00140035 -0.0680018 
0.0436489 -0.00159539 -0.141624 
-0.0426 0.000627446 -0.211846 
0.0360221 0.0164725 -0.009241320000000001 
0.0557075 0.0102441 -0.18738 
0.0298003 -0.011159 -0.0465638 
-0.0021354 0.0163222 -0.06442639999999999 
-0.0418566 -0.0134204 -0.182429 
-0.0590718 -0.00453664 -0.12979 
-0.0579049 -0.000347975 -0.178565 
0.0177806 -0.0121141 -0.0825688 
-0.0328762 -0.009154259999999999 -0.0428633 
-0.0126466 -0.00636197 -0.0629204 
-0.00661271 -0.0214158 -0.0523598 
0.0584546 -0.00285499 -0.204261 
0.008102079999999999 -0.0364427 -0.109963 
0.0365888 0.0110846 -0.135878 
-0.013662 0.0139629 -0.143216 
0.06656629999999999 0.0135181 -0.128513 
-0.0332112 0.0075015 -0.042262 
-0.0313024 -0.0206204 -0.102129 
0.0483168 -0.0092347 -0.200239 
0.0151427 0.0224534 -0.0679718 
-0.06372650000000001 0.000883553 -0.143529 
-0.0426 -0.00122053 -0.214968 
-0.07020460000000001 0.0042432 -0.167224 
-0.0594807 0.0115804 -0.133119 
-0.0306571 -0.0122333 -0.0367107 
0.00374284 -0.0112928 -0.0680143 
-0.0302734 -0.022098 -0.0771765 
0.0126995 -0.0130501 -0.0450994 
0.0521106 0.009561170000000001 -0.141356 
-0.00302647 -0.0372825 -0.0771502 
-0.0153899 0.0118646 -0.122746 
-0.0110988 -0.0153144 -0.15168 
0.0399 -0.0142194 0.011144 
-0.0128509 0.009035069999999999 -0.0672681 
0.0440379 0.00447246 -0.137017 
-0.0299304 0.00940067 -0.12395 
0.07357569999999999 0.000210818 -0.18231 
0.0177961 -0.0151312 -0.044536 
-0.0426 -0.00740557 -0.209536 
0.0148503 -0.0276222 -0.07280789999999999 
-0.055317 0.00446535 -0.131365 
-0.031681 0.0200834 -0.0979124 
-0.0721021 0.0137289 -0.158995 
0.0259168 -0.0183814 -0.08357439999999999 
-0.0490517 -0.00596042 -0.135663 
-0.0199271 -0.0171783 -0.119323 
0.0011152 -0.0296211 -0.0750373 
-0.0692067 -0.013377 -0.17717 
0.0368617 -0.00963838 0.007945809999999999 
-0.0164577 -0.0267173 -0.06958499999999999 
-0.042657 -0.00452814 -0.136544 
0.06704640000000001 -0.00341195 -0.157883 
-0.00563582 -0.0283854 -0.111398 
-0.0281969 0.0136585 -0.09101770000000001 
0.0732536 0.0145657 -0.171223 
0.027708 0.0166104 -0.07197919999999999 
0.0219653 0.025397 -0.0841949 
0.0272795 0.0129779 -0.0414968 
0.0509737 -0.0113678 -0.144746 
0.008175099999999999 -0.00164362 -0.0513656 
-0.0401 -0.00514501 -0.0256606 
0.0438373 0.009266460000000001 -0.171966 
-0.00804757 0.0269497 -0.08320809999999999 
-0.0156829 0.0228626 -0.0806817 
-0.0489669 0.00932972 -0.204115 
0.0621755 0.0111137 -0.174587 
0.055908 0.0121631 -0.138842 
-0.0341131 -0.0154864 -0.0762471 
0.0387594 -0.0145646 -0.00646074 
0.0137699 -0.0234575 -0.11933 
-0.009336219999999999 -0.008938049999999999 -0.0750113 
0.0382197 -0.00759282 0.0128992 
-0.0189209 -0.0108267 -0.137702 
0.0643068 0.0125352 -0.135979 
0.0191324 -0.0164077 -0.143211 
0.00446884 0.0181138 -0.0829773 
0.06973119999999999 0.0091869 -0.164927 
-0.0156605 0.0127069 -0.08127089999999999 
-0.0292336 0.023494 -0.08797480000000001 
0.0144369 0.01637 -0.0679794 
-0.0045913 0.0276758 -0.117922 
0.0380511 -0.014855 0.00225427 
-0.0639772 0.0094158 -0.171444 
-0.0182472 -0.0162456 -0.0832625 
0.0405428 -0.00584369 -0.00684534 
0.0131216 -0.0117229 -0.0680148 
-0.00460775 -0.0108184 -0.128378 
-0.052696 -0.0124287 -0.13669 
0.0372247 0.007833929999999999 0.0124912 
-0.047942 -0.0134223 -0.180897 
0.0602385 0.0141828 -0.131772 
-0.0005123010000000001 0.0180571 -0.0537121 
-0.0282034 -0.00222635 -0.0832449 
-0.0272917 -0.0255831 -0.0959894 
 0.041 0.00855758 -0.008139820000000001 
0.013045 -0.0164948 -0.145339 
0.0391037 -0.00514028 -0.0315406 
0.0647481 0.010127 -0.180372 
-0.000772621 -0.0169837 -0.0680214 
0.00514562 -0.0347161 -0.08338139999999999 
-0.0350592 0.00446667 -0.132412 
-0.0401 -0.00763189 -0.0170423 
-0.003889 0.0161857 -0.0489797 
-0.031934 0.0196344 -0.08921229999999999 
-0.0244527 -0.0237157 -0.11857 
0.0348723 -0.0115472 -0.00318885 
0.01073 -0.0109513 -0.0830138 
0.0336097 -0.0108939 -0.0851026 
-0.008857429999999999 0.000223282 -0.0489998 
0.0356442 -0.0110721 -0.10726 
0.0560823 0.00657962 -0.142698 
0.0654819 0.00943073 -0.163607 
0.0515805 0.00658193 -0.144538 
-0.00135711 0.012379 -0.0829845 
-0.0297011 0.00398111 -0.150665 
-0.06953040000000001 0.0138329 -0.185 
-0.0349376 0.00547997 -0.07903399999999999 
0.0399 0.00214735 -0.0190665 
0.0621278 0.0137077 -0.176838 
0.010225 -0.000342078 -0.06800050000000001 
0.0449575 0.00447083 -0.135721 
0.07389809999999999 0.0006592599999999999 -0.161879 
-0.07261720000000001 -0.010758 -0.149485 
-0.0441597 -0.0108023 -0.196836 
0.06608360000000001 -0.00101866 -0.13851 
0.0110107 -0.00108053 -0.0440014 
-0.0535956 -0.0104993 -0.192559 
0.024885 -0.00918917 -0.0750116 
-0.0338187 -0.0160596 -0.0845852 
-0.06419320000000001 0.0138039 -0.161971 
-0.0617575 0.00131151 -0.194579 
-0.0733833 -0.00646675 -0.155898 
-0.0300001 0.0089874 -0.156635 
-0.0182363 -0.0250618 -0.0680316 
-0.0477216 -0.0089167 -0.18536 
0.0349 -0.0172515 0.000381851 
0.0151761 0.00401352 -0.048995 
0.00784524 0.0134786 -0.0679831 
-0.0135253 -0.0179318 -0.064845 
-0.0259778 -0.01226 -0.150607 
-0.0531251 -0.00542843 -0.136313 
-0.0314031 0.008227709999999999 -0.141185 
0.06471449999999999 0.014598 -0.1709 
0.0670052 0.0145845 -0.146611 
0.0487875 -0.00453919 -0.224715 
0.0396586 -0.0133425 -0.008677209999999999 
0.00528897 0.0244413 -0.0832113 
-0.041191 -0.00452571 -0.138629 
-0.032821 0.00712655 0.0020149 
0.00419026 0.0211888 -0.0749734 
0.0374489 -0.00800608 -0.011719 
-0.0375757 0.00287787 -0.122194 
-0.0247886 -0.00427295 -0.0790054 
-0.0199539 0.0111993 -0.158358 
-0.0272789 0.00987027 -0.122441 
-0.0335185 0.0111801 -0.143093 
-0.07155110000000001 0.0037838 -0.186021 
-0.000547276 -0.0161737 -0.045425 
0.0646636 0.0145875 -0.148991 
-0.0250413 -0.0109023 -0.07760400000000001 
0.00411461 0.0197945 -0.119275 
-0.0434364 -0.00897805 -0.171004 
0.0466648 0.00944478 -0.183309 
0.0219862 -0.0155318 -0.111284 
-0.00679844 0.0201941 -0.119275 
0.0218186 -0.00440074 -0.07886460000000001 
0.009770040000000001 0.020237 -0.0642706 
-0.013899 0.0156577 -0.147135 
-0.0268833 -0.0106896 -0.154807 
0.0136483 -0.033755 -0.116143 
0.035256 -0.0122 -0.108023 
0.0676431 0.0146109 -0.167581 
-0.0105458 0.000516714 -0.0848414 
0.0516411 -0.00453383 -0.132026 
-0.034202 0.0154678 -0.07848810000000001 
-0.000746618 -0.0260702 -0.0750329 
0.0195986 0.0191653 -0.07422090000000001 
-0.007908750000000001 -0.0326547 -0.118731 
-0.0713406 -0.00464593 -0.151438 
0.0487875 -0.00290822 -0.223452 
-0.0623607 -0.0127257 -0.181353 
-0.0517159 -0.00891755 -0.184684 
0.00319584 0.0189417 -0.0489762 
0.0379428 0.00179303 0.013402 
0.0711582 -0.000604507 -0.138923 
-0.0487345 0.00230641 -0.181899 
-0.0317889 0.00448162 -0.14429 
0.018683 -0.0323318 -0.0739648 
-0.0401 -0.00030917 -0.0204504 
-0.0329325 -0.0178384 -0.0999695 
0.0189527 -0.008684610000000001 -0.083011 
0.0273809 0.0032323 -0.162461 
0.0472119 0.00480897 -0.194336 
0.00249246 0.00855581 -0.0679893 
-0.0104271 0.0105914 -0.0489867 
-0.0069874 0.0154009 -0.145859 
0.000906102 -0.0228284 -0.119329 
0.0533922 -0.00805842 -0.191941 
0.0292778 0.0233995 -0.110308 
0.0118816 0.0107481 -0.0829865 
0.007911609999999999 -0.0270455 -0.08327610000000001 
0.0135018 -0.0120224 -0.141077 
-0.0319552 0.0197326 -0.109455 
-0.00577943 -0.0368571 -0.101419 
-0.0486415 -0.00319777 -0.143257 
-0.0637851 -0.008924120000000001 -0.177707 
0.0427578 0.00447104 -0.135888 
0.0453894 0.0121559 -0.19178 
0.0424 0.007476 -0.197539 
0.0641591 -0.00526019 -0.150804 
0.0470575 0.00446707 -0.132729 
0.0383439 0.00405594 0.01181 
0.0349 -0.0119883 -0.009231609999999999 
0.0424 -0.0042877 -0.221623 
-0.0401 -0.0139586 -0.00124911 
0.00140188 -0.0367152 -0.07204629999999999 
0.00825044 -0.0287763 -0.0750363 
0.0686423 0.00647526 -0.139235 
-0.0239824 -0.010839 -0.127922 
-0.0428431 -0.00627726 -0.23235 
0.0276522 0.00259556 -0.130899 
-0.0103946 0.0112561 -0.0679859 
-0.0304137 -0.0108259 -0.138351 
-0.00158022 0.0375918 -0.09640550000000001 
-0.0720145 0.000125308 -0.157079 
0.0120547 0.0355368 -0.0758711 
-0.0273973 -0.0254777 -0.0763175 
-0.0347888 -0.00513947 -0.0765581 
0.07331840000000001 -0.00621277 -0.173907 
 0.033 0.008229790000000001 0.00335513 
-0.0464701 0.013391 -0.191593 
0.0626945 0.00986921 -0.183596 
0.033003 0.00454192 -0.0719943 
-0.07296 0.00197657 -0.184409 
-0.0227751 0.0111781 -0.141507 
0.0392008 0.0104534 -0.184721 
0.0163033 0.00297826 -0.172391 
-0.00857865 -9.629490000000001e-05 -0.0523219 
-0.0400133 0.0142452 -0.00496325 
-0.0735625 0.0124713 -0.158504 
-0.0309393 -0.0120012 -0.157961 
0.0201202 0.0175354 -0.14731 
-0.06524149999999999 -0.00093342 -0.135816 
-0.0538078 0.009179039999999999 -0.132291 
-0.0369382 -0.000324928 -0.1634 
0.0360203 -0.0149584 -0.0055622 
0.0424 -0.00311398 -0.220146 
0.0219813 0.0168211 -0.110035 
0.0264458 0.0142981 -0.0679821 
0.0424 -0.000447724 -0.212348 
0.0263963 -0.0263762 -0.072519 
0.0547565 0.0101349 -0.186596 
-0.0218931 -0.0241081 -0.0832724 
-0.0201089 0.0218057 -0.0749726 
-0.0322749 -0.0185434 -0.114908 
0.00441958 0.021967 -0.0458539 
-0.07410849999999999 0.007935269999999999 -0.178834 
-0.0231492 0.0107759 -0.0437523 
0.00349356 -0.0275323 -0.0750347 
-0.0518706 0.0017031 -0.19434 
0.0546124 0.00918769 -0.188836 
0.039848 0.0108764 0.00616329 
0.0175197 -0.000876563 -0.171948 
0.0324214 0.0187327 -0.0826088 
-0.0167543 -0.0150253 -0.0670369 
0.0702209 -0.0125873 -0.169013 
0.000118904 0.0128509 -0.121315 
0.0537198 -0.00607255 -0.146714 
-0.000696737 0.0205162 -0.119274 
0.07357900000000001 0.0006441179999999999 -0.176082 
-0.00825708 -0.00746408 -0.0745909 
-0.0360276 -0.0104664 -0.101478 
0.0379068 -0.00453517 -0.130957 
0.018009 -0.0326674 -0.105888 
0.00717544 -0.0212205 -0.0540773 
-0.0208352 -0.0173595 -0.151371 
0.0341496 -0.00647745 -0.175763 
0.0198962 -0.0260403 -0.118999 
-0.0622235 0.0125843 -0.135128 
-0.00213654 0.0163161 -0.0630053 
-0.0316589 -0.013595 -0.164845 
0.0370986 0.00428472 -0.163815 
-0.0245453 0.0199455 -0.0707107 
0.0702484 0.000925943 -0.169271 
0.0713854 -0.000486364 -0.153484 
-0.0271007 -0.0160283 -0.0715576 
-0.0717651 0.0105852 -0.186804 
0.00939711 0.00460765 -0.171476 
-0.0595994 -0.00112942 -0.144024 
0.0424 -0.00350162 -0.230245 
0.0399 0.00655614 -0.0265041 
0.0446444 -0.009942660000000001 -0.20446 
-0.03984 -0.00143722 -0.0212964 
0.0170984 0.0333913 -0.07485600000000001 
0.0169894 -0.0199314 -0.0704494 
0.0119223 -0.00155949 -0.083244 
0.00236448 -0.0172975 -0.08302180000000001 
-0.0358544 0.00715371 -0.07739890000000001 
0.00399129 -0.0220158 -0.0628769 
0.0225918 -0.0174514 -0.15783 
0.0393533 0.0159332 0.0101947 
-0.0133947 0.0239193 -0.0679699 
0.00858593 -0.0107905 -0.166464 
-0.0242917 0.0122429 -0.0749847 
0.0263188 0.008248999999999999 -0.0423746 
0.0716427 0.00478451 -0.176847 
-0.0348316 0.0140231 -0.0810743 
-0.0259149 -0.0133739 -0.168991 
0.0302104 -0.00356804 -0.0832466 
0.0480969 -0.00829707 -0.189657 
-0.0426 -0.008300119999999999 -0.215448 
0.0424 0.00494508 -0.210515 
0.0282813 0.0146008 -0.07911169999999999 
-0.00154209 -0.0151701 -0.07501919999999999 
-0.039377 0.00875656 0.00315782 
-0.0144069 0.0179254 -0.0659434 
-0.0239912 -0.0119725 -0.121463 
0.008037040000000001 0.0128933 -0.0829838 
0.0311721 -0.00243257 -0.0737816 
0.0505729 -0.0124646 -0.186992 
-0.0281929 -0.0108362 -0.130166 
-0.0323571 0.0009554229999999999 -0.00731501 
-0.0226329 0.014199 -0.103067 
-0.0357563 0.00492502 -0.0340395 
0.0424 0.00456581 -0.226426 
-0.0143569 -0.00742629 -0.172192 
-0.0663246 0.01378 -0.142996 
-0.0366157 -0.00829423 -0.0910195 
-0.00799703 0.0167792 -0.119333 
-0.0145871 -0.0289159 -0.0720365 
0.0226266 0.008569820000000001 -0.0489893 
0.0606055 -0.0070474 -0.200694 
-0.0157139 -0.00557869 -0.0830071 
0.0176361 0.0331114 -0.0746042 
0.026923 0.0109239 -0.155469 
-0.00903141 0.0157514 -0.0749802 
-0.000749346 -0.0172495 -0.0647421 
0.0268439 -0.0208493 -0.114449 
-0.0358545 -0.0106045 -0.117832 
-0.0314597 -0.00148526 -0.0741661 
-0.0314811 0.00293801 -0.0370475 
0.0216411 -5.60294e-05 -0.0750001 
0.0115198 0.022985 -0.119271 
0.0373935 0.00981954 -0.0126285 
-0.0610677 0.000473346 -0.194341 
0.0158217 0.0175374 -0.148842 
0.0296305 -0.0161859 -0.155338 
0.0242777 0.0115417 -0.08370859999999999 
-0.0106557 -0.0118189 -0.143868 
-0.0332541 -0.00827686 -0.137563 
-0.00415364 0.0152221 -0.0749809 
-0.0402811 -0.008873860000000001 -0.172974 
-0.00715984 0.00216074 -0.0848394 
-0.0592298 -0.00359864 -0.129017 
-0.0273091 -0.0185691 -0.0992499 
0.0563458 0.0124739 -0.130589 
0.0166439 0.00551154 -0.0439931 
0.0557115 -0.00136812 -0.194946 
0.008256029999999999 -0.00102774 -0.0522873 
0.0417718 -0.011835 -0.187655 
0.000499632 -0.0119142 -0.0832571 
-0.0345592 0.008392459999999999 -0.119163 
-0.0730253 -0.0133685 -0.183904 
0.0329434 -0.00451496 -0.147018 
-0.0239468 0.0150585 -0.0464953 
0.0340406 0.0156091 -0.0937868 
0.0104042 0.0170541 -0.07497860000000001 
-0.0351931 0.00350038 -0.131795 
0.07532170000000001 0.00084349 -0.173807 
-0.0257281 -0.0110462 -0.118486 
0.0185351 -0.012113 -0.148538 
0.0475348 0.0103241 -0.186777 
0.0129772 -0.00267139 -0.0832454 
0.0701676 -0.00606133 -0.168602 
-0.0528746 0.00894577 -0.13287 
0.0371388 0.00681012 0.0130445 
-0.0534823 -0.012234 -0.13646 
0.0424 0.00171779 -0.203608 
-0.0583294 -0.00359339 -0.201249 
-0.0267267 -0.0226789 -0.08323469999999999 
-0.00315227 0.029242 -0.119263 
0.040035 0.00198392 0.0130883 
-0.0464699 0.00327248 -0.131486 
-0.0270189 0.02112 -0.102987 
-0.0141055 0.00318184 -0.043996 
-0.0132175 0.0176401 -0.151029 
0.07057629999999999 0.010134 -0.185926 
-0.00496175 -0.0211612 -0.0750267 
-0.0726484 0.00637386 -0.173193 
0.0264739 -0.0134846 -0.0423124 
0.0362291 -0.0108023 -0.137733 
-0.0189768 -0.008105360000000001 -0.0738835 
-0.0315311 -0.0202582 -0.10574 
0.0172808 -0.0121063 -0.15389 
0.036263 -0.00870303 -0.08210870000000001 
-0.0720199 0.0126172 -0.18658 
0.0484865 -0.00484477 -0.142541 
-0.0513058 -0.0100313 -0.139309 
-0.0321 0.0108964 -0.0123745 
0.0508307 0.00918151 -0.183927 
-0.07056999999999999 0.000245822 -0.170291 
-0.0726151 0.00183632 -0.177683 
-0.0062789 0.0150971 -0.0440115 
-0.0426 -0.00305073 -0.202068 
0.0179977 -0.00645383 -0.0733395 
-0.0160239 -0.000764124 -0.049001 
0.0131348 0.0348951 -0.0858561 
-0.0196913 0.010993 -0.06505320000000001 
0.0282493 0.0114166 -0.11258 
-0.0196875 0.0320854 -0.107584 
-0.00434979 -0.0152175 -0.119646 
0.0227291 0.0141028 -0.0489823 
0.00411439 -0.0108289 -0.135956 
0.00548776 0.0111959 -0.155629 
0.017458 0.033123 -0.0983286 
0.0308244 0.0111655 -0.131475 
0.000281093 0.0180821 -0.0669081 
-0.0290891 -5.52225e-05 -0.145291 
-0.00760078 -0.0324717 -0.0720409 
-0.00811221 0.00274734 -0.0547902 
-0.0312984 0.00965135 -0.120239 
-0.032333 0.0150233 -0.175918 
0.0536017 0.00448073 -0.143586 
-0.0652633 0.00236313 -0.162478 
-0.0182585 0.00883549 -0.16684 
-0.0131943 -0.0231694 -0.0830292 
-0.000821274 0.0111903 -0.151181 
 0.033 -0.00904918 0.0068324 
-0.0744886 0.00611253 -0.182021 
-0.0327684 0.00218953 -0.0815261 
0.00336712 0.0111934 -0.15365 
-0.030332 0.00488686 -0.148456 
-0.030771 0.0124665 -0.0364824 
0.00928139 -0.025914 -0.07503269999999999 
0.06457010000000001 -0.00728101 -0.127899 
0.0295389 0.0119455 -0.114187 
0.0210416 -0.0287765 -0.0858382 
0.0203923 0.0131696 -0.121012 
0.0222387 0.00242832 -0.0507789 
0.024416 0.0172507 -0.08297839999999999 
-0.0288599 -0.020524 -0.109764 
0.0555833 -0.00705784 -0.192395 
0.0374758 0.00999595 -0.009269009999999999 
0.0345233 -0.0119033 -0.162383 
-0.0245524 -0.0104782 -0.043532 
0.0134499 0.009672750000000001 -0.0679879 
-0.00591637 -0.00605526 -0.0680077 
-0.00635512 -0.01963 -0.0832668 
0.0387819 0.0142457 -0.0136262 
-0.07250810000000001 -0.00199573 -0.14856 
0.0372662 -0.0188462 0.00137958 
-0.0309728 0.0063092 -0.068413 
-0.0191985 -0.0103427 -0.0446125 
0.00312559 0.0135548 -0.082983 
-0.0374884 0.00240247 -0.104266 
0.00839875 0.0105785 -0.168987 
-0.008879730000000001 0.0173863 -0.08322019999999999 
-0.0737696 0.0122844 -0.159922 
0.00856196 0.0110517 -0.0489861 
0.00935266 0.0245952 -0.0749691 
-0.0369516 0.00662843 -0.116532 
0.00536526 0.00773628 -0.08202959999999999 
-0.0115528 0.0335524 -0.0856541 
-0.0446014 0.00919098 -0.231796 
0.0239493 -0.00672756 -0.06646489999999999 
-0.0136325 0.0172673 -0.153215 
0.0730311 0.0101203 -0.175034 
0.0152131 -0.0341196 -0.07693800000000001 
-0.07018580000000001 0.0138119 -0.168347 
0.0319049 -0.0193967 -0.07480100000000001 
0.0723005 0.00217287 -0.148491 
-0.046571 -0.0108028 -0.196415 
0.0209135 -0.0174399 -0.147819 
-0.06983830000000001 0.0137377 -0.141339 
0.00557381 0.0315836 -0.0829603 
0.0175833 0.0260743 -0.069701 
0.0145311 -0.024175 -0.08303049999999999 
-0.06908309999999999 -0.008991290000000001 -0.165821 
-0.0351033 0.0148317 -0.0306327 
-0.0610112 -0.0134166 -0.145718 
-0.0318879 -0.0145206 -0.113469 
-0.0305284 -0.0138874 -0.0369358 
0.00360847 0.0102579 -0.06798709999999999 
-0.0224802 0.0263949 -0.08296679999999999 
-0.0200268 0.00459639 -0.0765797 
0.0222112 0.0291458 -0.0860634 
0.0105532 -0.0138766 -0.138843 
-0.0355897 0.0117171 -0.0964561 
-0.0566957 0.00567021 -0.135223 
0.00293966 0.0223326 -0.0670678 
0.0487875 0.00891551 -0.228474 
0.034177 -0.00102455 -0.175788 
0.0601758 -0.00124756 -0.137091 
0.008128109999999999 0.0111627 -0.129226 
-0.000300032 -0.0353725 -0.0856841 
0.0399 0.013177 -0.0118157 
0.0165196 0.0121799 -0.142914 
-0.0216773 0.0187717 -0.0749764 
0.0110109 -0.010182 -0.0468246 
0.057573 0.00428366 -0.178607 
-0.07126490000000001 0.0048722 -0.186253 
-0.0113334 0.00460412 -0.082723 
-0.06690749999999999 0.0137689 -0.134191 
-0.06691610000000001 0.0138149 -0.170733 
-0.0194761 -0.00140688 -0.0490018 
-0.0025705 0.0105401 -0.0443175 
-0.0281917 -0.0173455 -0.162455 
0.0220466 0.0149532 -0.119096 
-0.037179 6.643610000000001e-05 -0.115569 
0.0704357 -0.00570229 -0.170848 
-0.0410976 -0.00757913 -0.141699 
0.062324 0.0115533 -0.166147 
0.00873733 0.000574149 -0.0450296 
-0.0426 0.009649039999999999 -0.218686 
0.0352306 0.0139084 -0.0284774 
-0.0642909 -0.008878509999999999 -0.175978 
-0.0476737 -0.01064 -0.223066 
0.062884 -0.0126108 -0.150335 
-0.0213277 -0.00340912 -0.170055 
0.0199449 0.009370089999999999 -0.08323029999999999 
-0.0308968 0.00498059 -0.17479 
3 79 159 69 
3 159 389 69 
3 389 159 511 
3 601 841 303 
3 841 369 303 
3 779 159 79 
3 413 389 508 
3 682 413 508 
3 491 946 744 
3 248 601 303 
3 123 451 744 
3 116 847 83 
3 969 280 942 
3 533 280 969 
3 280 191 237 
3 159 860 511 
3 779 860 159 
3 413 330 841 
3 601 76 841 
3 76 413 841 
3 76 928 69 
3 76 601 928 
3 491 152 682 
3 152 491 235 
3 491 378 235 
3 378 491 744 
3 170 682 508 
3 170 491 682 
3 491 170 946 
3 601 610 928 
3 248 610 601 
3 378 623 235 
3 451 929 511 
3 123 929 451 
3 929 389 511 
3 946 666 744 
3 666 123 744 
3 929 666 946 
3 666 929 123 
3 451 707 744 
3 847 707 451 
3 707 378 744 
3 707 847 116 
3 378 707 116 
3 59 533 969 
3 315 969 942 
3 369 315 942 
3 315 768 235 
3 623 315 235 
3 59 315 116 
3 315 59 969 
3 315 378 116 
3 315 623 378 
3 369 874 303 
3 874 369 942 
3 191 231 237 
3 231 191 79 
3 772 533 779 
3 284 779 79 
3 191 284 79 
3 36 451 511 
3 860 36 511 
3 319 847 451 
3 36 319 451 
3 319 36 860 
3 319 860 779 
3 391 319 779 
3 59 334 533 
3 334 116 83 
3 334 59 116 
3 847 334 83 
3 319 334 847 
3 413 47 389 
3 76 47 413 
3 389 47 69 
3 47 76 69 
3 698 369 841 
3 698 315 369 
3 315 698 768 
3 768 698 235 
3 698 152 235 
3 272 152 841 
3 152 272 682 
3 330 272 841 
3 272 413 682 
3 272 330 413 
3 694 170 508 
3 170 694 946 
3 694 929 946 
3 389 694 508 
3 929 694 389 
3 952 718 81 
3 928 718 69 
3 718 79 69 
3 718 952 79 
3 907 81 303 
3 874 907 303 
3 907 874 81 
3 874 594 81 
3 164 594 280 
3 594 164 81 
3 280 594 942 
3 594 874 942 
3 341 164 338 
3 164 341 81 
3 952 341 338 
3 341 952 81 
3 702 280 237 
3 702 164 280 
3 231 702 237 
3 702 231 164 
3 164 15 338 
3 231 15 164 
3 15 231 79 
3 952 15 79 
3 15 952 338 
3 704 191 280 
3 704 284 191 
3 772 704 533 
3 704 772 779 
3 284 704 779 
3 154 319 391 
3 334 154 533 
3 533 154 779 
3 154 391 779 
3 152 995 841 
3 995 698 841 
3 698 995 152 
3 81 335 303 
3 335 248 303 
3 335 610 248 
3 610 335 928 
3 471 280 533 
3 704 471 533 
3 471 704 280 
3 71 334 319 
3 154 71 319 
3 71 154 334 
3 718 936 81 
3 936 335 81 
3 936 718 928 
3 335 936 928 
Vertices and facets:
- p159(v15): 0.035 -0.0023 0.017
- p79(v8): -0.039 0.015 0.0084
- p69(v5): -0.04 -0.0014 0.011
- p389(v16): -0.036 -0.016 0.006
- p511(v9):  0.04 -0.014 0.011
- p601(v18): -0.073 -0.011 -0.15
- p841(v10): -0.073 -0.013 -0.18
- p303(v1): -0.076 -0.0069 -0.18
- p369(v22): -0.046 0.0032 -0.23
- p779(v28): 0.039 0.016  0.01
- p413(v29): -0.012 -0.035 -0.074
- p508(v3): -0.003 -0.037 -0.077
- p682(v17): -0.0058 -0.037  -0.1
- p491(v31): 0.0081 -0.036 -0.11
- p946(v21): 0.015 -0.034 -0.077
- p744(v11):  0.07 -0.013 -0.17
- p248(v32): -0.076 -0.0071 -0.18
- p123(v34): 0.066 -0.013 -0.14
- p451(v20): 0.071 -0.008 -0.14
- p847(v35): 0.075 0.00084 -0.17
- p116(v19): 0.075 0.0048 -0.18
- p83(v2): 0.076 0.0097 -0.18
- p280(v38): 0.003 0.037 -0.11
- p969(v23): 0.049 0.0089 -0.23
- p942(v12): -0.045 0.0092 -0.23
- p533(v37): 0.073 0.015 -0.17
- p191(v42): 0.0039 0.037 -0.072
- p237(v4): 0.00063 0.038 -0.088
- p860(v43):  0.04 0.002 0.013
- p330(v45): -0.013 -0.035 -0.083
- p76(v46): -0.071 -0.013 -0.14
- p928(v14): -0.073 -0.002 -0.15
- p152(v47): -0.045 -0.011 -0.23
- p235(v6): 0.042 -0.0077 -0.23
- p378(v48): 0.068 -0.013 -0.19
- p170(v49): 0.0041 -0.037 -0.085
- p610(v50): -0.073 -0.0065 -0.16
- p623(v51): 0.049 -0.0045 -0.22
- p929(v52): 0.037 -0.019 0.0014
- p666(v53): 0.019 -0.032 -0.074
- p707(v54): 0.073 -0.0062 -0.17
- p59(v55): 0.073  0.01 -0.19
- p315(v56): 0.048 0.0025 -0.23
- p768(v39): 0.042 -0.0035 -0.23
- p874(v58): -0.072 0.013 -0.19
- p231(v60): -0.001 0.038 -0.077
- p772(v61): 0.017 0.033 -0.075
- p284(v62): 0.035 0.018 0.0049
- p36(v63): 0.041 -0.0092 0.0091
- p319(v64): 0.071 0.0042 -0.13
- p391(v44): 0.069 0.012 -0.13
- p334(v65): 0.076  0.01 -0.18
- p47(v66): -0.04 -0.015 0.0026
- p698(v67): -0.043 -0.0063 -0.23
- p272(v68): -0.015 -0.034 -0.11
- p694(v69): 0.0014 -0.037 -0.072
- p718(v71): -0.074 0.012 -0.16
- p952(v57): -0.07 0.014 -0.14
- p81(v41): -0.075 0.014 -0.18
- p907(v72): -0.074 0.0061 -0.18
- p594(v73): -0.07 0.014 -0.18
- p164(v59): -0.004 0.037 -0.096
- p341(v74): -0.013 0.035 -0.094
- p338(v24): -0.0084 0.037 -0.083
- p702(v75): -0.0016 0.038 -0.096
- p15(v76): -0.0073 0.037 -0.079
- p704(v78): 0.012 0.036 -0.076
- p154(v79): 0.073 0.013 -0.16
- p995(v80): -0.048 -0.011 -0.22
- p335(v81): -0.075  0.01 -0.17
- p471(v82): 0.015 0.034 -0.11
- p71(v83): 0.073 0.011 -0.16
- p936(v84): -0.074 0.012 -0.16
- f48
    - flags: bottom simplicial
    - normal:  -0.07973   0.1669   0.9827
    - offset: -0.01376903
    - vertices: p159(v15) p79(v8) p69(v5)
    - neighboring facets: f323 f57 f107
- f57
    - flags: bottom simplicial
    - normal:  -0.08198  -0.3482   0.9338
    - offset: -0.01403605
    - vertices: p389(v16) p159(v15) p69(v5)
    - neighboring facets: f48 f296 f58
- f58
    - flags: top simplicial
    - normal:  -0.05013  -0.4712   0.8806
    - offset: -0.0145138
    - vertices: p389(v16) p159(v15) p511(v9)
    - neighboring facets: f179 f225 f57
- f63
    - flags: top simplicial
    - normal:   -0.8802  -0.4724  0.04627
    - offset: -0.06208125
    - vertices: p601(v18) p841(v10) p303(v1)
    - neighboring facets: f80 f131 f193
- f80
    - flags: bottom simplicial
    - normal:   -0.8366  -0.1543  -0.5257
    - offset:  -0.159827
    - vertices: p369(v22) p841(v10) p303(v1)
    - neighboring facets: f63 f256 f298
- f107
    - flags: top simplicial
    - normal:  -0.02758   0.3658   0.9303
    - offset: -0.01422637
    - vertices: p779(v28) p159(v15) p79(v8)
    - neighboring facets: f48 f273 f180
- f114
    - flags: top simplicial
    - normal:   -0.1389  -0.9706   0.1964
    - offset: -0.02145619
    - vertices: p413(v29) p389(v16) p508(v3)
    - neighboring facets: f312 f115 f294
- f115
    - flags: bottom simplicial
    - normal:    -0.202  -0.9794 0.005749
    - offset: -0.03668104
    - vertices: p413(v29) p682(v17) p508(v3)
    - neighboring facets: f210 f114 f307
- f125
    - flags: top simplicial
    - normal:    0.3505  -0.9365 -0.009598
    - offset: -0.03802415
    - vertices: p491(v31) p946(v21) p744(v11)
    - neighboring facets: f228 f205 f213
- f131
    - flags: top simplicial
    - normal:   -0.9913 -0.07539   0.1082
    - offset: -0.05662525
    - vertices: p248(v32) p601(v18) p303(v1)
    - neighboring facets: f63 f367 f216
- f138
    - flags: top simplicial
    - normal:    0.7134  -0.6958  0.08306
    - offset: -0.0448174
    - vertices: p123(v34) p451(v20) p744(v11)
    - neighboring facets: f232 f229 f224
- f141
    - flags: bottom simplicial
    - normal:     0.993   -0.108 -0.04725
    - offset: -0.08291759
    - vertices: p847(v35) p116(v19) p83(v2)
    - neighboring facets: f290 f292 f235
- f153
    - flags: bottom simplicial
    - normal:   0.01087   0.9743  -0.2248
    - offset: -0.06058549
    - vertices: p280(v38) p969(v23) p942(v12)
    - neighboring facets: f241 f333 f157
- f157
    - flags: bottom simplicial
    - normal:    0.1645   0.9723  -0.1663
    - offset: -0.0546847
    - vertices: p280(v38) p533(v37) p969(v23)
    - neighboring facets: f238 f153 f371
- f177
    - flags: bottom simplicial
    - normal:   0.08012   0.9968 -0.0001762
    - offset: -0.03754733
    - vertices: p191(v42) p280(v38) p237(v4)
    - neighboring facets: f339 f264 f351
- f179
    - flags: bottom simplicial
    - normal:    0.6717 -0.09378   0.7349
    - offset: -0.03632296
    - vertices: p860(v43) p159(v15) p511(v9)
    - neighboring facets: f58 f278 f180
- f180
    - flags: bottom simplicial
    - normal:    0.5099   0.1985    0.837
    - offset: -0.03176191
    - vertices: p860(v43) p779(v28) p159(v15)
    - neighboring facets: f107 f179 f285
- f189
    - flags: bottom simplicial
    - normal:   -0.3383  -0.9411 -0.000488
    - offset: -0.03737147
    - vertices: p330(v45) p413(v29) p841(v10)
    - neighboring facets: f194 f306 f308
- f193
    - flags: bottom simplicial
    - normal:   -0.8648  -0.4998  0.04816
    - offset: -0.06097552
    - vertices: p76(v46) p601(v18) p841(v10)
    - neighboring facets: f63 f194 f197
- f194
    - flags: top simplicial
    - normal:    -0.388  -0.9211  0.03143
    - offset: -0.03486923
    - vertices: p76(v46) p413(v29) p841(v10)
    - neighboring facets: f189 f193 f295
- f196
    - flags: top simplicial
    - normal:   -0.9798  0.02128   0.1989
    - offset: -0.04144661
    - vertices: p76(v46) p928(v14) p69(v5)
    - neighboring facets: f321 f297 f197
- f197
    - flags: top simplicial
    - normal:   -0.9858 -0.005461    0.168
    - offset: -0.0465299
    - vertices: p76(v46) p601(v18) p928(v14)
    - neighboring facets: f214 f196 f193
- f200
    - flags: bottom simplicial
    - normal:  -0.08132  -0.9804  -0.1797
    - offset: -0.05482522
    - vertices: p152(v47) p491(v31) p682(v17)
    - neighboring facets: f211 f305 f201
- f201
    - flags: top simplicial
    - normal:   0.02987   -0.973   -0.229
    - offset: -0.06088596
    - vertices: p152(v47) p491(v31) p235(v6)
    - neighboring facets: f204 f303 f200
- f204
    - flags: bottom simplicial
    - normal:    0.1407  -0.9704  -0.1961
    - offset: -0.05807176
    - vertices: p378(v48) p491(v31) p235(v6)
    - neighboring facets: f201 f219 f205
- f205
    - flags: top simplicial
    - normal:    0.3158  -0.9475 -0.05058
    - offset: -0.04264889
    - vertices: p378(v48) p491(v31) p744(v11)
    - neighboring facets: f125 f234 f204
- f210
    - flags: top simplicial
    - normal:   0.00743  -0.9998 -0.01837
    - offset: -0.0386698
    - vertices: p170(v49) p682(v17) p508(v3)
    - neighboring facets: f115 f309 f211
- f211
    - flags: top simplicial
    - normal:   0.01553  -0.9996 -0.02325
    - offset: -0.03911052
    - vertices: p170(v49) p491(v31) p682(v17)
    - neighboring facets: f200 f210 f213
- f213
    - flags: bottom simplicial
    - normal:    0.2485  -0.9685  0.01462
    - offset: -0.03570088
    - vertices: p170(v49) p491(v31) p946(v21)
    - neighboring facets: f125 f310 f211
- f214
    - flags: bottom simplicial
    - normal:    -0.993 -0.0001483   0.1185
    - offset: -0.05439012
    - vertices: p610(v50) p601(v18) p928(v14)
    - neighboring facets: f197 f370 f216
- f216
    - flags: bottom simplicial
    - normal:    -0.993 -0.0001808   0.1185
    - offset: -0.05439386
    - vertices: p610(v50) p248(v32) p601(v18)
    - neighboring facets: f131 f214 f368
- f219
    - flags: bottom simplicial
    - normal:    0.5487  -0.7271  -0.4126
    - offset: -0.1227993
    - vertices: p623(v51) p378(v48) p235(v6)
    - neighboring facets: f204 f245 f249
- f223
    - flags: bottom simplicial
    - normal:    0.7271  -0.6753   0.1239
    - offset: -0.03999298
    - vertices: p929(v52) p451(v20) p511(v9)
    - neighboring facets: f277 f225 f224
- f224
    - flags: bottom simplicial
    - normal:     0.719  -0.6844   0.1212
    - offset: -0.03985863
    - vertices: p929(v52) p123(v34) p451(v20)
    - neighboring facets: f138 f223 f231
- f225
    - flags: top simplicial
    - normal:  -0.01083  -0.9025   0.4306
    - offset: -0.01719901
    - vertices: p929(v52) p389(v16) p511(v9)
    - neighboring facets: f58 f223 f313
- f228
    - flags: bottom simplicial
    - normal:    0.4274   -0.903  0.04417
    - offset: -0.03391317
    - vertices: p666(v53) p946(v21) p744(v11)
    - neighboring facets: f125 f229 f230
- f229
    - flags: top simplicial
    - normal:    0.4368  -0.8982  0.05026
    - offset: -0.03348213
    - vertices: p666(v53) p123(v34) p744(v11)
    - neighboring facets: f138 f228 f231
- f230
    - flags: bottom simplicial
    - normal:    0.4163  -0.9073  0.05971
    - offset: -0.03269442
    - vertices: p666(v53) p929(v52) p946(v21)
    - neighboring facets: f311 f228 f231
- f231
    - flags: top simplicial
    - normal:    0.4389   -0.897  0.05229
    - offset: -0.03333462
    - vertices: p666(v53) p929(v52) p123(v34)
    - neighboring facets: f224 f229 f230
- f232
    - flags: bottom simplicial
    - normal:    0.9096  -0.4139  0.03656
    - offset: -0.06290185
    - vertices: p707(v54) p451(v20) p744(v11)
    - neighboring facets: f138 f234 f233
- f233
    - flags: bottom simplicial
    - normal:    0.9607  -0.2734  0.04694
    - offset: -0.06397623
    - vertices: p707(v54) p847(v35) p451(v20)
    - neighboring facets: f282 f232 f235
- f234
    - flags: top simplicial
    - normal:    0.8487  -0.5126  -0.1305
    - offset: -0.08810236
    - vertices: p707(v54) p378(v48) p744(v11)
    - neighboring facets: f205 f232 f236
- f235
    - flags: top simplicial
    - normal:    0.9566    -0.27  -0.1095
    - offset: -0.09085547
    - vertices: p707(v54) p847(v35) p116(v19)
    - neighboring facets: f141 f236 f233
- f236
    - flags: bottom simplicial
    - normal:    0.8985  -0.3729  -0.2314
    - offset:  -0.108445
    - vertices: p707(v54) p378(v48) p116(v19)
    - neighboring facets: f248 f235 f234
- f238
    - flags: top simplicial
    - normal:    0.4114    0.873   -0.262
    - offset: -0.08770873
    - vertices: p59(v55) p533(v37) p969(v23)
    - neighboring facets: f157 f247 f288
- f241
    - flags: top simplicial
    - normal:   0.03332   0.4331  -0.9007
    - offset: -0.2112818
    - vertices: p315(v56) p969(v23) p942(v12)
    - neighboring facets: f153 f242 f247
- f242
    - flags: bottom simplicial
    - normal:  0.008753  0.08796  -0.9961
    - offset: -0.2313067
    - vertices: p315(v56) p369(v22) p942(v12)
    - neighboring facets: f257 f241 f300
- f244
    - flags: top simplicial
    - normal:     0.321  -0.4958  -0.8069
    - offset: -0.2011375
    - vertices: p315(v56) p768(v39) p235(v6)
    - neighboring facets: f302 f245 f301
- f245
    - flags: bottom simplicial
    - normal:     0.559  -0.5603  -0.6113
    - offset: -0.1671799
    - vertices: p315(v56) p623(v51) p235(v6)
    - neighboring facets: f219 f244 f249
- f246
    - flags: bottom simplicial
    - normal:    0.8566   0.1512  -0.4934
    - offset: -0.1560498
    - vertices: p315(v56) p59(v55) p116(v19)
    - neighboring facets: f291 f248 f247
- f247
    - flags: top simplicial
    - normal:    0.8497   0.1822  -0.4948
    - offset: -0.1561214
    - vertices: p315(v56) p59(v55) p969(v23)
    - neighboring facets: f238 f241 f246
- f248
    - flags: top simplicial
    - normal:    0.8289  -0.3262  -0.4544
    - offset:  -0.144482
    - vertices: p315(v56) p378(v48) p116(v19)
    - neighboring facets: f236 f246 f249
- f249
    - flags: top simplicial
    - normal:    0.7902  -0.4018  -0.4628
    - offset: -0.1443644
    - vertices: p315(v56) p623(v51) p378(v48)
    - neighboring facets: f219 f248 f245
- f256
    - flags: bottom simplicial
    - normal:   -0.8628  0.03405  -0.5044
    - offset: -0.1566852
    - vertices: p874(v58) p369(v22) p303(v1)
    - neighboring facets: f80 f328 f257
- f257
    - flags: top simplicial
    - normal:    -0.833     0.19  -0.5195
    - offset: -0.1593305
    - vertices: p874(v58) p369(v22) p942(v12)
    - neighboring facets: f242 f334 f256
- f264
    - flags: bottom simplicial
    - normal:   0.03633   0.9993 0.008996
    - offset: -0.0368048
    - vertices: p231(v60) p191(v42) p237(v4)
    - neighboring facets: f177 f341 f268
- f268
    - flags: top simplicial
    - normal:   -0.1304   0.9703   0.2037
    - offset: -0.02096317
    - vertices: p231(v60) p191(v42) p79(v8)
    - neighboring facets: f274 f345 f264
- f269
    - flags: top simplicial
    - normal:    0.4275   0.9011  0.07309
    - offset: -0.03192555
    - vertices: p772(v61) p533(v37) p779(v28)
    - neighboring facets: f360 f355 f354
- f273
    - flags: top simplicial
    - normal:  -0.02456   0.9105   0.4127
    - offset: -0.01774874
    - vertices: p284(v62) p779(v28) p79(v8)
    - neighboring facets: f107 f274 f356
- f274
    - flags: bottom simplicial
    - normal:   -0.0349   0.9668    0.253
    - offset:  -0.017634
    - vertices: p284(v62) p191(v42) p79(v8)
    - neighboring facets: f268 f273 f352
- f277
    - flags: top simplicial
    - normal:    0.9712  -0.1335   0.1973
    - offset: -0.04284863
    - vertices: p36(v63) p451(v20) p511(v9)
    - neighboring facets: f223 f278 f283
- f278
    - flags: bottom simplicial
    - normal:    0.9254 -0.05276   0.3754
    - offset: -0.04185548
    - vertices: p36(v63) p860(v43) p511(v9)
    - neighboring facets: f179 f277 f284
- f282
    - flags: top simplicial
    - normal:     0.993 -0.0001536   0.1185
    - offset: -0.05419389
    - vertices: p319(v64) p847(v35) p451(v20)
    - neighboring facets: f233 f283 f293
- f283
    - flags: bottom simplicial
    - normal:    0.9796 -0.02199   0.1999
    - offset: -0.04219146
    - vertices: p319(v64) p36(v63) p451(v20)
    - neighboring facets: f277 f282 f284
- f284
    - flags: top simplicial
    - normal:    0.9791  0.01285    0.203
    - offset: -0.04188056
    - vertices: p319(v64) p36(v63) p860(v43)
    - neighboring facets: f278 f285 f283
- f285
    - flags: top simplicial
    - normal:     0.975  0.08982   0.2033
    - offset: -0.04187278
    - vertices: p319(v64) p860(v43) p779(v28)
    - neighboring facets: f180 f286 f284
- f286
    - flags: bottom simplicial
    - normal:    0.9748  0.09168   0.2031
    - offset: -0.04189522
    - vertices: p319(v64) p391(v44) p779(v28)
    - neighboring facets: f361 f285 f357
- f288
    - flags: bottom simplicial
    - normal:    0.5292    0.813  -0.2428
    - offset: -0.09219034
    - vertices: p334(v65) p59(v55) p533(v37)
    - neighboring facets: f238 f359 f291
- f290
    - flags: top simplicial
    - normal:    0.9837   0.0164  -0.1788
    - offset: -0.1070446
    - vertices: p334(v65) p116(v19) p83(v2)
    - neighboring facets: f141 f292 f291
- f291
    - flags: top simplicial
    - normal:    0.9009   0.2012  -0.3847
    - offset: -0.1396083
    - vertices: p334(v65) p59(v55) p116(v19)
    - neighboring facets: f246 f290 f288
- f292
    - flags: bottom simplicial
    - normal:     0.993 -0.0002025   0.1184
    - offset: -0.05420848
    - vertices: p334(v65) p847(v35) p83(v2)
    - neighboring facets: f141 f290 f293
- f293
    - flags: bottom simplicial
    - normal:     0.993 -0.0001532   0.1185
    - offset: -0.05419389
    - vertices: p334(v65) p319(v64) p847(v35)
    - neighboring facets: f282 f292 f374
- f294
    - flags: bottom simplicial
    - normal:   -0.3274  -0.9358   0.1311
    - offset: -0.02726926
    - vertices: p47(v66) p413(v29) p389(v16)
    - neighboring facets: f114 f296 f295
- f295
    - flags: bottom simplicial
    - normal:   -0.4338  -0.8973  0.08139
    - offset: -0.03084156
    - vertices: p47(v66) p76(v46) p413(v29)
    - neighboring facets: f194 f294 f297
- f296
    - flags: bottom simplicial
    - normal:    -0.626  -0.4146   0.6605
    - offset: -0.0329374
    - vertices: p47(v66) p389(v16) p69(v5)
    - neighboring facets: f57 f297 f294
- f297
    - flags: top simplicial
    - normal:   -0.9693  -0.1307   0.2082
    - offset: -0.04133962
    - vertices: p47(v66) p76(v46) p69(v5)
    - neighboring facets: f196 f296 f295
- f298
    - flags: top simplicial
    - normal:   -0.8081  -0.2389  -0.5384
    - offset: -0.1612238
    - vertices: p698(v67) p369(v22) p841(v10)
    - neighboring facets: f80 f363 f300
- f300
    - flags: top simplicial
    - normal:  0.008206 0.003705       -1
    - offset: -0.2319658
    - vertices: p698(v67) p315(v56) p369(v22)
    - neighboring facets: f242 f298 f301
- f301
    - flags: bottom simplicial
    - normal:   0.03191   -0.245   -0.969
    - offset: -0.2253187
    - vertices: p698(v67) p315(v56) p768(v39)
    - neighboring facets: f244 f302 f300
- f302
    - flags: bottom simplicial
    - normal:   0.03806  -0.5231  -0.8514
    - offset: -0.1994766
    - vertices: p698(v67) p768(v39) p235(v6)
    - neighboring facets: f244 f303 f301
- f303
    - flags: top simplicial
    - normal:   0.01783  -0.8205  -0.5714
    - offset: -0.1371452
    - vertices: p698(v67) p152(v47) p235(v6)
    - neighboring facets: f201 f302 f364
- f304
    - flags: top simplicial
    - normal:   -0.1502  -0.9756    -0.16
    - offset: -0.05343428
    - vertices: p272(v68) p152(v47) p841(v10)
    - neighboring facets: f362 f306 f305
- f305
    - flags: bottom simplicial
    - normal:  -0.09531  -0.9799  -0.1752
    - offset: -0.05443201
    - vertices: p272(v68) p152(v47) p682(v17)
    - neighboring facets: f200 f307 f304
- f306
    - flags: bottom simplicial
    - normal:   -0.3333  -0.9428 -0.003769
    - offset: -0.03763968
    - vertices: p272(v68) p330(v45) p841(v10)
    - neighboring facets: f189 f304 f308
- f307
    - flags: top simplicial
    - normal:   -0.2719  -0.9623 -0.01026
    - offset: -0.03807908
    - vertices: p272(v68) p413(v29) p682(v17)
    - neighboring facets: f115 f305 f308
- f308
    - flags: top simplicial
    - normal:   -0.3127  -0.9498 -0.005623
    - offset: -0.03776753
    - vertices: p272(v68) p330(v45) p413(v29)
    - neighboring facets: f189 f307 f306
- f309
    - flags: top simplicial
    - normal:   0.07621  -0.9961  0.04459
    - offset: -0.03346573
    - vertices: p694(v69) p170(v49) p508(v3)
    - neighboring facets: f210 f312 f310
- f310
    - flags: bottom simplicial
    - normal:    0.2088  -0.9753  0.07193
    - offset: -0.0309193
    - vertices: p694(v69) p170(v49) p946(v21)
    - neighboring facets: f213 f311 f309
- f311
    - flags: top simplicial
    - normal:    0.2258  -0.9661   0.1248
    - offset: -0.02679461
    - vertices: p694(v69) p929(v52) p946(v21)
    - neighboring facets: f230 f310 f313
- f312
    - flags: bottom simplicial
    - normal:   -0.1137  -0.9718   0.2066
    - offset: -0.02063196
    - vertices: p694(v69) p389(v16) p508(v3)
    - neighboring facets: f114 f309 f313
- f313
    - flags: bottom simplicial
    - normal:  -0.02517  -0.9684    0.248
    - offset: -0.01765542
    - vertices: p694(v69) p929(v52) p389(v16)
    - neighboring facets: f225 f312 f311
- f319
    - flags: bottom simplicial
    - normal:   -0.6677   0.7389  0.09035
    - offset: -0.04401222
    - vertices: p718(v71) p952(v57) p81(v41)
    - neighboring facets: f338 f377 f324
- f321
    - flags: bottom simplicial
    - normal:    -0.978  0.06509   0.1984
    - offset: -0.04130679
    - vertices: p718(v71) p928(v14) p69(v5)
    - neighboring facets: f196 f323 f379
- f323
    - flags: top simplicial
    - normal:    -0.972   0.1202   0.2017
    - offset: -0.04102937
    - vertices: p718(v71) p79(v8) p69(v5)
    - neighboring facets: f48 f321 f324
- f324
    - flags: top simplicial
    - normal:   -0.9715    0.125   0.2016
    - offset: -0.04107602
    - vertices: p718(v71) p952(v57) p79(v8)
    - neighboring facets: f346 f323 f319
- f327
    - flags: top simplicial
    - normal:   -0.9497  0.09901   -0.297
    - offset: -0.1254161
    - vertices: p907(v72) p81(v41) p303(v1)
    - neighboring facets: f365 f328 f329
- f328
    - flags: bottom simplicial
    - normal:   -0.9225  0.08649  -0.3761
    - offset: -0.1377107
    - vertices: p907(v72) p874(v58) p303(v1)
    - neighboring facets: f256 f327 f329
- f329
    - flags: top simplicial
    - normal:   -0.9347   0.1203  -0.3345
    - offset: -0.1312436
    - vertices: p907(v72) p874(v58) p81(v41)
    - neighboring facets: f330 f327 f328
- f330
    - flags: bottom simplicial
    - normal:   -0.3171   0.9245  -0.2117
    - offset: -0.07400532
    - vertices: p594(v73) p874(v58) p81(v41)
    - neighboring facets: f329 f332 f334
- f331
    - flags: bottom simplicial
    - normal:     -0.19   0.9746  -0.1183
    - offset: -0.04858568
    - vertices: p594(v73) p164(v59) p280(v38)
    - neighboring facets: f340 f333 f332
- f332
    - flags: top simplicial
    - normal:   -0.1945   0.9742  -0.1149
    - offset: -0.04825598
    - vertices: p594(v73) p164(v59) p81(v41)
    - neighboring facets: f336 f330 f331
- f333
    - flags: bottom simplicial
    - normal:   -0.1359   0.9762  -0.1692
    - offset: -0.05425828
    - vertices: p594(v73) p280(v38) p942(v12)
    - neighboring facets: f153 f334 f331
- f334
    - flags: top simplicial
    - normal:   -0.2935   0.9232  -0.2479
    - offset: -0.07904565
    - vertices: p594(v73) p874(v58) p942(v12)
    - neighboring facets: f257 f333 f330
- f335
    - flags: top simplicial
    - normal:   -0.2357   0.9716 -0.01994
    - offset: -0.03920537
    - vertices: p341(v74) p164(v59) p338(v24)
    - neighboring facets: f343 f337 f336
- f336
    - flags: bottom simplicial
    - normal:   -0.2467   0.9667 -0.06753
    - offset: -0.04363593
    - vertices: p341(v74) p164(v59) p81(v41)
    - neighboring facets: f332 f338 f335
- f337
    - flags: bottom simplicial
    - normal:   -0.3999   0.9145    0.062
    - offset: -0.03172525
    - vertices: p341(v74) p952(v57) p338(v24)
    - neighboring facets: f347 f335 f338
- f338
    - flags: top simplicial
    - normal:    -0.392   0.9186  0.05088
    - offset: -0.03280389
    - vertices: p341(v74) p952(v57) p81(v41)
    - neighboring facets: f319 f336 f337
- f339
    - flags: top simplicial
    - normal:   0.02227   0.9997 -0.007324
    - offset: -0.03825237
    - vertices: p702(v75) p280(v38) p237(v4)
    - neighboring facets: f177 f341 f340
- f340
    - flags: top simplicial
    - normal:  -0.08004   0.9955 -0.05028
    - offset: -0.04239757
    - vertices: p702(v75) p164(v59) p280(v38)
    - neighboring facets: f331 f339 f342
- f341
    - flags: bottom simplicial
    - normal:  -0.01263   0.9999 0.002135
    - offset: -0.03740286
    - vertices: p702(v75) p231(v60) p237(v4)
    - neighboring facets: f264 f339 f342
- f342
    - flags: top simplicial
    - normal:  -0.07162   0.9974 0.003858
    - offset: -0.0372362
    - vertices: p702(v75) p231(v60) p164(v59)
    - neighboring facets: f344 f340 f341
- f343
    - flags: bottom simplicial
    - normal:   -0.1728    0.985 0.001647
    - offset: -0.0373821
    - vertices: p15(v76) p164(v59) p338(v24)
    - neighboring facets: f335 f347 f344
- f344
    - flags: bottom simplicial
    - normal:   -0.1231   0.9923  0.01174
    - offset: -0.03649235
    - vertices: p15(v76) p231(v60) p164(v59)
    - neighboring facets: f342 f343 f345
- f345
    - flags: top simplicial
    - normal:   -0.1824   0.9667   0.1797
    - offset: -0.02271818
    - vertices: p15(v76) p231(v60) p79(v8)
    - neighboring facets: f268 f346 f344
- f346
    - flags: bottom simplicial
    - normal:    -0.415   0.9062  0.08092
    - offset: -0.02999771
    - vertices: p15(v76) p952(v57) p79(v8)
    - neighboring facets: f324 f345 f347
- f347
    - flags: top simplicial
    - normal:   -0.4117   0.9081  0.07688
    - offset: -0.03036137
    - vertices: p15(v76) p952(v57) p338(v24)
    - neighboring facets: f337 f343 f346
- f351
    - flags: top simplicial
    - normal:     0.215   0.9766 -0.003966
    - offset: -0.03759799
    - vertices: p704(v78) p191(v42) p280(v38)
    - neighboring facets: f177 f373 f352
- f352
    - flags: top simplicial
    - normal:    0.2664   0.9551   0.1294
    - offset: -0.02733921
    - vertices: p704(v78) p284(v62) p191(v42)
    - neighboring facets: f274 f351 f356
- f354
    - flags: bottom simplicial
    - normal:    0.3837   0.9225  0.04337
    - offset: -0.03411569
    - vertices: p704(v78) p772(v61) p533(v37)
    - neighboring facets: f269 f372 f355
- f355
    - flags: top simplicial
    - normal:    0.3741   0.9228  0.09153
    - offset: -0.03036063
    - vertices: p704(v78) p772(v61) p779(v28)
    - neighboring facets: f269 f356 f354
- f356
    - flags: bottom simplicial
    - normal:    0.3642   0.9264   0.0955
    - offset: -0.03006645
    - vertices: p704(v78) p284(v62) p779(v28)
    - neighboring facets: f273 f355 f352
- f357
    - flags: top simplicial
    - normal:    0.9794   0.1208   0.1615
    - offset: -0.04795221
    - vertices: p154(v79) p319(v64) p391(v44)
    - neighboring facets: f286 f361 f375
- f359
    - flags: bottom simplicial
    - normal:    0.8844   0.4635  0.05438
    - offset: -0.06222773
    - vertices: p154(v79) p334(v65) p533(v37)
    - neighboring facets: f288 f360 f376
- f360
    - flags: bottom simplicial
    - normal:    0.5578   0.8242  0.09801
    - offset: -0.03608068
    - vertices: p154(v79) p533(v37) p779(v28)
    - neighboring facets: f269 f361 f359
- f361
    - flags: top simplicial
    - normal:    0.8245   0.5436   0.1572
    - offset: -0.04271037
    - vertices: p154(v79) p391(v44) p779(v28)
    - neighboring facets: f286 f360 f357
- f362
    - flags: bottom simplicial
    - normal:   -0.4195  -0.8455  -0.3305
    - offset:  -0.102707
    - vertices: p995(v80) p152(v47) p841(v10)
    - neighboring facets: f304 f363 f364
- f363
    - flags: top simplicial
    - normal:   -0.8035   -0.255  -0.5379
    - offset: -0.1610096
    - vertices: p995(v80) p698(v67) p841(v10)
    - neighboring facets: f298 f362 f364
- f364
    - flags: bottom simplicial
    - normal:   -0.6755  -0.4667  -0.5708
    - offset: -0.1644999
    - vertices: p995(v80) p698(v67) p152(v47)
    - neighboring facets: f303 f362 f363
- f365
    - flags: bottom simplicial
    - normal:    -0.997  0.05778  0.05167
    - offset: -0.06633844
    - vertices: p335(v81) p81(v41) p303(v1)
    - neighboring facets: f327 f367 f378
- f367
    - flags: top simplicial
    - normal:   -0.9938 0.004933    0.111
    - offset: -0.05574854
    - vertices: p335(v81) p248(v32) p303(v1)
    - neighboring facets: f131 f365 f368
- f368
    - flags: top simplicial
    - normal:    -0.993 -0.0001501   0.1185
    - offset: -0.0543938
    - vertices: p335(v81) p610(v50) p248(v32)
    - neighboring facets: f216 f367 f370
- f370
    - flags: bottom simplicial
    - normal:    -0.993 -0.00014   0.1185
    - offset: -0.05439089
    - vertices: p335(v81) p610(v50) p928(v14)
    - neighboring facets: f214 f380 f368
- f371
    - flags: top simplicial
    - normal:    0.1828   0.9722  -0.1462
    - offset: -0.05258643
    - vertices: p471(v82) p280(v38) p533(v37)
    - neighboring facets: f157 f372 f373
- f372
    - flags: bottom simplicial
    - normal:    0.3199   0.9475 -0.003067
    - offset: -0.03775823
    - vertices: p471(v82) p704(v78) p533(v37)
    - neighboring facets: f354 f371 f373
- f373
    - flags: top simplicial
    - normal:    0.2362   0.9717 -0.01042
    - offset: -0.03816677
    - vertices: p471(v82) p704(v78) p280(v38)
    - neighboring facets: f351 f371 f372
- f374
    - flags: top simplicial
    - normal:     0.993 -0.0001269   0.1185
    - offset: -0.0541935
    - vertices: p71(v83) p334(v65) p319(v64)
    - neighboring facets: f293 f375 f376
- f375
    - flags: bottom simplicial
    - normal:    0.9912   0.0318   0.1283
    - offset: -0.05288829
    - vertices: p71(v83) p154(v79) p319(v64)
    - neighboring facets: f357 f374 f376
- f376
    - flags: top simplicial
    - normal:    0.9925  0.03705   0.1166
    - offset: -0.05488519
    - vertices: p71(v83) p154(v79) p334(v65)
    - neighboring facets: f359 f374 f375
- f377
    - flags: bottom simplicial
    - normal:   -0.9282   0.3616  0.08789
    - offset: -0.05885676
    - vertices: p936(v84) p718(v71) p81(v41)
    - neighboring facets: f319 f378 f379
- f378
    - flags: top simplicial
    - normal:   -0.9855   0.1516  0.07672
    - offset: -0.06229054
    - vertices: p936(v84) p335(v81) p81(v41)
    - neighboring facets: f365 f377 f380
- f379
    - flags: top simplicial
    - normal:   -0.9897  0.02496   0.1413
    - offset: -0.0507243
    - vertices: p936(v84) p718(v71) p928(v14)
    - neighboring facets: f321 f380 f377
- f380
    - flags: bottom simplicial
    - normal:   -0.9914   0.0156   0.1297
    - offset: -0.05259023
    - vertices: p936(v84) p335(v81) p928(v14)
    - neighboring facets: f370 f379 f378
