3
1000 182 273
0.0746859 -0.0376059 0.717212 
0.0107953 0.1145 0.280158 
 0.041 -0.0343794 0.182791 
-0.0334065 -0.172 0.555397 
0.0168809 -0.0544634  0.387 
0.010418 -0.0871894 0.577751 
-0.0044741   0.11 0.3157 
0.11354 0.07407080000000001 0.44877 
0.0864635 0.0238263 0.4554 
-0.00183117 -0.120195 0.335345 
-0.0189379 0.156843 0.409443 
-0.0407198 -0.08310389999999999 0.4055 
 0.119 -0.0716048 0.461632 
0.0242147 -0.0436182  0.222 
0.0588819 0.144005 0.425486 
-0.0601123 0.142475 0.198224 
-0.009850920000000001 0.0459264  0.365 
0.0412496 0.019006 0.0749944 
-0.0521761 -0.145612 0.117586 
0.044512 0.14759 0.194747 
0.00657535 -0.031 0.389714 
-0.015741 -0.156325 0.221698 
-0.128 -0.030282 0.351837 
-0.0724403 -0.041691   0.53 
-0.0235675 0.0555308 0.692845 
0.00685652 0.1175 0.267881 
0.110308 -0.0124191 0.335906 
-0.0208489 -0.0588035 0.201025 
0.0165498 -0.0365669    0.5 
0.0504374 -0.0168234   0.23 
0.051968 0.0890934 0.537058 
0.0801769 -0.121589 0.268752 
-0.0119542 -0.0804931 0.581847 
-0.142 -0.101324 0.46604 
-0.07365869999999999 -0.0477216 0.337832 
0.0384041 0.0602133 0.8077490000000001 
-0.00230163 -0.0285118  0.375 
-0.130998 0.115009 0.337477 
-0.0252697 0.0536905  0.365 
-0.0842899 -0.100189 0.17735 
0.0452004 0.0417572 0.756007 
-0.0200964 0.147434 0.364902 
-0.0639812 -0.00644051  0.216 
-0.008924039999999999 0.1425 0.256957 
-0.020889 -0.0328029 0.5507 
-0.113766 -0.134149 0.4912 
-0.0454701 0.07344589999999999 0.585051 
0.0067088 0.0504101 0.5044999999999999 
-0.0700175 0.0582407 0.4749 
-0.056179 0.0302772 0.701526 
0.0354947 0.128081  0.224 
0.0372549 -0.076298  0.193 
-0.0782805 -0.0550254 0.228056 
-0.0499663   0.11 0.306659 
0.0401491 -0.0621785 0.554528 
-0.0911411 0.0686095 0.224442 
-0.07325 -0.06183 0.508226 
-0.0431381 0.0510099 0.488262 
 0.062 -0.0499916 0.156749 
0.0554588 0.0473482 0.705166 
0.0946819 -0.102404 0.355081 
-0.0888347 0.00405297 0.750475 
-0.108134 0.126843 0.386146 
0.02325 -0.0394211 0.131187 
-0.0845967 -0.127072 0.327542 
0.0152051 -0.0673753  0.222 
0.00177001 -0.122388   0.34 
0.0795976 -0.041628 0.798936 
 0.039 0.0205513 0.161533 
-0.00375184 0.0121392 0.5044999999999999 
-0.06915010000000001 -0.0130114 0.3775 
 0.039 0.0328881 0.188608 
0.0711929 0.00550553 0.635868 
-0.0935093 -0.123 0.483242 
-0.110806 0.0247051 0.515973 
-0.0624027 0.0745 0.426174 
0.0307644 0.00668519 0.144384 
0.0586915 0.096152  0.216 
-0.0501973 -0.0957896 0.224592 
-0.085163 -0.0484008 0.492713 
0.0432017 0.1205 0.318219 
-0.043 -0.00525449 0.169024 
-0.0339197 0.0431881 0.3775 
-0.04715 -0.028041 0.10963 
0.0278789 0.0028522 0.630648 
-0.0725267 -0.0391784  0.516 
-0.0331428 0.044733  0.216 
0.037094 0.147448 0.194523 
-0.0193773 -0.1175 0.260534 
-0.0522793  0.136 0.378791 
-0.07855860000000001 0.12779 0.502723 
0.0101401 -0.0414 0.414118 
0.0587971 -0.0125144 0.1354 
-0.0989621 -0.00740223 0.3775 
0.0382744 0.112439  0.469 
-0.103877 -0.105745 0.517415 
-0.000235733 -0.0188 0.488372 
-0.0515 0.115148 0.46366 
0.0484116 0.131696  0.216 
-0.0868235 0.0403919 0.503047 
-0.131841  0.141 0.481257 
-0.0593703 -0.0185 0.428557 
0.0261648 -0.162923 0.438646 
-0.0430089 0.0911207 0.584867 
0.0783049 0.0264022 0.654397 
-0.0327437 0.0281497 0.4715 
-0.09459239999999999 -0.0293333 0.283475 
0.00903499 0.147503 0.273435 
0.0265544 0.148137 0.356091 
0.0197957  -0.11 0.315412 
0.083731 0.0108815 0.477031 
0.0155391 -0.1175 0.303615 
-0.0981644 -0.1298 0.506099 
0.00722152 -0.1425 0.335663 
-0.0252956 0.0851744  0.375 
-0.0534653  -0.03 0.5382 
 -0.06 -0.0354961 0.137358 
-0.101827 -0.0285074 0.3775 
0.0200891  0.126 0.481697 
-0.0643092 0.0939368 0.575611 
-0.0536736 -0.0663627 0.750818 
-0.0904725 -0.00557211 0.524312 
0.0534488 -0.0048 0.164075 
0.0103398 -0.0523452  0.116 
0.0201053 -0.1175 0.266852 
-0.0305266 -0.0212173 0.836829 
-0.139868 0.0466759  0.354 
0.0686799 0.0425167 0.662369 
-0.008960360000000001 -0.1375 0.245763 
-0.0470385 0.06595280000000001 0.5213 
-0.0077711 0.00128406 0.5315 
-0.146 0.0246881 0.458835 
-0.083319 0.0373236  0.216 
0.0606131 -0.0227989 0.178746 
0.000492102 -0.0439321 0.836896 
0.0007005479999999999 -0.00627849 0.4491 
0.103887 0.07027890000000001 0.299685 
0.109972 -0.0102811 0.387251 
0.000835821 -0.139 0.372476 
0.0954507 -0.093413 0.390678 
0.100634 0.0449822 0.476237 
-0.0171001 -0.081 0.392119 
0.053008 0.0089 0.484886 
0.0171759 0.0367504 0.688757 
-0.00908191 -0.0652351 0.13779 
-0.005 -0.0123612 0.198653 
0.06684950000000001 0.1075 0.245114 
-0.08447440000000001 -0.0625 0.446396 
0.031995 -0.0583296  0.216 
0.0165 0.0127854 0.495952 
-0.0605542 -0.0257716 0.0791931 
0.0776974 -0.0459958  0.216 
0.0586409 -0.113006 0.271825 
-0.08180279999999999 -0.116528 0.248803 
0.0867747 -0.0423385 0.188444 
  0.08 -0.00581567 0.458146 
0.0409037 -0.125043 0.374894 
0.0866779 0.11994 0.367063 
0.0242188  0.004 0.149793 
-0.000222066 -0.0999611  0.469 
-0.13508 0.054269 0.484017 
-0.113837 -0.127662 0.391246 
0.109606 -0.0333292 0.481401 
0.0516785 -0.124369 0.370512 
-0.0568137 0.06355089999999999 0.782094 
0.0140373 -0.0471205 0.814804 
0.0386164   0.13 0.533108 
0.09322660000000001 0.021518 0.776657 
-0.137 -0.0429165 0.410788 
-0.105598 0.0338484 0.331117 
0.0429941 -0.136845 0.533559 
-0.107084 0.0491595 0.311381 
 0.051 0.0572589 0.412318 
-0.07000000000000001 -0.0181481 0.435486 
0.0686409 0.114934 0.341743 
-0.0673533 -0.0822512 0.577205 
0.0464324 -0.119244  0.224 
-0.041 -0.0429634 0.135868 
0.0858435 0.110492 0.219218 
0.07971540000000001 -0.0285 0.511253 
0.0903245 0.00479704 0.778487 
0.0362387 0.0193701  0.222 
-0.0166322 0.0653194  0.375 
0.0371092 0.00174084 0.40405 
-0.0200037 0.0575037 0.489576 
0.0288443  0.136 0.370536 
0.0818377 -0.0751893 0.288906 
0.0318941 0.147126 0.316751 
-0.0396709 0.070035 0.732151 
-0.038127 -0.152472 0.115443 
0.0468155 0.166432 0.479235 
-0.0579289 0.138074 0.219691 
-0.0513655 -0.00403719 0.835636 
-0.115442 0.0154908 0.377631 
0.0472676 0.00524146 0.3775 
-0.06652379999999999 -0.131697 0.173646 
0.0990747 -0.017369 0.189608 
0.0549211 0.0318046 0.55087 
0.0550525 -0.123 0.489039 
0.0646264 -0.0430789 0.128888 
-0.07285 0.10963  0.216 
0.0392369 0.142811 0.323219 
0.103391 0.07380639999999999 0.41404 
0.0500543 -0.016046 0.8276480000000001 
-0.151 -0.131535 0.430316 
-0.0850755 -0.09947159999999999 0.460531 
-0.09733020000000001 0.014475 0.162645 
0.0751737 -0.0779719   0.23 
-0.0104018  0.048 0.200232 
0.07359830000000001 -0.125194 0.273293 
0.00910685 0.1175 0.27721 
0.029534 0.0382252 0.5759649999999999 
-0.041 -0.0729978 0.162035 
-0.0579706 0.0549349 0.5465 
-0.115156 -0.0646916 0.499017 
0.10227 0.0480955 0.175207 
0.0334308 0.0813955 0.4491 
0.0168814 2.72752e-05 0.826731 
 0.082 -0.0339917 0.260703 
-0.0195931 -0.1298 0.56412 
-0.0893654 -0.00399582 0.263733 
0.0779656 0.07086099999999999 0.494971 
-0.0119278 -0.0170866 0.709781 
0.0223801  0.048 0.180897 
0.0464417 -0.1205 0.260475 
0.0226998 -0.00256556 0.76222 
-0.00203839 -0.0185 0.443646 
-0.0544848 0.012217 0.5356 
0.0983467 0.0764838 0.268218 
-0.0623788 0.0564653 0.77954 
0.0117077 -0.0663914  0.496 
-0.0801084 -0.117789 0.225198 
0.0168933 0.131416 0.549615 
-0.0738362 0.00243279 0.598209 
-0.043 -0.019038 0.136701 
-0.132 0.0339849 0.365243 
0.00434873 -0.135592 0.165389 
-0.07619910000000001 -0.0417562 0.756516 
0.0117727 0.147043 0.372825 
-0.00710238 0.0515912 0.5213 
-0.0725 -0.0156422 0.40197 
-0.140207 0.0121018 0.387709 
-0.0784381 -0.107626 0.122595 
-0.073 0.0143227 0.347642 
-0.0942656 -0.0285926 0.1566 
-0.0908288 0.00829037 0.203077 
0.0217181 -0.1175 0.343101 
-0.068 0.08613220000000001 0.331608 
-0.0606457 -0.0512 0.191286 
-0.0277681 -0.0125016 0.228743 
-0.08064 0.0368991 0.766947 
-0.043 0.0127687 0.18261 
-0.0585102 -0.112807 0.20377 
-0.005 0.0232481 0.135534 
-0.0583663 -0.0586216 0.588256 
-0.0692658 0.046348 0.4007 
-0.0247915 0.104507   0.23 
0.0468327  -0.11 0.290424 
-0.0228727 0.154532 0.409479 
0.0209225 -0.06935330000000001   0.23 
-0.00968549 -0.0747264 0.589822 
0.00704324 -0.1175 0.307798 
0.0383916 -0.0185 0.411148 
0.092697 0.0478586  0.193 
-0.0558118 -0.142737 0.548642 
0.0367893 0.0936578 0.151487 
0.0418956 0.0216 0.395825 
0.071216 0.1075 0.310831 
0.0347816 0.009134750000000001 0.68404 
-0.0207503  0.048 0.125674 
-0.14575 -0.0666085 0.449039 
0.0507895 0.00101015 0.0842305 
0.07360709999999999 -0.128889 0.230102 
-0.135891 0.0745383 0.345032 
-0.0829005 0.0767733 0.104586 
-0.07231940000000001 0.166767 0.440203 
-0.0418625 -0.0574864  0.387 
0.0707231 0.126583 0.179128 
0.0680489 0.127218 0.425285 
0.00827955 -0.0173538 0.128434 
0.03075 0.0620766 0.739254 
0.0122835 -0.164024 0.429103 
0.04605 -0.0115578 0.109292 
0.09501130000000001 -0.0414106 0.480031 
0.0625182 0.066538  0.469 
-0.113035 0.123117 0.361108 
-0.0342172 -0.0630387 0.799171 
-0.108982 0.119249 0.366233 
0.0100354 0.0129041 0.487881 
-0.019892 0.0171728 0.842231 
-0.06540609999999999 0.00162304 0.615065 
 0.003 -0.0103621 0.130005 
-0.0193091 -0.00211037 0.704331 
-0.0047553 0.0501594 0.4491 
0.04651 -0.111278 0.397161 
0.0752456 0.116428 0.158248 
-0.0382407 -0.0321293 0.62053 
-0.0032939 0.00502948 0.5465 
0.0914103 0.00370952  0.167 
0.0179532 -0.0401992  0.216 
-0.068 -0.0691259 0.242199 
-0.08449760000000001 -0.0436429 0.106491 
0.0374025 -0.0779556 0.557242 
-0.062 -0.030634 0.166282 
-0.142 0.0471192 0.407126 
0.0153817 0.14879 0.341886 
0.0979694 -0.0783374 0.274437 
-0.0706218 -0.050981 0.769442 
-0.066301 0.008095140000000001 0.1665 
0.0516644 0.1105 0.355228 
0.0384634 -0.0185 0.397312 
-0.0096959   0.11 0.356877 
-0.0366868   0.11 0.262857 
-0.0539715 -0.129438 0.475849 
0.098984 -0.0822885  0.167 
0.0919155 -0.08923449999999999 0.469703 
-0.0514343 0.0127889 0.638425 
0.0767885 0.0309531 0.397758 
0.0148673 -0.06771439999999999  0.469 
-0.041 -0.0139884 0.119752 
0.00397896 0.0494446 0.228944 
0.0230785 -0.0576 0.408602 
0.015796 0.0565 0.485073 
-0.132724 -0.108832 0.350086 
0.0324137 0.0894205 0.4491 
-0.0165361 -0.048 0.16895 
0.105909 0.0364983 0.216703 
-0.141184 0.07199999999999999 0.444664 
0.0759107 -0.0821042 0.282919 
-0.0331125 0.0492207 0.5131 
0.0249721 -0.16638 0.505582 
-0.0112187  0.172 0.43414 
-0.00877 -0.144053 0.126874 
0.0840722 -0.0187217 0.114457 
-0.0678714 0.00296566 0.1088 
-0.0560109 -0.0512 0.201089 
-0.125809 -0.127566 0.390379 
 0.082 -0.034435 0.326738 
-0.0682053 0.13448 0.182257 
-0.116331 -0.00763386 0.431031 
0.07513359999999999 0.0280537 0.377465 
0.0279888 0.0715524 0.727517 
-0.0562407 0.0420429 0.5385 
-0.124 -0.122672 0.40827 
0.0315539 -0.08301550000000001 0.56188 
0.0130043  0.004 0.124804 
-0.0800357 -0.0307138  0.233 
0.101146 0.0445683 0.490179 
-0.09430769999999999 0.068621 0.546752 
-0.0853626 -0.0900329 0.276987 
-0.0873871 0.07573969999999999 0.559162 
-0.0782805 0.06492050000000001 0.231272 
-0.0774413 0.104961 0.36399 
0.0639035 0.0154918 0.535844 
0.0235398   0.11 0.251369 
-0.0349362 -0.0707962 0.58496 
0.0456143   0.11 0.285505 
-0.142273 -0.0923284 0.407075 
-0.0914688 0.0531165 0.239042 
0.0168665 -0.1105 0.35067 
-0.0923035 -0.060045 0.163768 
-0.114837 -0.0632655 0.502765 
-0.0421851  0.169 0.451549 
0.06838959999999999 -0.0965975 0.505933 
-0.140326 0.119904 0.336249 
0.0900348 -0.100262 0.29261 
0.09895909999999999 0.0915892 0.381323 
0.0893226 0.0576965 0.489217 
0.0226586 0.0308668 0.135269 
-0.032121 -0.1145 0.266784 
0.084323 0.0259899  0.375 
0.03655 0.0192933 0.493861 
-0.0498912 0.033397  0.162 
-0.0192981 -0.0677029  0.479 
0.0182899 -0.06283469999999999 0.224065 
-0.0349681 -0.0338276 0.3875 
0.0455468 -0.09570529999999999 0.4765 
0.0150928 -0.0185 0.396762 
0.0193086 0.00598459 0.688186 
-0.105726 0.132267 0.383278 
-0.159121 -0.0766897 0.422333 
-0.125005 -0.00940436 0.395631 
0.108839 0.0272395 0.217655 
-0.0874769 -0.0317666 0.104334 
0.101882 0.0588915 0.190578 
-0.124286 -0.122985 0.459491 
-0.0275111 0.128238 0.192995 
0.0162149 0.08814230000000001 0.4526 
-0.0123008 0.1298 0.560943 
-0.0967422 -0.0259137 0.499561 
-0.005 0.0357857 0.141562 
-0.041 0.0231594 0.14097 
-0.06997780000000001 -0.00138028 0.81529 
0.00610157 0.0692948 0.733882 
0.0760422 -0.0305805 0.222307 
0.00441396 -0.043222   0.23 
0.0143228 -0.0549621    0.5 
-0.047787 -0.0625489 0.5623320000000001 
0.0327825 0.0818078  0.128 
0.0152929   0.11 0.240622 
-0.0201179 -0.07306559999999999 0.585735 
0.105736 0.0560541 0.2302 
-0.119451 -0.135898 0.456788 
0.0465 0.07140829999999999 0.498992 
0.0497628 0.015486 0.397747 
-0.0661878 -0.136 0.484218 
-0.110392 0.0542702 0.470597 
0.0377622 0.009220920000000001 0.212609 
0.0629145 0.134196 0.233177 
-0.127318 -0.0343039 0.353795 
-0.0280042 0.08334850000000001 0.4715 
-0.142 0.0154042 0.406137 
-0.06607739999999999 0.0359496 0.712005 
-0.0673971 -0.156696 0.552632 
0.0564611 0.0485284  0.484 
-0.0731407 -0.117476 0.116815 
0.0120388 -0.060733  0.514 
-0.113097 0.0743524 0.509632 
-0.0177425 -0.0494623 0.813842 
0.0120973 0.15074 0.38278 
-0.1471 -0.0128858 0.431792 
0.0127246 0.1175 0.283163 
-0.007890629999999999 0.0164835  0.112 
-0.0595043 0.0331703 0.4526 
-0.000830491 -0.129263   0.34 
0.0204464 0.157873 0.165265 
-0.0420241 0.136642 0.432661 
-0.07718650000000001 -0.0176682 0.326624 
0.0521857 0.0312736 0.549615 
-0.0292773 0.110151 0.580596 
-0.042437 -0.07938190000000001  0.388 
 0.039 -0.0544235 0.169088 
-0.1435 0.0180828 0.395043 
0.0504427 -0.0127403 0.633874 
-0.0180314 0.0504311 0.4461 
-0.0422026 0.125431 0.1981 
-0.0411068 0.12248 0.119503 
-0.124778 -0.10545 0.32637 
-0.0922632  -0.13 0.519172 
0.026709 -0.006 0.081233 
-0.0515 -0.130267 0.424521 
-0.041 -0.0521296 0.168485 
0.0683552 0.0800935 0.4345 
0.00854074 0.0313556 0.620467 
0.0315 -0.00188305 0.478142 
0.0881252 -0.0208495 0.773495 
-0.0786758 0.1205 0.332307 
0.0490975 0.126453 0.222219 
-0.0947223 0.06350749999999999 0.483384 
0.0108335 -0.152911 0.224667 
0.08907470000000001 0.06358320000000001 0.165744 
 0.039 -0.06913710000000001 0.182079 
-0.105109 -0.000729679 0.536176 
-0.109247 -0.134737 0.435855 
-0.114667 -0.115276 0.341045 
0.0760815 -0.0129119  0.375 
0.0434084 0.0291628 0.566925 
0.107362 -0.00217454 0.251978 
-0.0485628 0.0419869 0.5465 
0.0558753 -8.818880000000001e-05  0.216 
0.0636052 0.1145 0.254563 
-0.033 0.0183312 0.120403 
-0.0769928 -0.0538423 0.576698 
0.0123671 0.0156758  0.479 
0.0786409 -0.113285 0.336515 
0.0326218 -0.14731 0.248645 
-0.0891831 0.115527 0.312673 
-0.0548047 0.0106039 0.151184 
-0.023794 -0.0370748 0.821731 
-0.07699 -0.0466712 0.345896 
-0.08741500000000001 -0.0803664 0.227566 
0.0187818 -0.0648516 0.693549 
-0.0127899 -0.151161 0.375734 
0.050331 -0.139641 0.106379 
0.00270373 -0.128125   0.45 
0.0792774 0.122677 0.382788 
-0.0859017 0.00545015 0.3918 
-0.0623504 -0.0816959  0.365 
0.0619394 -0.1145 0.267358 
-0.109108 0.0110881  0.469 
-0.10898 -0.0817505 0.460531 
-0.0363091 0.0594191 0.5465 
0.102563 -0.0442043  0.227 
0.0166187  -0.11 0.256109 
0.0425308 0.111184 0.166638 
0.0576302 0.0915 0.525596 
-0.0562347 0.1355 0.341298 
0.0048 0.0169575 0.529586 
-0.0754344 -0.08320089999999999 0.222553 
0.0562271 0.0459482  0.222 
 0.077 0.0205795 0.449542 
0.07693369999999999 -0.115 0.237694 
0.0512208  0.136 0.514771 
0.0894662 -0.103272 0.311996 
0.0867747 0.000407255 0.195716 
-0.0407691 0.0446287 0.5213 
0.09776840000000001 -0.038221 0.149474 
0.109839 0.0725167 0.484102 
-0.0279296 -0.0468432  0.407 
0.0170399 -0.0272207 0.12978 
0.0249236 -0.1145 0.322582 
-0.0827855 -0.00508158  0.127 
-0.00530514 0.144616 0.16677 
-0.0559265  0.041 0.528759 
-0.0481601 -0.06544170000000001   0.23 
-0.100729 -0.001 0.552291 
0.0488073 -0.11297 0.4715 
-0.136856 0.0551169 0.392631 
0.0435221 -0.130507 0.529705 
-0.0664969 0.135057 0.483858 
0.0372222   0.11 0.231998 
0.00554748 0.029718 0.5065 
-0.0724798 -0.0460621 0.584174 
-0.0155583 -0.0253633   0.23 
0.108696 0.0409354 0.370058 
-0.0227886 -0.128458 0.133597 
0.0114506 -0.0381356  0.502 
-0.124229 -0.129528 0.446735 
-0.056099 0.139765 0.308936 
-0.08025839999999999 0.1143 0.247512 
0.0274774 0.0708937 0.721583 
-0.043 -0.00558782 0.153845 
0.105705 -0.0424733 0.303476 
-0.0669691  -0.06 0.128135 
-0.00518684 0.1175 0.269495 
-0.0164142 0.0611509 0.446708 
 0.039 -0.0350331 0.120978 
-0.0429608 0.151966 0.134122 
-0.0637721 0.07798239999999999 0.397656 
-0.0867848 0.104974 0.289414 
0.00075915 -0.0282136 0.731274 
0.0652208 0.0757128 0.519087 
-0.0506963 -0.123 0.560129 
0.0816042 -0.0125556  0.216 
-0.103948 -0.047 0.540722 
0.09277580000000001 0.00750691 0.802528 
-0.0532514 0.0460196 0.5385 
-0.00494291 -0.0334465 0.694684 
-0.0668159 -0.130571 0.216991 
-0.00233832 0.06354120000000001 0.5065 
-0.123616 -0.041918 0.450545 
0.0343786 0.150165 0.228589 
-0.148336 0.130666 0.450002 
0.0615412 -0.136 0.482266 
-0.0142377  0.004 0.132554 
0.0495119 -0.0984087 0.184781 
-0.101378  0.011 0.549863 
-0.0648218 -0.045406  0.502 
0.0712071 -0.120828 0.123318 
-0.08717370000000001 0.165946 0.461184 
-0.09610340000000001 0.156863 0.502576 
0.094525 -0.0968841 0.39687 
0.0223667 0.135325 0.149455 
-0.09307269999999999 -0.0534457 0.314721 
-0.0192259 -0.0187783 0.0699371 
0.0578795 0.102458 0.190767 
-0.0941232 0.000168402 0.169668 
0.0469293 0.0506965 0.667023 
0.0295 -0.07108200000000001 0.41927 
0.106561 -0.0523011 0.231146 
-0.0175767  0.139 0.371142 
 0.058 -0.0105377 0.13821 
-0.0632847 -0.00414746 0.82097 
-0.0329752 -0.076 0.38838 
-0.0149814 -0.1175 0.302204 
0.0300941 -0.159158 0.195429 
0.0538598 0.121697 0.199081 
-0.0834777 0.149278 0.54247 
0.0142942  -0.11 0.236107 
-0.125553 -0.0606008 0.395631 
-0.00802196 -0.0667717  0.222 
-0.0810439 -0.0409908 0.77443 
0.101414 -0.0269337 0.165915 
-0.10074 0.00543141  0.375 
0.0870074 0.0489422 0.795177 
-0.0015064 0.0342581 0.5385 
-0.00422321 0.0222442 0.72655 
  0.04 0.0770387 0.386811 
0.0466997 0.152345 0.165415 
-0.13331 0.0106698 0.369356 
-0.0127495 0.0469662 0.493617 
-0.010422 -0.00181153 0.4715 
-0.00853658 0.0662283 0.714473 
0.0764686 0.0271387 0.09000279999999999 
-0.0575626 0.0332015  0.375 
-0.0569292 0.137174 0.11077 
-0.0939786 0.0496001 0.194025 
0.0236141 -0.123745   0.23 
-0.106686 -0.127897 0.389786 
0.0137611 -0.00538748 0.764485 
0.0335123 0.0251852 0.684643 
0.0391408 -0.00729052 0.758016 
-0.0581737 -0.0100261 0.0781761 
0.0305913 0.1145 0.297171 
-0.041 0.0128587 0.190963 
-0.0176664 -0.138096  0.245 
-0.0617835 -0.000472966 0.5065 
0.08477469999999999 0.00234254 0.205454 
  0.04 0.072394 0.444519 
0.0623581 -0.0401139   0.23 
-0.0633867 -0.046912 0.120858 
0.0597407 0.0512 0.165935 
 0.029 -0.131026 0.399273 
0.0220785 -0.07803690000000001   0.23 
0.0413845 0.0358 0.491477 
-0.0165485   0.11 0.265172 
-0.009413599999999999 0.0767161 0.4526 
-0.101639  0.029 0.54826 
-0.035 0.0372459 0.112196 
-0.0693723 -0.131694 0.549621 
0.0430855 0.0149 0.184667 
-0.0991498   0.13 0.495089 
-0.0217534 -0.0627658  0.388 
-0.00485146 0.0469877 0.607022 
-0.0970758 -0.0907941  0.469 
-0.0520509 -0.1105 0.299401 
0.08886380000000001 0.0450954   0.23 
-0.0644266 0.0475747 0.228986 
 0.082 0.030219 0.355129 
0.0642524 -0.0614572  0.127 
-0.132 0.0696442 0.473556 
0.08651399999999999 0.0421554 0.213311 
0.0309609 0.0338023  0.116 
0.0796322 -0.0581937 0.499031 
-0.06325 -0.036414 0.498423 
0.00750942 0.159244 0.169627 
0.000152176 -0.149006  0.233 
0.0926481 0.0128435 0.3775 
0.0371514 0.030257 0.3995 
-0.105853 -0.0640512 0.468428 
-0.138207 0.124788 0.373448 
-0.0730697 0.135607 0.328332 
0.0466692 0.111437 0.38319 
-0.000416311 -0.0745609 0.736792 
0.053146 0.128664  0.224 
-0.021059 0.0971856 0.584239 
-0.0342007 -0.0315194  0.479 
0.0223855 -0.124637 0.291931 
-0.127729 0.132037 0.387276 
-0.0777293 0.00924679 0.726257 
-0.0252062   0.11 0.288716 
0.0420298 -0.08710619999999999 0.163911 
0.110346 -0.0141206 0.320405 
0.06293940000000001 -0.00529337 0.635772 
-0.0349042 0.161354 0.422957 
0.0408923 0.0701966  0.216 
0.00652856 0.0383413 0.839506 
0.105143 -0.0336721 0.211362 
0.0691823 0.102078 0.509073 
-0.040352 -0.147795 0.238879 
0.0228613 0.0248306  0.112 
0.0931018 -0.0449998 0.791038 
-0.0567488 0.026534   0.23 
-0.0595584 0.0516385 0.08428720000000001 
-0.00606199 0.0259931 0.448162 
0.08938690000000001 0.08041139999999999 0.407359 
0.0284541 0.00562467 0.07024809999999999 
-0.008999999999999999 -0.046046 0.119653 
0.0879648 0.0274084 0.499031 
-0.0307093 -0.00445799 0.152984 
-0.0249535 -0.0526116 0.605073 
0.0513918 -0.1105 0.354595 
-0.0877061 0.108595 0.486884 
 0.039 -0.0415467 0.153035 
-0.10461 -0.0902857 0.528613 
-0.0782805 -0.0254005 0.232349 
-0.0789417 -0.172 0.521381 
0.022335 -0.0222707 0.5088240000000001 
0.100079 0.0238874 0.198747 
-0.060596 0.138116 0.178552 
0.0230447 0.0120785 0.615388 
-0.111686 -0.110771  0.491 
0.0371449 -0.1205 0.28165 
0.0708572 -0.1205 0.313409 
-0.068 -0.0973015 0.348432 
0.103481 0.0442832 0.22715 
0.0419834 0.0880876 0.169154 
0.0662031 0.0604474 0.768273 
-0.09067070000000001 0.0827475 0.25251 
0.016196 0.157113 0.141399 
-0.139 -0.00495517 0.367233 
-0.0543353 -0.0393119 0.698736 
-0.09995610000000001 -0.136637 0.500845 
-0.100681  0.123 0.489799 
0.114825 0.031396 0.487767 
0.0686812 -0.0417753   0.23 
-0.126938 0.0885198 0.440617 
-0.08527029999999999 -0.06282359999999999 0.235602 
0.0344728 0.0479079 0.756537 
-0.0502093 -0.0191085   0.23 
0.000369449 0.0686996  0.375 
-0.0549549 0.0618181 0.508942 
-0.08546090000000001 0.0506576 0.236686 
-0.0329585 0.049959 0.5044999999999999 
-0.0884429 -0.0826287 0.55265 
0.0343099 -0.021 0.428145 
-0.005 0.0369171 0.143447 
0.107097 -0.0511147 0.412206 
0.0449347 -0.141645 0.224206 
-0.0657592 0.106174 0.258155 
0.0303652 0.0357821 0.4007 
0.09254519999999999 -0.101486 0.382514 
-0.0600497 0.06414209999999999 0.772149 
 0.033 -0.0192533 0.117679 
-0.0687242 -0.132973 0.145317 
-0.0464948 -0.138946 0.567421 
-0.018279 -0.119428 0.3498 
-0.0423109 0.120038 0.195057 
-0.0982344 -0.0125496  0.375 
-0.0270861 0.0101731 0.836731 
-0.00145282 0.0609698  0.193 
-0.060233 -0.0325026 0.59962 
0.00696939 0.0420964 0.603598 
-0.0881146 0.110846 0.34916 
-0.128298 -0.0671315 0.460731 
-0.0399463  0.126 0.5450199999999999 
0.00568698 -0.06325219999999999  0.222 
-0.0206003 0.0186927 0.471436 
-0.043 -0.008815119999999999 0.198441 
0.07354040000000001 0.0674751 0.786896 
-0.12917 0.009702880000000001 0.404441 
-0.140328 0.0339563 0.477881 
-0.0584352  0.065 0.129759 
0.06603349999999999 0.09362760000000001 0.303117 
-0.0723577 -0.0352026  0.504 
-0.133 -0.07646600000000001 0.352031 
-0.0421005 0.0073083 0.630783 
-0.0215843 -0.07266839999999999 0.3875 
-0.0852745 -0.0122074 0.238878 
-0.0389219 -0.150983 0.222495 
0.0288009 0.120072 0.178653 
0.0820877 0.0164092 0.814758 
  0.04 0.0458037 0.3998 
0.0193895 -0.169 0.456097 
0.0046094  -0.03 0.492064 
-0.073 0.0610477 0.324488 
-0.0794538 0.0344218 0.5317229999999999 
-0.08769490000000001 0.132129 0.341169 
  0.08 -0.0269583 0.465146 
-0.141 -0.00244553 0.419028 
-0.0166484 -0.155829 0.1258 
0.08262659999999999 -0.128256 0.41654 
-0.0923506 0.0235816 0.116589 
-0.0268735 0.131308  0.224 
0.0314974 0.058451  0.116 
-0.0434141  0.136 0.365415 
-0.0276452 -0.00231049  0.216 
-0.0721098 -0.00321168 0.707543 
0.0435059 0.1111 0.205904 
0.0027795 -0.009695840000000001 0.4501 
0.09182750000000001 0.105333 0.194648 
0.0474904 -0.150937 0.156088 
-0.0196882 -0.148879 0.290456 
0.07777969999999999 0.0876514 0.225671 
-0.068 0.0682995 0.346112 
-0.137 -0.0391023 0.420012 
0.0396447 0.1298 0.52625 
-0.078 0.0242658 0.336537 
0.103295 -0.0349809  0.227 
0.0192706 0.00459364 0.826731 
-0.08945640000000001 -0.0733123 0.442731 
-0.0570583 0.0485097 0.3775 
0.0573424 -0.107135 0.190599 
-0.144063 0.0770477 0.377879 
-0.0129986 0.0745 0.446511 
-0.062 -0.024456 0.197465 
0.08574420000000001 0.115866 0.352268 
  0.03 -0.0179495 0.141455 
-0.0854549 0.0650294 0.246668 
-0.0645 -0.0176964 0.479198 
-0.134558 -0.00060061 0.477881 
-0.0758672 0.00184731 0.3775 
-0.0972928 0.0230226 0.155102 
0.0893684 0.0891658 0.432254 
0.07549930000000001 0.00476061 0.798729 
-0.0396739 -0.150977 0.149086 
-0.0901305 0.0246553 0.120159 
0.0515605 0.0569774  0.222 
-0.07925 -0.104352 0.456774 
-0.0208222 0.0613098  0.469 
-0.0388348 -0.0309453 0.4055 
0.00367977 -0.153749 0.402189 
0.0393779 0.041344 0.4526 
-0.0673576 0.0508551 0.5385 
-0.0394752 -0.0467573 0.212527 
-0.06973310000000001 -0.0624126 0.0892249 
-0.0503008   0.11 0.30909 
0.0578727 -0.0575054 0.796472 
-0.0388094 -0.1244 0.124921 
-0.02299 -0.1145 0.31987 
-0.0843161 0.0944874  0.241 
-0.0911373 0.0859505 0.179798 
-0.0682431 0.140774 0.327051 
0.01675 -0.0638483 0.536636 
0.0659622 0.07219879999999999 0.417919 
-0.0375495   0.12 0.563958 
-0.0904697 0.0811215 0.213842 
-0.126937 0.12613 0.338068 
-0.0433082 0.0951689 0.146695 
0.105054 -0.0466187 0.381045 
0.0335378 0.0228125 0.3775 
0.0489673 -0.008409069999999999 0.680239 
-0.0846459 -0.0481563 0.3775 
-0.133 0.08085539999999999 0.357367 
0.100022 -0.0811673 0.265673 
-0.0203472 0.04286 0.124588 
0.0874423 -0.0318617 0.115556 
0.009636230000000001  0.123 0.454761 
-0.0758451 0.0322582 0.580305 
0.0437937 -0.0109347 0.4747 
0.0863347 0.115518 0.441849 
-0.0406858 -0.151521 0.177051 
-0.08119469999999999 -0.0844237 0.103255 
-0.0525038 0.0213839 0.680283 
-0.10727 0.141926 0.449266 
-0.07165829999999999 0.0533556 0.582531 
0.0940416 -0.103146 0.344564 
0.0104933 -0.169 0.470668 
-0.00817358 -0.0185 0.430641 
0.014055 0.008519000000000001 0.3775 
-0.05047 0.0912429 0.4526 
0.0498644 0.029785 0.643723 
-0.07915750000000001 -0.0955059 0.4725 
-0.148 -0.131354 0.447452 
-0.136381 0.0745841 0.455042 
-0.0819816 -0.0154401 0.319002 
-0.0178043 0.0636708 0.803328 
0.00358435 0.0254216 0.826231 
-0.129475 0.0929613 0.491776 
-0.0668738 0.159881 0.429235 
0.0929895 0.0142138 0.47211 
0.0795274 0.039195 0.798538 
-0.142 -0.0835533 0.479111 
0.105302 0.06520330000000001 0.315971 
0.0129288  0.004 0.214628 
0.0283108 0.0616511  0.491 
-0.030142 -0.134899  0.121 
-0.0622392 -0.134517 0.218421 
-0.127817 -0.0122896 0.353062 
-0.043752 0.00616309 0.830942 
-0.0254897 0.112699 0.573712 
0.06345530000000001 -0.0364402 0.111869 
0.057464 0.146617 0.200416 
0.00286865 -0.078 0.5302829999999999 
0.00154806 -0.0670495 0.716337 
-0.0634576 -0.0575733 0.439577 
-0.138249 0.101752 0.363637 
0.0277279 0.0420706 0.131819 
0.0383809 -0.127423 0.542344 
-0.134375 0.0238662 0.463981 
0.030247 0.0824989 0.163178 
0.0746598 0.0275748 0.793967 
0.0558297 0.115096 0.202722 
-0.0603498  0.065 0.137551 
-0.0907013 0.166339 0.519046 
-0.0831934 0.0495665 0.359381 
-0.0880512 0.0895068 0.300031 
0.0508912 -0.0354701 0.5550929999999999 
0.104728 -0.0276837 0.21585 
-0.06638910000000001 -0.016073 0.701585 
-0.06643839999999999 -0.109455  0.375 
-0.128949 -0.117774 0.368289 
0.0145798 0.047177 0.707546 
-0.0954058 0.000832817 0.491059 
-0.0657179 0.0657314  0.365 
0.0283261 0.0497466 0.710242 
-0.0662962 0.0535387 0.442151 
0.0822 0.0138992 0.135784 
-0.0688033 -0.00710092 0.5385 
-0.138068 -0.132357 0.485468 
0.0367807 0.068721 0.4501 
0.0948624 -0.0342069 0.13881 
-0.142603 0.0255673 0.457331 
0.0107777 -0.1175  0.342 
-0.041 -0.0422337 0.199674 
-0.00534287 0.00121225  0.216 
0.0277985 0.135845 0.182675 
-0.0286791 -0.09247329999999999 0.4715 
-0.142 -0.10433 0.442656 
-0.0758543 0.0555235  0.127 
0.0386787 0.0761174 0.55644 
0.0189847 0.0739655  0.469 
0.0146538 -0.1145 0.323619 
0.0384553 0.0403684 0.4491 
-0.013685 -0.0430666  0.479 
0.0161016 0.154318 0.408901 
0.09463050000000001 -0.0554837  0.216 
0.0143456 0.0468671 0.6755330000000001 
0.0756627 -0.0588191 0.782989 
0.00552482 0.1175 0.267218 
0.0528546 0.0891216 0.485344 
-0.136519 -0.138803 0.428758 
0.0216759 0.134257   0.23 
-0.0643634 -0.0576053 0.736169 
-0.118994 0.134257 0.445108 
-0.08470279999999999 -0.00532666  0.227 
-0.13761 0.1298 0.462055 
-0.07314370000000001 0.0787635 0.569164 
0.0544621 -0.0604607  0.222 
0.107973 0.0448001 0.400869 
0.0867747 0.0109676 0.172791 
-0.0470671 -0.0450379   0.23 
 0.041 -0.019203 0.125522 
-0.0864728 0.0366715 0.342381 
-0.09305190000000001 -0.060069 0.297841 
-0.0266394 0.1105 0.341995 
-0.09599290000000001 -0.0733108  0.375 
-0.0830895 0.00648578 0.359381 
-0.0139613 -0.142095 0.277777 
-0.0583423 0.1105 0.334621 
-0.106993 -0.103165 0.51945 
0.0265 -0.0119702 0.53233 
-0.07112250000000001 -0.021 0.435963 
-0.041 -0.0514425 0.20094 
0.0106624 0.0185613 0.680029 
-0.0795317 0.111423 0.175485 
0.0105544 0.135437 0.482062 
-0.0480797 0.143009 0.228687 
0.0268572 -0.149377 0.490609 
0.098806 -0.08000119999999999 0.349244 
-0.016618 -0.136522 0.131771 
-0.0652152 0.139317 0.558825 
-0.145473 -0.00823787 0.429129 
-0.0448977 0.0295935 0.4879 
 0.051 0.0499457 0.428981 
0.0236339 0.0635775 0.4491 
-0.0833252 -0.020233 0.771222 
-0.00762578 -0.000938248 0.5315 
0.0508 0.0446726 0.15542 
-0.00240655 -0.0415325  0.469 
-0.0633866 -0.0185 0.427081 
0.0395869 0.0266526  0.469 
-0.0502927 0.0338773 0.0755214 
0.0242094 0.0449557 0.652164 
0.0206274 -0.0208919 0.614397 
0.0578757 0.142283 0.191342 
-0.043 -0.0381385 0.208324 
0.0189785 0.0069848 0.5251 
0.0419484 0.0330891  0.384 
-0.0691475 0.042837 0.722283 
-0.0100965 0.1425 0.240784 
-0.0121493 0.0416073 0.657743 
-0.06950000000000001 -0.118148 0.387782 
0.0766111 -0.00159523 0.374029 
-0.0361898 -0.00741846 0.833856 
0.0439785 0.0502371 0.733047 
-0.0927045 -0.143549 0.52166 
-0.0196212 0.0468985 0.131387 
-0.00870397 -0.1375 0.282344 
 0.039 -0.0132269 0.146921 
 0.029 -0.124744 0.460854 
-0.0736864 -0.0254214 0.338123 
-0.0415943 -0.0443059 0.168721 
-0.139806 0.0123757 0.332538 
-0.0046551 0.0412481 0.3928 
-0.0881531 0.0724149 0.246046 
0.0649916 0.0023 0.126542 
-0.0792567 0.00456492 0.521863 
 0.041 -0.0194312 0.156371 
0.110467 0.0104949 0.287281 
-0.0351511  0.041 0.524093 
-0.000150615 0.0945305   0.23 
0.0724723 0.114579 0.318492 
-0.00175307 0.1425 0.298707 
0.08729530000000001 0.0146161 0.651207 
-0.0951607  -0.03 0.444084 
-0.00778099 0.0535055 0.680573 
0.0219228 -0.0108887 0.126079 
-0.0357528 -0.0407242  0.216 
0.0536409 0.125903 0.495332 
-0.15912 -0.0383678 0.414591 
-0.00110286 0.0367496  0.365 
0.0120036 0.1105 0.364779 
0.08851009999999999 0.0421155 0.129854 
0.0270679 0.0283057 0.5065 
0.105633 0.0339876 0.415001 
0.0847827 0.120555 0.382136 
-0.101459 -0.0515808 0.4715 
0.0155756 0.0600818 0.186431 
0.102997 -0.0362367 0.486806 
-0.00506199 0.1425 0.253425 
0.0227149 0.0401977 0.128241 
-0.0231391 0.0386098  0.116 
-0.0452402 -0.0684351 0.4775 
-0.00186611 -0.0138264  0.469 
-0.068 -0.042645 0.324261 
0.00524852 -0.0258868 0.617381 
0.0668803 -0.137303 0.18992 
-0.0593256 0.09116050000000001 0.209051 
-0.149636 -0.116252 0.348964 
-0.041 -0.0555086 0.142821 
-0.081373 -0.0574294 0.3775 
-0.0206825 -0.133618 0.466005 
-0.0377991 -0.0167294 0.5315 
0.0430669 -0.0048 0.195243 
-0.0895026 -0.136 0.499226 
-0.033 -0.023391 0.20287 
-0.0969505 -0.140903 0.39303 
0.047786 0.000946978 0.0842305 
0.016542   0.11 0.297595 
3 926 571 380 
3 473 583 656 
3 190 854 331 
3 535 731 574 
3 535 684 12 
3 684 7 12 
3 7 684 535 
3 167 535 574 
3 7 167 574 
3 167 7 535 
3 926 392 571 
3 970 542 380 
3 583 17 656 
3 17 583 679 
3 583 295 679 
3 554 473 656 
3 810 7 574 
3 190 810 574 
3 646 134 289 
3 731 646 574 
3 719 190 574 
3 646 719 574 
3 719 646 35 
3 190 719 854 
3 651 731 535 
3 651 535 12 
3 741 651 12 
3 286 134 3 
3 549 854 542 
3 854 549 331 
3 970 364 542 
3 554 189 473 
3 189 554 785 
3 854 100 542 
3 61 392 926 
3 542 61 380 
3 61 926 380 
3 989 970 380 
3 989 364 970 
3 31 741 12 
3 987 548 473 
3 31 987 741 
3 295 578 679 
3 578 295 750 
3 382 559 12 
3 7 382 12 
3 295 973 750 
3 973 215 750 
3 973 295 583 
3 215 384 750 
3 559 314 12 
3 987 314 548 
3 314 31 12 
3 314 987 31 
3 585 17 679 
3 157 810 190 
3 7 157 750 
3 810 157 7 
3 164 100 854 
3 164 646 289 
3 651 203 731 
3 203 651 134 
3 203 646 731 
3 646 203 134 
3 134 787 3 
3 651 787 134 
3 330 733 3 
3 392 192 571 
3 192 286 571 
3 192 164 289 
3 164 192 392 
3 275 625 331 
3 549 275 331 
3 666 286 3 
3 733 666 3 
3 286 666 571 
3 751 987 473 
3 330 751 733 
3 987 751 741 
3 751 330 741 
3 250 61 542 
3 61 250 392 
3 100 250 542 
3 164 250 100 
3 578 425 679 
3 425 578 190 
3 425 190 331 
3 625 425 331 
3 425 625 679 
3 382 401 215 
3 401 384 215 
3 401 382 7 
3 401 7 750 
3 384 401 750 
3 572 382 215 
3 382 572 559 
3 572 314 559 
3 314 806 548 
3 806 583 473 
3 548 806 473 
3 806 973 583 
3 932 554 656 
3 17 932 656 
3 585 932 17 
3 625 527 679 
3 527 585 679 
3 275 527 625 
3 527 275 549 
3 527 549 542 
3 364 527 542 
3 585 527 364 
3 578 842 190 
3 842 157 190 
3 842 578 750 
3 157 842 750 
3 826 164 854 
3 719 826 854 
3 826 719 35 
3 646 826 35 
3 164 826 646 
3 543 651 741 
3 330 543 741 
3 543 330 651 
3 888 787 651 
3 330 888 651 
3 787 888 3 
3 888 330 3 
3 286 125 134 
3 192 125 286 
3 134 125 289 
3 125 192 289 
3 565 666 733 
3 751 565 733 
3 204 989 380 
3 229 164 392 
3 250 229 392 
3 229 250 164 
3 274 585 364 
3 18 189 785 
3 18 415 989 
3 204 18 989 
3 572 496 314 
3 496 572 215 
3 740 565 751 
3 189 740 473 
3 740 751 473 
3 666 740 189 
3 565 740 666 
3 891 666 189 
3 891 204 666 
3 18 891 189 
3 891 18 204 
3 666 869 571 
3 415 812 989 
3 812 383 989 
3 383 812 785 
3 812 18 785 
3 18 812 415 
3 150 383 785 
3 554 150 785 
3 150 274 383 
3 742 274 364 
3 274 742 383 
3 989 742 364 
3 383 742 989 
3 653 932 585 
3 274 653 585 
3 653 274 932 
3 871 806 314 
3 496 871 314 
3 871 496 215 
3 973 871 215 
3 806 871 973 
3 204 823 666 
3 823 869 666 
3 823 204 380 
3 571 823 380 
3 869 823 571 
3 274 592 932 
3 150 592 274 
3 932 592 554 
3 592 150 554 
Vertices and facets:
- p926(v18): -0.083 -0.02  0.77
- p571(v10): -0.081 -0.041  0.77
- p380(v1): -0.16 -0.077  0.42
- p583(v22): 0.076 0.027  0.09
- p473(v12):  0.05 -0.14  0.11
- p656(v5): 0.028 0.0056  0.07
- p190(v24): 0.047  0.17  0.48
- p854(v13): -0.091  0.17  0.52
- p331(v3): -0.011  0.17  0.43
- p731(v26): 0.082 0.016  0.81
- p535(v14): 0.093 0.0075   0.8
- p574(v8): 0.087 0.049   0.8
- p684(v28):  0.11 0.031  0.49
- p12(v2):  0.12 -0.072  0.46
- p7(v15):  0.11 0.074  0.45
- p167(v29): 0.093 0.022  0.78
- p392(v35): -0.07 -0.0014  0.82
- p970(v36): -0.16 -0.038  0.41
- p542(v7): -0.15  0.13  0.45
- p17(v40): 0.041 0.019 0.075
- p679(v16): 0.016  0.16  0.14
- p295(v41): 0.075  0.12  0.16
- p554(v44): -0.019 -0.019  0.07
- p810(v45): 0.086  0.12  0.44
- p646(v46): 0.0065 0.038  0.84
- p134(v27): 0.00049 -0.044  0.84
- p289(v4): -0.02 0.017  0.84
- p719(v47): 0.074 0.067  0.79
- p35(v25): 0.038  0.06  0.81
- p651(v48): 0.093 -0.045  0.79
- p741(v20): 0.083 -0.13  0.42
- p286(v49): -0.034 -0.063   0.8
- p3(v6): -0.033 -0.17  0.56
- p549(v51): -0.087  0.17  0.46
- p364(v52): -0.14  0.12  0.34
- p189(v55): -0.038 -0.15  0.12
- p785(v23): -0.07 -0.062 0.089
- p100(v57): -0.13  0.14  0.48
- p61(v58): -0.089 0.0041  0.75
- p989(v59): -0.15 -0.12  0.35
- p31(v60):  0.08 -0.12  0.27
- p987(v61): 0.067 -0.14  0.19
- p548(v43): 0.071 -0.12  0.12
- p578(v62): 0.047  0.15  0.17
- p750(v9): 0.092  0.11  0.19
- p382(v63):  0.11 0.027  0.22
- p559(v21):  0.11 -0.052  0.23
- p973(v64): 0.089 0.042  0.13
- p215(v42):   0.1 0.048  0.18
- p384(v65):   0.1 0.059  0.19
- p314(v66): 0.099 -0.082  0.17
- p585(v67): -0.057  0.14  0.11
- p157(v68): 0.087  0.12  0.37
- p164(v69): -0.057 0.064  0.78
- p203(v70):  0.05 -0.016  0.83
- p787(v71): 0.058 -0.058   0.8
- p330(v72): 0.025 -0.17  0.51
- p733(v38): 0.019 -0.17  0.46
- p192(v74): -0.051 -0.004  0.84
- p275(v75): -0.072  0.17  0.44
- p625(v30): 0.0075  0.16  0.17
- p666(v76): -0.079 -0.17  0.52
- p751(v77): 0.047 -0.15  0.16
- p250(v78): -0.081 0.037  0.77
- p425(v81):  0.02  0.16  0.17
- p401(v82):  0.11 0.056  0.23
- p572(v83):   0.1 -0.027  0.17
- p806(v84): 0.087 -0.032  0.12
- p932(v85): -0.05 0.034 0.076
- p527(v86): -0.043  0.15  0.13
- p842(v87): 0.057  0.15   0.2
- p826(v88): -0.018 0.064   0.8
- p543(v89): 0.062 -0.14  0.48
- p888(v90): 0.076 -0.059  0.78
- p125(v91): -0.031 -0.021  0.84
- p565(v92):  0.03 -0.16   0.2
- p204(v93): -0.15 -0.13  0.43
- p229(v94): -0.062 0.056  0.78
- p274(v96): -0.083 0.077   0.1
- p18(v97): -0.052 -0.15  0.12
- p415(v80): -0.073 -0.12  0.12
- p496(v98): 0.098 -0.038  0.15
- p740(v99): -0.017 -0.16  0.13
- p891(v100): -0.14 -0.14  0.43
- p869(v101): -0.14 -0.13  0.49
- p812(v102): -0.081 -0.084   0.1
- p383(v95): -0.087 -0.032   0.1
- p150(v103): -0.061 -0.026 0.079
- p742(v104): -0.092 0.024  0.12
- p653(v105): -0.06 0.052 0.084
- p871(v106): 0.095 -0.034  0.14
- p823(v107): -0.15 -0.13  0.45
- p592(v108): -0.058 -0.01 0.078
- f64
    - flags: top simplicial
    - normal:   -0.9721 -0.07239   0.2229
    - offset: -0.2543837
    - vertices: p926(v18) p571(v10) p380(v1)
    - neighboring facets: f497 f253 f137
- f79
    - flags: bottom simplicial
    - normal:    0.4346  -0.1552  -0.8872
    - offset: 0.05083001
    - vertices: p583(v22) p473(v12) p656(v5)
    - neighboring facets: f180 f162 f388
- f89
    - flags: top simplicial
    - normal:   0.02544   0.9956  0.09019
    - offset: -0.2101141
    - vertices: p190(v24) p854(v13) p331(v3)
    - neighboring facets: f219 f373 f200
- f100
    - flags: bottom simplicial
    - normal:    0.8068   0.2103   0.5521
    - offset: -0.5194866
    - vertices: p731(v26) p535(v14) p574(v8)
    - neighboring facets: f111 f196 f202
- f108
    - flags: bottom simplicial
    - normal:    0.9972  0.02227  0.07154
    - offset: -0.1500979
    - vertices: p684(v28) p535(v14) p12(v2)
    - neighboring facets: f207 f109 f110
- f109
    - flags: top simplicial
    - normal:    0.9992  0.03824  0.00892
    - offset: -0.1202877
    - vertices: p684(v28) p7(v15) p12(v2)
    - neighboring facets: f280 f108 f110
- f110
    - flags: bottom simplicial
    - normal:     0.992   0.1003   0.0771
    - offset: -0.1546598
    - vertices: p684(v28) p7(v15) p535(v14)
    - neighboring facets: f113 f108 f109
- f111
    - flags: top simplicial
    - normal:    0.9828   0.1547   0.1009
    - offset:  -0.173331
    - vertices: p167(v29) p535(v14) p574(v8)
    - neighboring facets: f100 f112 f113
- f112
    - flags: bottom simplicial
    - normal:    0.9826    0.164  0.08716
    - offset: -0.1628241
    - vertices: p167(v29) p7(v15) p574(v8)
    - neighboring facets: f186 f111 f113
- f113
    - flags: top simplicial
    - normal:    0.9901   0.1156  0.07987
    - offset: -0.1568202
    - vertices: p167(v29) p7(v15) p535(v14)
    - neighboring facets: f110 f111 f112
- f137
    - flags: bottom simplicial
    - normal:   -0.9486 -0.05614   0.3113
    - offset: -0.3202955
    - vertices: p392(v35) p926(v18) p571(v10)
    - neighboring facets: f64 f336 f251
- f143
    - flags: top simplicial
    - normal:   -0.9877  0.03095   0.1531
    - offset: -0.2194404
    - vertices: p970(v36) p542(v7) p380(v1)
    - neighboring facets: f252 f255 f221
- f162
    - flags: bottom simplicial
    - normal:    0.4033 -0.06186   -0.913
    - offset: 0.05300496
    - vertices: p17(v40) p583(v22) p656(v5)
    - neighboring facets: f79 f395 f163
- f163
    - flags: top simplicial
    - normal:    0.2576   0.4563  -0.8517
    - offset: 0.04457788
    - vertices: p17(v40) p583(v22) p679(v16)
    - neighboring facets: f165 f301 f162
- f165
    - flags: bottom simplicial
    - normal:    0.5436   0.5144  -0.6632
    - offset: 0.004162168
    - vertices: p295(v41) p583(v22) p679(v16)
    - neighboring facets: f163 f274 f283
- f180
    - flags: top simplicial
    - normal:    0.1202  -0.2225  -0.9675
    - offset: 0.06579543
    - vertices: p554(v44) p473(v12) p656(v5)
    - neighboring facets: f79 f394 f236
- f186
    - flags: top simplicial
    - normal:    0.8235   0.5578   0.1035
    - offset: -0.1812806
    - vertices: p810(v45) p7(v15) p574(v8)
    - neighboring facets: f112 f187 f311
- f187
    - flags: bottom simplicial
    - normal:    0.8213    0.561   0.1041
    - offset: -0.1817199
    - vertices: p810(v45) p190(v24) p574(v8)
    - neighboring facets: f197 f186 f307
- f193
    - flags: top simplicial
    - normal:    0.1352 -0.04133     0.99
    - offset: -0.8303708
    - vertices: p646(v46) p134(v27) p289(v4)
    - neighboring facets: f425 f316 f322
- f196
    - flags: bottom simplicial
    - normal:    0.3913   0.4304   0.8134
    - offset: -0.7019095
    - vertices: p646(v46) p731(v26) p574(v8)
    - neighboring facets: f100 f198 f321
- f197
    - flags: top simplicial
    - normal:    0.7727   0.6207   0.1325
    - offset:  -0.202999
    - vertices: p719(v47) p190(v24) p574(v8)
    - neighboring facets: f187 f198 f200
- f198
    - flags: bottom simplicial
    - normal:    0.3347   0.5763   0.7455
    - offset: -0.6501456
    - vertices: p719(v47) p646(v46) p574(v8)
    - neighboring facets: f196 f197 f199
- f199
    - flags: top simplicial
    - normal:    0.3061   0.6123   0.7289
    - offset: -0.6374305
    - vertices: p719(v47) p646(v46) p35(v25)
    - neighboring facets: f414 f413 f198
- f200
    - flags: bottom simplicial
    - normal:   0.08572   0.9506   0.2983
    - offset: -0.3051864
    - vertices: p719(v47) p190(v24) p854(v13)
    - neighboring facets: f89 f412 f197
- f202
    - flags: top simplicial
    - normal:    0.6871  -0.1512   0.7106
    - offset: -0.6328928
    - vertices: p651(v48) p731(v26) p535(v14)
    - neighboring facets: f100 f207 f319
- f207
    - flags: top simplicial
    - normal:    0.9968 -0.01116  0.07927
    - offset: -0.1560105
    - vertices: p651(v48) p535(v14) p12(v2)
    - neighboring facets: f108 f208 f202
- f208
    - flags: bottom simplicial
    - normal:    0.7939  -0.5979   0.1107
    - offset: -0.1883914
    - vertices: p651(v48) p741(v20) p12(v2)
    - neighboring facets: f263 f207 f416
- f209
    - flags: top simplicial
    - normal:   0.05872  -0.9113   0.4075
    - offset: -0.3811219
    - vertices: p286(v49) p134(v27) p3(v6)
    - neighboring facets: f323 f344 f423
- f217
    - flags: top simplicial
    - normal:   -0.4944   0.8685 -0.03604
    - offset:    -0.1706
    - vertices: p549(v51) p854(v13) p542(v7)
    - neighboring facets: f247 f404 f219
- f219
    - flags: bottom simplicial
    - normal:  -0.08365   0.9964 -0.01187
    - offset: -0.1671714
    - vertices: p549(v51) p854(v13) p331(v3)
    - neighboring facets: f89 f342 f217
- f221
    - flags: bottom simplicial
    - normal:   -0.9938  0.07964 -0.07751
    - offset: -0.1229419
    - vertices: p364(v52) p970(v36) p542(v7)
    - neighboring facets: f143 f405 f256
- f236
    - flags: bottom simplicial
    - normal:  -0.05137  -0.3153  -0.9476
    - offset: 0.05936496
    - vertices: p189(v55) p554(v44) p473(v12)
    - neighboring facets: f180 f460 f237
- f237
    - flags: top simplicial
    - normal:  -0.09468  -0.3088  -0.9464
    - offset: 0.05857158
    - vertices: p189(v55) p554(v44) p785(v23)
    - neighboring facets: f478 f450 f236
- f247
    - flags: bottom simplicial
    - normal:   -0.5182   0.8552 -0.009257
    - offset: -0.1844512
    - vertices: p100(v57) p854(v13) p542(v7)
    - neighboring facets: f217 f361 f312
- f251
    - flags: top simplicial
    - normal:   -0.9594   0.0224    0.281
    - offset: -0.2962156
    - vertices: p61(v58) p392(v35) p926(v18)
    - neighboring facets: f137 f253 f359
- f252
    - flags: bottom simplicial
    - normal:   -0.9787  0.02371   0.2038
    - offset: -0.2399902
    - vertices: p61(v58) p542(v7) p380(v1)
    - neighboring facets: f143 f253 f358
- f253
    - flags: top simplicial
    - normal:   -0.9754 -0.03536   0.2176
    - offset: -0.2498277
    - vertices: p61(v58) p926(v18) p380(v1)
    - neighboring facets: f64 f252 f251
- f255
    - flags: top simplicial
    - normal:    -0.993 -0.02336  -0.1158
    - offset: -0.1109034
    - vertices: p989(v59) p970(v36) p380(v1)
    - neighboring facets: f143 f433 f256
- f256
    - flags: top simplicial
    - normal:   -0.9838  0.02926  -0.1769
    - offset: -0.08207904
    - vertices: p989(v59) p364(v52) p970(v36)
    - neighboring facets: f221 f255 f484
- f263
    - flags: top simplicial
    - normal:    0.8542  -0.5186 -0.03755
    - offset: -0.1214476
    - vertices: p31(v60) p741(v20) p12(v2)
    - neighboring facets: f208 f295 f270
- f268
    - flags: top simplicial
    - normal:    0.7176  -0.6855   -0.123
    - offset: -0.1187657
    - vertices: p987(v61) p548(v43) p473(v12)
    - neighboring facets: f389 f354 f294
- f270
    - flags: bottom simplicial
    - normal:    0.8485  -0.5279 -0.03788
    - offset: -0.1220344
    - vertices: p987(v61) p31(v60) p741(v20)
    - neighboring facets: f263 f356 f296
- f274
    - flags: bottom simplicial
    - normal:    0.5624   0.5671  -0.6018
    - offset: -0.01311435
    - vertices: p578(v62) p295(v41) p679(v16)
    - neighboring facets: f165 f371 f276
- f276
    - flags: top simplicial
    - normal:    0.7586   0.6334  -0.1525
    - offset: -0.1066908
    - vertices: p578(v62) p295(v41) p750(v9)
    - neighboring facets: f281 f409 f274
- f278
    - flags: top simplicial
    - normal:    0.9976 -0.03825 -0.05704
    - offset: -0.09512416
    - vertices: p382(v63) p559(v21) p12(v2)
    - neighboring facets: f293 f280 f385
- f280
    - flags: bottom simplicial
    - normal:     0.999  0.03502 -0.02742
    - offset: -0.1037178
    - vertices: p382(v63) p7(v15) p12(v2)
    - neighboring facets: f109 f278 f378
- f281
    - flags: bottom simplicial
    - normal:    0.9021   0.2849  -0.3241
    - offset: -0.04975425
    - vertices: p973(v64) p295(v41) p750(v9)
    - neighboring facets: f276 f282 f283
- f282
    - flags: top simplicial
    - normal:    0.9103   0.2721   -0.312
    - offset: -0.05150635
    - vertices: p973(v64) p215(v42) p750(v9)
    - neighboring facets: f286 f281 f492
- f283
    - flags: top simplicial
    - normal:    0.8758   0.3006  -0.3776
    - offset: -0.04114412
    - vertices: p973(v64) p295(v41) p583(v22)
    - neighboring facets: f165 f391 f281
- f286
    - flags: bottom simplicial
    - normal:    0.9666   0.2207  -0.1306
    - offset: -0.08657964
    - vertices: p384(v65) p215(v42) p750(v9)
    - neighboring facets: f282 f380 f377
- f293
    - flags: bottom simplicial
    - normal:    0.9913  -0.1154 -0.06316
    - offset: -0.09706949
    - vertices: p314(v66) p559(v21) p12(v2)
    - neighboring facets: f278 f295 f386
- f294
    - flags: bottom simplicial
    - normal:    0.8473  -0.5257   -0.075
    - offset:   -0.11461
    - vertices: p314(v66) p987(v61) p548(v43)
    - neighboring facets: f268 f387 f296
- f295
    - flags: top simplicial
    - normal:    0.8575   -0.513 -0.03965
    - offset: -0.1204683
    - vertices: p314(v66) p31(v60) p12(v2)
    - neighboring facets: f263 f293 f296
- f296
    - flags: top simplicial
    - normal:    0.8554  -0.5164 -0.04134
    - offset: -0.1202547
    - vertices: p314(v66) p987(v61) p31(v60)
    - neighboring facets: f270 f295 f294
- f301
    - flags: top simplicial
    - normal:    0.2354   0.4555  -0.8585
    - offset: 0.04601825
    - vertices: p585(v67) p17(v40) p679(v16)
    - neighboring facets: f163 f401 f396
- f307
    - flags: top simplicial
    - normal:     0.803   0.5947  0.03885
    - offset: -0.1551944
    - vertices: p157(v68) p810(v45) p190(v24)
    - neighboring facets: f187 f408 f311
- f310
    - flags: bottom simplicial
    - normal:    0.8742   0.4853   -0.015
    - offset: -0.1284735
    - vertices: p157(v68) p7(v15) p750(v9)
    - neighboring facets: f379 f410 f311
- f311
    - flags: bottom simplicial
    - normal:    0.8326   0.5526   0.0365
    - offset: -0.1518489
    - vertices: p157(v68) p810(v45) p7(v15)
    - neighboring facets: f186 f310 f307
- f312
    - flags: top simplicial
    - normal:   -0.6983   0.6316   0.3368
    - offset: -0.3431943
    - vertices: p164(v69) p100(v57) p854(v13)
    - neighboring facets: f247 f411 f362
- f316
    - flags: top simplicial
    - normal:   -0.4005   0.5901    0.701
    - offset: -0.6084903
    - vertices: p164(v69) p646(v46) p289(v4)
    - neighboring facets: f193 f339 f415
- f319
    - flags: bottom simplicial
    - normal:    0.5445  -0.2155   0.8106
    - offset:  -0.701624
    - vertices: p203(v70) p651(v48) p731(v26)
    - neighboring facets: f202 f321 f320
- f320
    - flags: top simplicial
    - normal:    0.3956  -0.4348    0.809
    - offset: -0.6963434
    - vertices: p203(v70) p651(v48) p134(v27)
    - neighboring facets: f325 f322 f319
- f321
    - flags: top simplicial
    - normal:     0.325  0.05423   0.9442
    - offset: -0.7968319
    - vertices: p203(v70) p646(v46) p731(v26)
    - neighboring facets: f196 f319 f322
- f322
    - flags: bottom simplicial
    - normal:    0.2083 -0.04628    0.977
    - offset: -0.8197515
    - vertices: p203(v70) p646(v46) p134(v27)
    - neighboring facets: f193 f320 f321
- f323
    - flags: bottom simplicial
    - normal:   0.07052  -0.9111    0.406
    - offset: -0.3798671
    - vertices: p787(v71) p134(v27) p3(v6)
    - neighboring facets: f209 f421 f325
- f325
    - flags: bottom simplicial
    - normal:    0.3343  -0.6419   0.6901
    - offset: -0.6058818
    - vertices: p787(v71) p651(v48) p134(v27)
    - neighboring facets: f320 f323 f419
- f329
    - flags: top simplicial
    - normal:    0.1279  -0.9911  0.03805
    - offset: -0.1873214
    - vertices: p330(v72) p733(v38) p3(v6)
    - neighboring facets: f345 f422 f355
- f336
    - flags: bottom simplicial
    - normal:   -0.6992  -0.4093   0.5862
    - offset: -0.5273861
    - vertices: p192(v74) p392(v35) p571(v10)
    - neighboring facets: f137 f337 f340
- f337
    - flags: top simplicial
    - normal:   -0.5777   -0.544   0.6086
    - offset:  -0.540404
    - vertices: p192(v74) p286(v49) p571(v10)
    - neighboring facets: f348 f336 f424
- f339
    - flags: top simplicial
    - normal:   -0.4939   0.5151   0.7005
    - offset: -0.6086567
    - vertices: p192(v74) p164(v69) p289(v4)
    - neighboring facets: f316 f426 f340
- f340
    - flags: bottom simplicial
    - normal:   -0.6283   0.4513   0.6337
    - offset: -0.5599772
    - vertices: p192(v74) p164(v69) p392(v35)
    - neighboring facets: f436 f336 f339
- f341
    - flags: top simplicial
    - normal:  -0.09056   0.9944 -0.05437
    - offset: -0.1484511
    - vertices: p275(v75) p625(v30) p331(v3)
    - neighboring facets: f374 f342 f402
- f342
    - flags: bottom simplicial
    - normal:  -0.08758   0.9959 -0.02304
    - offset: -0.1622753
    - vertices: p275(v75) p549(v51) p331(v3)
    - neighboring facets: f219 f341 f403
- f344
    - flags: top simplicial
    - normal:    -0.291  -0.8738   0.3896
    - offset: -0.3763954
    - vertices: p666(v76) p286(v49) p3(v6)
    - neighboring facets: f209 f345 f348
- f345
    - flags: bottom simplicial
    - normal:   0.01615  -0.9996 -0.02162
    - offset: -0.1593929
    - vertices: p666(v76) p733(v38) p3(v6)
    - neighboring facets: f329 f344 f427
- f348
    - flags: bottom simplicial
    - normal:   -0.5507  -0.7431   0.3801
    - offset: -0.3694866
    - vertices: p666(v76) p286(v49) p571(v10)
    - neighboring facets: f337 f470 f344
- f354
    - flags: top simplicial
    - normal:     0.702  -0.7021  -0.1194
    - offset: -0.1206669
    - vertices: p751(v77) p987(v61) p473(v12)
    - neighboring facets: f268 f461 f356
- f355
    - flags: bottom simplicial
    - normal:    0.4806  -0.8769 -0.007785
    - offset: -0.1539675
    - vertices: p751(v77) p330(v72) p733(v38)
    - neighboring facets: f329 f429 f357
- f356
    - flags: bottom simplicial
    - normal:    0.5848  -0.8112 -0.008248
    - offset: -0.1489177
    - vertices: p751(v77) p987(v61) p741(v20)
    - neighboring facets: f270 f357 f354
- f357
    - flags: top simplicial
    - normal:      0.55  -0.8352 -0.001467
    - offset: -0.1519483
    - vertices: p751(v77) p330(v72) p741(v20)
    - neighboring facets: f417 f356 f355
- f358
    - flags: top simplicial
    - normal:   -0.9631   0.1194    0.241
    - offset: -0.2669413
    - vertices: p250(v78) p61(v58) p542(v7)
    - neighboring facets: f252 f361 f359
- f359
    - flags: bottom simplicial
    - normal:   -0.9537  0.09481   0.2854
    - offset: -0.2993012
    - vertices: p250(v78) p61(v58) p392(v35)
    - neighboring facets: f251 f437 f358
- f361
    - flags: bottom simplicial
    - normal:   -0.8505   0.4265   0.3078
    - offset: -0.3204138
    - vertices: p250(v78) p100(v57) p542(v7)
    - neighboring facets: f247 f358 f362
- f362
    - flags: bottom simplicial
    - normal:   -0.7892   0.5179   0.3301
    - offset: -0.3359516
    - vertices: p250(v78) p164(v69) p100(v57)
    - neighboring facets: f312 f361 f438
- f371
    - flags: bottom simplicial
    - normal:    0.2059   0.9762 -0.06776
    - offset: -0.1471297
    - vertices: p425(v81) p578(v62) p679(v16)
    - neighboring facets: f274 f375 f372
- f372
    - flags: top simplicial
    - normal:    0.2061   0.9775 -0.04396
    - offset: -0.1512773
    - vertices: p425(v81) p578(v62) p190(v24)
    - neighboring facets: f407 f373 f371
- f373
    - flags: top simplicial
    - normal:    0.1242   0.9915 -0.03746
    - offset: -0.1528868
    - vertices: p425(v81) p190(v24) p331(v3)
    - neighboring facets: f89 f374 f372
- f374
    - flags: bottom simplicial
    - normal:   0.09144   0.9949 -0.04151
    - offset: -0.1520851
    - vertices: p425(v81) p625(v30) p331(v3)
    - neighboring facets: f341 f373 f375
- f375
    - flags: top simplicial
    - normal:   0.08938   0.9949  -0.0476
    - offset: -0.1510225
    - vertices: p425(v81) p625(v30) p679(v16)
    - neighboring facets: f400 f371 f374
- f376
    - flags: bottom simplicial
    - normal:    0.9864   0.1422 -0.08275
    - offset: -0.09321821
    - vertices: p401(v82) p382(v63) p215(v42)
    - neighboring facets: f384 f377 f378
- f377
    - flags: top simplicial
    - normal:    0.9842   0.1558 -0.08457
    - offset: -0.09332513
    - vertices: p401(v82) p384(v65) p215(v42)
    - neighboring facets: f286 f376 f380
- f378
    - flags: top simplicial
    - normal:    0.9909   0.1267 -0.04582
    - offset: -0.1013244
    - vertices: p401(v82) p382(v63) p7(v15)
    - neighboring facets: f280 f379 f376
- f379
    - flags: top simplicial
    - normal:    0.9705   0.2349 -0.05402
    - offset: -0.1033521
    - vertices: p401(v82) p7(v15) p750(v9)
    - neighboring facets: f310 f380 f378
- f380
    - flags: bottom simplicial
    - normal:    0.9728   0.2175 -0.07905
    - offset: -0.09686193
    - vertices: p401(v82) p384(v65) p750(v9)
    - neighboring facets: f286 f379 f377
- f384
    - flags: top simplicial
    - normal:    0.9887 0.007229  -0.1495
    - offset: -0.0752799
    - vertices: p572(v83) p382(v63) p215(v42)
    - neighboring facets: f376 f457 f385
- f385
    - flags: bottom simplicial
    - normal:    0.9944 -0.04474 -0.09586
    - offset: -0.08614543
    - vertices: p572(v83) p382(v63) p559(v21)
    - neighboring facets: f278 f386 f384
- f386
    - flags: top simplicial
    - normal:    0.9943 -0.04553 -0.09616
    - offset: -0.08610969
    - vertices: p572(v83) p314(v66) p559(v21)
    - neighboring facets: f293 f385 f455
- f387
    - flags: bottom simplicial
    - normal:    0.8969  -0.1982  -0.3955
    - offset: -0.03903877
    - vertices: p806(v84) p314(v66) p548(v43)
    - neighboring facets: f294 f389 f489
- f388
    - flags: top simplicial
    - normal:    0.6879  -0.1769  -0.7039
    - offset: 0.01555377
    - vertices: p806(v84) p583(v22) p473(v12)
    - neighboring facets: f79 f389 f391
- f389
    - flags: bottom simplicial
    - normal:    0.7159  -0.1893  -0.6721
    - offset: 0.009031629
    - vertices: p806(v84) p548(v43) p473(v12)
    - neighboring facets: f268 f388 f387
- f391
    - flags: top simplicial
    - normal:    0.9515  0.04511  -0.3044
    - offset: -0.04657992
    - vertices: p806(v84) p973(v64) p583(v22)
    - neighboring facets: f283 f388 f493
- f394
    - flags: top simplicial
    - normal:  -0.03653  0.08406  -0.9958
    - offset: 0.07051896
    - vertices: p932(v85) p554(v44) p656(v5)
    - neighboring facets: f180 f395 f501
- f395
    - flags: bottom simplicial
    - normal:   0.04282   0.2974  -0.9538
    - offset: 0.06411191
    - vertices: p932(v85) p17(v40) p656(v5)
    - neighboring facets: f162 f394 f396
- f396
    - flags: bottom simplicial
    - normal:   0.04741   0.3253  -0.9444
    - offset: 0.06268729
    - vertices: p932(v85) p585(v67) p17(v40)
    - neighboring facets: f301 f395 f486
- f400
    - flags: bottom simplicial
    - normal:  -0.07432   0.9924 -0.09779
    - offset: -0.1408922
    - vertices: p527(v86) p625(v30) p679(v16)
    - neighboring facets: f375 f401 f402
- f401
    - flags: top simplicial
    - normal:  -0.008307    0.847  -0.5315
    - offset: -0.0577786
    - vertices: p527(v86) p585(v67) p679(v16)
    - neighboring facets: f301 f400 f406
- f402
    - flags: bottom simplicial
    - normal:   -0.1025    0.993 -0.05785
    - offset:  -0.147554
    - vertices: p527(v86) p275(v75) p625(v30)
    - neighboring facets: f341 f400 f403
- f403
    - flags: top simplicial
    - normal:   -0.1412   0.9881 -0.06133
    - offset:  -0.147996
    - vertices: p527(v86) p275(v75) p549(v51)
    - neighboring facets: f342 f404 f402
- f404
    - flags: top simplicial
    - normal:   -0.4829   0.8697  -0.1025
    - offset: -0.1391631
    - vertices: p527(v86) p549(v51) p542(v7)
    - neighboring facets: f217 f405 f403
- f405
    - flags: bottom simplicial
    - normal:   -0.5207   0.8457  -0.1167
    - offset: -0.1352418
    - vertices: p527(v86) p364(v52) p542(v7)
    - neighboring facets: f221 f404 f406
- f406
    - flags: bottom simplicial
    - normal:   -0.5843   0.7966  -0.1551
    - offset:  -0.125355
    - vertices: p527(v86) p585(v67) p364(v52)
    - neighboring facets: f446 f405 f401
- f407
    - flags: bottom simplicial
    - normal:    0.5613   0.8268 -0.03732
    - offset: -0.1459937
    - vertices: p842(v87) p578(v62) p190(v24)
    - neighboring facets: f372 f408 f409
- f408
    - flags: top simplicial
    - normal:    0.7345   0.6784 -0.02016
    - offset: -0.1376235
    - vertices: p842(v87) p157(v68) p190(v24)
    - neighboring facets: f307 f407 f410
- f409
    - flags: top simplicial
    - normal:    0.7537    0.645  -0.1262
    - offset: -0.1125762
    - vertices: p842(v87) p578(v62) p750(v9)
    - neighboring facets: f276 f410 f407
- f410
    - flags: bottom simplicial
    - normal:     0.766    0.642 -0.03151
    - offset: -0.1318357
    - vertices: p842(v87) p157(v68) p750(v9)
    - neighboring facets: f310 f409 f408
- f411
    - flags: top simplicial
    - normal:   -0.2092   0.9014   0.3792
    - offset: -0.3657107
    - vertices: p826(v88) p164(v69) p854(v13)
    - neighboring facets: f312 f412 f415
- f412
    - flags: bottom simplicial
    - normal:     0.021    0.942   0.3348
    - offset: -0.3285878
    - vertices: p826(v88) p719(v47) p854(v13)
    - neighboring facets: f200 f411 f413
- f413
    - flags: top simplicial
    - normal:   0.02797   0.9284   0.3704
    - offset:  -0.356207
    - vertices: p826(v88) p719(v47) p35(v25)
    - neighboring facets: f199 f414 f412
- f414
    - flags: bottom simplicial
    - normal:  0.005585   0.8209    0.571
    - offset: -0.5108734
    - vertices: p826(v88) p646(v46) p35(v25)
    - neighboring facets: f199 f413 f415
- f415
    - flags: bottom simplicial
    - normal:   -0.3763   0.6208   0.6877
    - offset: -0.5987096
    - vertices: p826(v88) p164(v69) p646(v46)
    - neighboring facets: f316 f414 f411
- f416
    - flags: top simplicial
    - normal:    0.6915   -0.709   0.1383
    - offset: -0.2056758
    - vertices: p543(v89) p651(v48) p741(v20)
    - neighboring facets: f208 f417 f418
- f417
    - flags: bottom simplicial
    - normal:    0.6825  -0.7185   0.1343
    - offset: -0.2044776
    - vertices: p543(v89) p330(v72) p741(v20)
    - neighboring facets: f357 f416 f418
- f418
    - flags: top simplicial
    - normal:    0.6843  -0.7155   0.1409
    - offset: -0.2073821
    - vertices: p543(v89) p330(v72) p651(v48)
    - neighboring facets: f420 f416 f417
- f419
    - flags: top simplicial
    - normal:    0.3542  -0.7624   0.5416
    - offset:  -0.495701
    - vertices: p888(v90) p787(v71) p651(v48)
    - neighboring facets: f325 f420 f421
- f420
    - flags: bottom simplicial
    - normal:    0.5436  -0.8113   0.2152
    - offset: -0.2573844
    - vertices: p888(v90) p330(v72) p651(v48)
    - neighboring facets: f418 f419 f422
- f421
    - flags: bottom simplicial
    - normal:    0.2028  -0.9121   0.3564
    - offset: -0.3480449
    - vertices: p888(v90) p787(v71) p3(v6)
    - neighboring facets: f323 f422 f419
- f422
    - flags: top simplicial
    - normal:     0.332  -0.8984   0.2877
    - offset: -0.3031994
    - vertices: p888(v90) p330(v72) p3(v6)
    - neighboring facets: f329 f421 f420
- f423
    - flags: bottom simplicial
    - normal:   -0.4287  -0.5834   0.6899
    - offset: -0.6027665
    - vertices: p125(v91) p286(v49) p134(v27)
    - neighboring facets: f209 f425 f424
- f424
    - flags: bottom simplicial
    - normal:   -0.4967  -0.5562   0.6663
    - offset: -0.5845683
    - vertices: p125(v91) p192(v74) p286(v49)
    - neighboring facets: f337 f423 f426
- f425
    - flags: bottom simplicial
    - normal:  -0.08655  -0.1153   0.9896
    - offset: -0.8331775
    - vertices: p125(v91) p134(v27) p289(v4)
    - neighboring facets: f193 f426 f423
- f426
    - flags: top simplicial
    - normal:    -0.139  -0.1001   0.9852
    - offset: -0.8308289
    - vertices: p125(v91) p192(v74) p289(v4)
    - neighboring facets: f339 f425 f424
- f427
    - flags: top simplicial
    - normal:   0.00559  -0.9993  -0.0375
    - offset: -0.1518832
    - vertices: p565(v92) p666(v76) p733(v38)
    - neighboring facets: f345 f429 f463
- f429
    - flags: bottom simplicial
    - normal:    0.3925  -0.9196  -0.0186
    - offset: -0.1545328
    - vertices: p565(v92) p751(v77) p733(v38)
    - neighboring facets: f355 f427 f459
- f433
    - flags: top simplicial
    - normal:   -0.9872  -0.1528 -0.04525
    - offset: -0.1496927
    - vertices: p204(v93) p989(v59) p380(v1)
    - neighboring facets: f255 f496 f454
- f436
    - flags: top simplicial
    - normal:   -0.7574   0.4124   0.5063
    - offset:  -0.465183
    - vertices: p229(v94) p164(v69) p392(v35)
    - neighboring facets: f340 f437 f438
- f437
    - flags: bottom simplicial
    - normal:   -0.7718   0.4046   0.4906
    - offset: -0.4534096
    - vertices: p229(v94) p250(v78) p392(v35)
    - neighboring facets: f359 f436 f438
- f438
    - flags: top simplicial
    - normal:   -0.7834   0.4678   0.4092
    - offset: -0.3942488
    - vertices: p229(v94) p250(v78) p164(v69)
    - neighboring facets: f362 f436 f437
- f446
    - flags: top simplicial
    - normal:    -0.868   0.4029  -0.2902
    - offset: -0.07254394
    - vertices: p274(v96) p585(v67) p364(v52)
    - neighboring facets: f406 f482 f487
- f450
    - flags: top simplicial
    - normal:    -0.312  -0.3649  -0.8772
    - offset:  0.0337445
    - vertices: p18(v97) p189(v55) p785(v23)
    - neighboring facets: f237 f475 f466
- f452
    - flags: top simplicial
    - normal:   -0.7728  -0.5827  -0.2516
    - offset: -0.09558789
    - vertices: p18(v97) p415(v80) p989(v59)
    - neighboring facets: f472 f454 f476
- f454
    - flags: bottom simplicial
    - normal:   -0.6066  -0.7794  -0.1566
    - offset: -0.1267316
    - vertices: p18(v97) p204(v93) p989(v59)
    - neighboring facets: f433 f452 f467
- f455
    - flags: bottom simplicial
    - normal:    0.9815 -0.04672  -0.1856
    - offset: -0.07001078
    - vertices: p496(v98) p572(v83) p314(v66)
    - neighboring facets: f386 f490 f457
- f457
    - flags: top simplicial
    - normal:    0.9736  0.01708  -0.2276
    - offset: -0.06051268
    - vertices: p496(v98) p572(v83) p215(v42)
    - neighboring facets: f384 f491 f455
- f459
    - flags: top simplicial
    - normal:    0.1418  -0.9797   -0.142
    - offset: -0.1324323
    - vertices: p740(v99) p565(v92) p751(v77)
    - neighboring facets: f429 f461 f463
- f460
    - flags: bottom simplicial
    - normal:   0.08172  -0.8859  -0.4566
    - offset: -0.07924789
    - vertices: p740(v99) p189(v55) p473(v12)
    - neighboring facets: f236 f461 f462
- f461
    - flags: top simplicial
    - normal:    0.1721  -0.9627  -0.2089
    - offset: -0.1208643
    - vertices: p740(v99) p751(v77) p473(v12)
    - neighboring facets: f354 f460 f459
- f462
    - flags: bottom simplicial
    - normal:   -0.1257  -0.9902 -0.06027
    - offset: -0.1488175
    - vertices: p740(v99) p666(v76) p189(v55)
    - neighboring facets: f464 f460 f463
- f463
    - flags: bottom simplicial
    - normal:  -0.008356  -0.9991 -0.04216
    - offset: -0.1505208
    - vertices: p740(v99) p565(v92) p666(v76)
    - neighboring facets: f427 f462 f459
- f464
    - flags: top simplicial
    - normal:   -0.3934  -0.9156  -0.0836
    - offset: -0.1449455
    - vertices: p891(v100) p666(v76) p189(v55)
    - neighboring facets: f462 f466 f465
- f465
    - flags: top simplicial
    - normal:   -0.4516  -0.8914 -0.03878
    - offset: -0.1687483
    - vertices: p891(v100) p204(v93) p666(v76)
    - neighboring facets: f494 f464 f467
- f466
    - flags: bottom simplicial
    - normal:    -0.449  -0.8876  -0.1023
    - offset: -0.1406528
    - vertices: p891(v100) p18(v97) p189(v55)
    - neighboring facets: f450 f464 f467
- f467
    - flags: top simplicial
    - normal:   -0.4551  -0.8844   -0.104
    - offset: -0.1402902
    - vertices: p891(v100) p18(v97) p204(v93)
    - neighboring facets: f454 f465 f466
- f470
    - flags: bottom simplicial
    - normal:   -0.6577  -0.6711    0.342
    - offset: -0.3456728
    - vertices: p869(v101) p666(v76) p571(v10)
    - neighboring facets: f348 f498 f495
- f472
    - flags: bottom simplicial
    - normal:   -0.8944  -0.3381  -0.2929
    - offset: -0.07091631
    - vertices: p812(v102) p415(v80) p989(v59)
    - neighboring facets: f452 f473 f476
- f473
    - flags: top simplicial
    - normal:    -0.954  -0.1081  -0.2797
    - offset: -0.05769925
    - vertices: p812(v102) p383(v95) p989(v59)
    - neighboring facets: f485 f472 f474
- f474
    - flags: bottom simplicial
    - normal:    -0.715 -0.07105  -0.6955
    - offset: 0.007768281
    - vertices: p812(v102) p383(v95) p785(v23)
    - neighboring facets: f477 f475 f473
- f475
    - flags: top simplicial
    - normal:   -0.3493  -0.3675  -0.8619
    - offset: 0.02961079
    - vertices: p812(v102) p18(v97) p785(v23)
    - neighboring facets: f450 f474 f476
- f476
    - flags: bottom simplicial
    - normal:   -0.5484  -0.4283  -0.7182
    - offset: -0.006521835
    - vertices: p812(v102) p18(v97) p415(v80)
    - neighboring facets: f452 f472 f475
- f477
    - flags: top simplicial
    - normal:   -0.6785 -0.03098   -0.734
    - offset: 0.01624093
    - vertices: p150(v103) p383(v95) p785(v23)
    - neighboring facets: f474 f478 f481
- f478
    - flags: bottom simplicial
    - normal:    -0.178  -0.2181  -0.9596
    - offset: 0.05959021
    - vertices: p150(v103) p554(v44) p785(v23)
    - neighboring facets: f237 f477 f502
- f481
    - flags: top simplicial
    - normal:   -0.6858   0.0306  -0.7271
    - offset: 0.01684296
    - vertices: p150(v103) p274(v96) p383(v95)
    - neighboring facets: f483 f477 f500
- f482
    - flags: top simplicial
    - normal:   -0.9594   0.1121  -0.2587
    - offset: -0.06108639
    - vertices: p742(v104) p274(v96) p364(v52)
    - neighboring facets: f446 f484 f483
- f483
    - flags: bottom simplicial
    - normal:    -0.859   0.0374  -0.5106
    - offset: -0.02068791
    - vertices: p742(v104) p274(v96) p383(v95)
    - neighboring facets: f481 f485 f482
- f484
    - flags: bottom simplicial
    - normal:   -0.9742  0.02633  -0.2243
    - offset: -0.06443334
    - vertices: p742(v104) p989(v59) p364(v52)
    - neighboring facets: f256 f482 f485
- f485
    - flags: bottom simplicial
    - normal:   -0.9664 -0.02854  -0.2554
    - offset: -0.05879656
    - vertices: p742(v104) p383(v95) p989(v59)
    - neighboring facets: f473 f484 f483
- f486
    - flags: top simplicial
    - normal:   -0.3023   0.2904  -0.9079
    - offset:  0.0435263
    - vertices: p653(v105) p932(v85) p585(v67)
    - neighboring facets: f396 f487 f488
- f487
    - flags: bottom simplicial
    - normal:   -0.4426   0.2776  -0.8527
    - offset: 0.03117518
    - vertices: p653(v105) p274(v96) p585(v67)
    - neighboring facets: f446 f486 f488
- f488
    - flags: top simplicial
    - normal:   -0.6093  0.07184  -0.7896
    - offset: 0.02655633
    - vertices: p653(v105) p274(v96) p932(v85)
    - neighboring facets: f499 f486 f487
- f489
    - flags: top simplicial
    - normal:    0.9447  -0.1018  -0.3117
    - offset: -0.04983028
    - vertices: p871(v106) p806(v84) p314(v66)
    - neighboring facets: f387 f490 f493
- f490
    - flags: bottom simplicial
    - normal:    0.9517 -0.09043  -0.2934
    - offset: -0.05264988
    - vertices: p871(v106) p496(v98) p314(v66)
    - neighboring facets: f455 f489 f491
- f491
    - flags: top simplicial
    - normal:    0.9669  0.02529   -0.254
    - offset: -0.05560333
    - vertices: p871(v106) p496(v98) p215(v42)
    - neighboring facets: f457 f492 f490
- f492
    - flags: bottom simplicial
    - normal:    0.9543  0.04476  -0.2954
    - offset: -0.04798787
    - vertices: p871(v106) p973(v64) p215(v42)
    - neighboring facets: f282 f491 f493
- f493
    - flags: bottom simplicial
    - normal:     0.953  0.04416  -0.2996
    - offset: -0.04730191
    - vertices: p871(v106) p806(v84) p973(v64)
    - neighboring facets: f391 f492 f489
- f494
    - flags: bottom simplicial
    - normal:   -0.5902  -0.7995   0.1118
    - offset: -0.2423778
    - vertices: p823(v107) p204(v93) p666(v76)
    - neighboring facets: f465 f495 f496
- f495
    - flags: top simplicial
    - normal:   -0.6081  -0.7817   0.1382
    - offset: -0.2545414
    - vertices: p823(v107) p869(v101) p666(v76)
    - neighboring facets: f470 f494 f498
- f496
    - flags: top simplicial
    - normal:   -0.9777  -0.1197   0.1724
    - offset: -0.2375789
    - vertices: p823(v107) p204(v93) p380(v1)
    - neighboring facets: f433 f497 f494
- f497
    - flags: bottom simplicial
    - normal:   -0.9699  -0.0941   0.2246
    - offset:  -0.256409
    - vertices: p823(v107) p571(v10) p380(v1)
    - neighboring facets: f64 f496 f498
- f498
    - flags: bottom simplicial
    - normal:   -0.9532  -0.1779   0.2443
    - offset: -0.2737755
    - vertices: p823(v107) p869(v101) p571(v10)
    - neighboring facets: f470 f497 f495
- f499
    - flags: bottom simplicial
    - normal:   -0.6164   0.0632  -0.7849
    - offset: 0.02613043
    - vertices: p592(v108) p274(v96) p932(v85)
    - neighboring facets: f488 f501 f500
- f500
    - flags: bottom simplicial
    - normal:   -0.6451  0.04827  -0.7626
    - offset: 0.02257504
    - vertices: p592(v108) p150(v103) p274(v96)
    - neighboring facets: f481 f499 f502
- f501
    - flags: bottom simplicial
    - normal:   -0.2115 -0.02113  -0.9772
    - offset: 0.06387751
    - vertices: p592(v108) p932(v85) p554(v44)
    - neighboring facets: f394 f502 f499
- f502
    - flags: top simplicial
    - normal:   -0.2135 -0.03079  -0.9765
    - offset:  0.0636083
    - vertices: p592(v108) p150(v103) p554(v44)
    - neighboring facets: f478 f501 f500
