3
1000 228 342
0.0621995 -0.0288741 -0.290874 
0.0254511 -0.0354419 -0.265316 
0.0617572 -0.0190269 -0.282257 
0.00658957 0.00033019 0.0378971 
-0.0390195 -0.0508949 -0.0255198 
0.0230697 0.047435 -0.202116 
0.0289221 -0.05586 -0.341 
-0.0105438 -0.06001 -0.0319023 
-0.00386984 -0.06086 -0.135324 
0.0510705 -0.0506688 -0.361379 
-0.026422 -0.00652065 -0.0290674 
-0.0279335 -0.05601 0.0337618 
0.032627 0.04914 -0.209284 
0.0226411 0.0335117 0.0312806 
0.008091370000000001 0.009009329999999999 0.00218928 
-0.0276765 -0.013817 -0.0297747 
-0.0189727 0.05414 -0.161384 
0.00489651 0.051017 -0.190825 
0.00452719 -0.0120002 -0.0403145 
0.0319933 -0.04816 -0.176893 
-0.0138253 0.06064 -0.024615 
0.0178385 -0.00451622 -0.0361181 
0.0617223 -0.0504994 -0.271041 
0.0173592 -0.0132663 -0.000552271 
0.0227534 -0.05078 -0.255013 
0.0142235 0.0557367 -0.168595 
-0.0238821 0.0559236 -0.0802364 
0.0141238 0.04914 -0.194574 
-0.0248886 -0.043153 -0.00204904 
0.0504781 0.0532487 -0.263927 
0.04714 0.03194 -0.235071 
0.0350854 0.05064 -0.232314 
0.0551669 0.03544 -0.18679 
0.0640584 0.036361 -0.215523 
0.0619109 -0.0558653 -0.183549 
0.0287637 -0.0547131 -0.222429 
-0.0174999 -0.0515997 -0.0031003 
0.0168847 -0.0367604 -0.247094 
0.06392539999999999 0.0342231 -0.275871 
-0.040832 -0.00649876 0.00658216 
0.06626 0.0216919 -0.249487 
-0.0140754 -0.0070125 0.0348385 
0.0157099 -0.00589227 0.00753569 
0.00637158 -0.0012779 0.0227906 
0.00282353 -0.0145133 0.0220635 
0.0151877 0.05064 -0.307258 
0.0343583 0.03394 -0.178617 
-0.00374286 -0.01796 0.0260807 
0.0265295 -0.0288584 0.0048399 
0.0310614 -0.0533336 -0.390206 
0.00569217 -0.0531887 -0.0682687 
0.0253231 0.04914 -0.290952 
-0.0166009 0.0316875 -0.0152512 
0.0340749 -0.05586 -0.227988 
0.0197029 0.04024 -0.208002 
0.031227 -0.0070125 0.0100674 
-0.0223422 -0.04516 -0.008272689999999999 
0.0249596 -0.0256078 -0.009933050000000001 
0.0632293 -0.0260698 -0.09014419999999999 
0.053001 0.028319 -0.351982 
-0.0133252 0.05064 -0.129823 
-0.00137609 0.0506953 -0.06441910000000001 
-0.0139489 0.0349149 0.0310602 
0.06594079999999999 -0.0430617 -0.17624 
0.00177035 0.0522844 -0.195227 
-0.0379234 0.0348609 0.024616 
-0.00222342 0.00545816 -0.0315627 
0.0445483 -0.054155 -0.221252 
0.0395163 -0.06136 -0.008496220000000001 
-0.0161835 -0.01796 -0.0236541 
0.032103 -0.06001 -0.00100408 
-0.0382897 -0.06136 -0.0216809 
0.0234222 0.04414 -0.246792 
-0.0187871 0.0385375 0.0139634 
0.0293543 0.0305661 -0.189327 
-0.015898 -0.05651 -0.0165381 
0.0634724 0.041648 -0.0889489 
0.0256751 -0.0104923 -0.0016477 
-0.0180033 0.0389002 0.0347351 
0.0277621 -0.0482376 0.00307226 
0.0151803 0.0535799 -0.152988 
0.0551667 -0.0495886 -0.0232921 
0.00525394 -0.0540025 -0.0165107 
-0.0386113 -0.06635539999999999 -0.036466 
0.0151062 0.0435176 -0.285671 
0.00237696 -0.0185603 -0.0199418 
0.013212 0.04914 -0.179326 
0.0312553 -0.04816 -0.176467 
0.0583076 0.00476323 -0.319539 
0.00850685 -0.0413432 -0.27317 
0.0220763 -0.0421066 -0.244939 
-0.0367649 -0.05601 -0.00230342 
0.06392 0.0198416 -0.259948 
-0.00146491 -0.0624025 0.00714799 
0.00337117 -0.0508867 -0.0313075 
0.0205184 0.03194 -0.175922 
-0.00942695 -0.05081 -0.0359654 
0.0433319 -0.0348075 -0.251513 
-0.00634171 -0.0110125 -0.012381 
0.0288591 -0.0151282 -0.0292748 
-0.00643361 0.009326060000000001 0.000653342 
-0.0281674 -0.06786 0.00566874 
0.00614961 -0.05736 -0.326162 
0.0166865 0.0294485 -0.194522 
0.00444172 0.0527715 -0.0634026 
0.019472 -0.0329009 -0.0131552 
-0.0139668 0.0230872 0.0203991 
0.031581 0.0357492 0.0198412 
0.0124587 0.0383625 -0.0332676 
0.0185696 -0.05586 -0.411962 
0.013053 0.03774 -0.215512 
0.0654745 -0.046427 -0.109166 
0.0232782 0.0302559 -0.229247 
-0.0274858 0.00359609 -0.0139707 
0.0285489 -0.04491 -0.0322945 
-0.0148338 -0.0457025 0.0174346 
0.0524051 -0.0339512 -0.35518 
-0.0168358 0.05964 -0.0396179 
0.0115871 -0.0383774 -0.268611 
0.0156313 0.0242048 -0.191945 
0.040673 -0.048367 -0.26916 
-0.00273967 -0.0310114 -0.0305614 
0.0638958 0.009292760000000001 -0.0971504 
-0.0160028 0.04914 -0.396232 
0.0129824 0.0039964 -0.0112185 
0.000811846 -0.06086 -0.393218 
-0.00555626 0.0240475 0.0245038 
-0.0418746 -0.05201 -0.0194864 
0.0289588 0.0123639 -0.0149539 
0.0203091 -0.0366554 -0.037709 
-0.0315177 -0.0206123 -0.0271552 
-0.0412921 -0.0612823 -0.0372667 
0.0152959 0.00312902 0.00605939 
0.0649169 -0.0322399 -0.109941 
0.0161027 -0.054155 -0.203153 
0.0401047 -0.05901 -0.000794139 
0.06701989999999999 0.00383773 -0.20376 
0.0310691 -0.05736 -0.118811 
-0.024626 -0.00729732 0.0347109 
0.0217439 -0.06303830000000001 -0.08035630000000001 
-0.0245921 -0.05586 -0.317704 
0.0305263 0.05554 -0.0121911 
0.0388009 -0.01321 0.00203712 
0.00559293 0.0490366 -0.24583 
0.0275887 0.04914 -0.234188 
-0.0185296 0.04914 -0.123561 
0.055153 0.0358727 -0.317578 
-0.0234738 0.052847 -0.29555 
-0.0209546 -0.0070125 -0.0108628 
-0.00308802 -0.0264524 0.0457307 
0.0282946 -0.00504491 -0.0292136 
0.0121344 -0.0110125 0.0198565 
-0.0231179 0.0256689 -0.0145954 
0.0133123 0.05064 -0.20561 
0.0671997 -0.0307034 -0.12355 
0.0123482 0.045051 -0.189878 
0.0117045 -0.00298716 -0.012463 
0.00379826 0.0306875 0.00567102 
0.0192248 0.04914 -0.173702 
0.0204342 -0.05174 -0.03298 
-0.0163766 0.040396 -0.00130728 
0.0394699 0.0528188 -0.130513 
0.0191401 0.04914 -0.216917 
0.016482 0.0019875 -0.00679553 
0.008428160000000001 -0.06469080000000001 -0.151145 
0.0527126 -0.04616 -0.22788 
0.0231998 -0.042081 -0.251108 
0.018208 -0.054155 -0.211091 
0.0284839 -0.057078 -0.0965381 
0.0574058 0.0486468 -0.252338 
0.0220371 0.0120201 -0.0282498 
-0.0016239 0.0248337 0.0201797 
0.0174325 -0.06001 0.0240229 
-0.0189702 -0.05201 -0.0431993 
0.041634 -0.0363142 -0.262643 
0.0138703 0.0315204 0.0324148 
-0.0269277 0.0152714 -0.00900918 
0.00359405 -0.06136 -0.0523253 
0.0643252 0.0333883 -0.214246 
0.053459 0.0327343 -0.208201 
0.0470958 -0.05586 -0.215904 
-0.020235 0.028657 -0.0244233 
0.0119965 -0.0458269 0.0254143 
0.0406869 -0.06636 0.0131435 
-0.0141156 -0.0358627 -0.0211233 
0.0137465 -0.0398824 -0.256687 
0.0131111 -0.05586 -0.198587 
-0.0339231 0.0383625 0.00559694 
0.0107464 -0.05078 -0.269123 
0.00464317 -0.0127441 -0.0300387 
0.0164002 0.0251786 -0.0136622 
0.0272116 -0.011013 -0.0232575 
-0.0208698 -0.06086 -0.172622 
-0.0144324 -0.060201 -0.0690017 
-0.00452999 -0.0545025 0.00772331 
-8.04495e-07 -0.008898090000000001 -0.0343152 
-0.0168247 -0.06086 -0.219327 
0.0384233 0.04754 -0.227427 
0.00153042 -0.0669525 0.009244520000000001 
0.0637905 -0.00940908 -0.261576 
-0.0159437 -0.0105028 -0.0038455 
-0.0325845 0.0333625 -0.00990418 
-0.00149833 -0.0574936 -0.119393 
0.0499114 -0.03866 -0.192166 
-0.00235117 0.05064 -0.257493 
-0.0105401 -0.0577259 -0.410531 
-0.0135838 -0.0345972 -0.0397336 
0.037467 0.0541203 -0.352941 
0.0432931 0.04914 -0.205962 
0.0339349 -0.05736 -0.353683 
-0.00559844 0.05464 -0.167848 
0.0300283 0.047435 -0.218881 
-0.00396165 -0.06136 -0.0443214 
-0.0412543 -0.038249 1.2658e-05 
-0.0112139 0.00571682 -0.0240915 
-0.00560521 -0.0576816 -0.29783 
-0.0184679 0.0617621 -0.0291144 
0.009610280000000001 -0.06086 -0.356249 
-0.00612894 -0.05586 -0.290304 
0.0221775 0.0296956 -0.22773 
-0.0155642 -0.0487156 -0.00456866 
-0.00786334 -0.0603094 -0.0345004 
0.0678192 0.00158936 -0.222318 
0.0189173 0.0544844 -0.0545239 
-0.0042843 0.0093375 0.0250657 
0.0656601 0.0330466 -0.256599 
-0.0101336 -0.0629781 -0.0296648 
0.0432621 -0.0365905 -0.000299634 
0.0575703 0.0482923 -0.161037 
0.00167822 -0.0652094 -0.138156 
-0.0248749 -0.0233197 0.0014363 
0.0168595 -0.0478177 -0.0408794 
0.0242563 -0.0474128 -0.246377 
-0.0296959 0.0223355 -0.0231876 
0.000756264 0.0575467 -0.0393753 
-0.0114361 0.0131015 0.0220624 
0.0282663 0.04914 -0.339077 
0.0391439 -0.054121 -0.249373 
0.00102022 -0.000235507 -0.0367241 
0.0147969 -0.0221702 -0.0399643 
-0.0240957 -0.06036 0.0295795 
-0.0250055 -0.0592938 -0.07478 
0.0421401 -0.0494643 0.0237416 
0.0555297 0.0440621 -0.0413214 
0.0198321 -0.0483704 0.0434295 
0.03392 -0.0070125 0.0182804 
-0.0172536 0.0114637 -0.0259213 
0.0194287 -0.05586 -0.139147 
0.06735480000000001 0.0194867 -0.168145 
0.0352348 0.0372962 -0.020407 
0.0417834 -0.03866 -0.217549 
0.0623611 0.0315984 -0.276415 
0.0340762 0.04914 -0.255909 
0.035388 0.04914 -0.3493 
0.00456301 0.030557 -0.0325411 
0.0167838 -0.05901 -0.03007 
0.0059076 0.0019875 -0.0128811 
0.00905801 -0.05586 -0.127545 
0.000690155 0.000324882 0.0223651 
0.0537568 0.0533687 -0.197647 
0.02245 0.0305086 -0.200992 
0.068135 -0.0454686 -0.188561 
0.00269903 -0.0671817 -0.0486723 
0.038323 -0.0574002 -0.124984 
-0.0158923 -0.0160448 0.0208171 
0.00434415 0.04914 -0.244545 
0.0449191 -0.05201 -0.0149712 
0.0623493 0.0446038 -0.236062 
0.0670195 -0.0313366 -0.237932 
0.009891779999999999 0.04914 -0.198107 
0.0685984 0.00756011 -0.157938 
0.00941029 -0.04516 -0.229127 
0.00989335 0.0508511 -0.344513 
0.0320077 0.00507029 -0.0065757 
-0.0472389 -0.0488404 -0.00463482 
-0.00719335 0.0267121 -0.00367429 
-0.0394909 -0.0532539 0.0161218 
0.0396355 -0.0327062 -0.216797 
0.00318241 -0.0409027 -0.245084 
0.0657015 -0.0484964 -0.175329 
0.00424116 -0.0595531 -0.157356 
0.0155156 -0.05736 -0.3341 
0.06491139999999999 -0.008930459999999999 -0.247483 
0.0404576 0.04914 -0.214839 
0.00370302 -0.05088 0.0321529 
0.00281044 0.0328579 -0.0335403 
0.0190389 -0.038299 -0.199952 
0.0304778 -0.0392194 -0.257044 
0.0195301 -0.0123069 0.0419138 
0.0427259 -0.06086 -0.387556 
-0.00100736 0.0209809 -0.0383971 
0.0161551 0.0546155 -0.0539284 
0.0574272 0.016666 -0.325463 
-0.020765 -0.0583151 -0.0390909 
-0.0168417 0.0103375 -0.0243123 
-0.0317131 0.0495235 -0.36722 
0.0510169 0.03394 -0.176363 
-0.0337747 -0.032408 -0.0240891 
-0.000448569 -0.0590474 -0.0966075 
-0.0113516 -0.009536609999999999 0.0148847 
0.009187249999999999 -0.06636 -0.0392163 
0.0334753 -0.0439005 0.0344443 
0.0521105 0.0403371 -0.187482 
0.0672614 -0.0283776 -0.195339 
-0.0359344 0.0586107 -0.0591177 
-0.0316731 0.0368627 0.0112241 
0.0583949 0.0479393 -0.245913 
0.0261074 -0.04066 -0.235013 
0.0520214 -0.00466968 -0.348761 
-0.0353528 0.04864 -0.0300807 
-0.0333959 -0.0669058 -0.0300232 
0.0304634 -0.05586 -0.158485 
-0.0153067 -0.05586 -0.161234 
-0.00265447 -0.00426177 -0.00710007 
-0.0257011 -0.0608264 -0.0758766 
-0.0198494 -0.06051 -0.0281253 
0.0436735 0.0435163 -0.255705 
0.0220311 -0.06836 0.0379745 
-0.00461341 -0.0160604 0.021468 
0.0397047 -0.06136 -0.0146852 
-0.0166195 -0.0045037 -0.0115779 
0.0400479 -0.05601 0.00226949 
-0.0152948 -0.0508011 -0.0287862 
0.00229118 0.00620695 0.0295614 
-0.0261871 -0.06001 -0.0183771 
-0.0180379 0.04914 -0.286367 
0.0607395 -0.0363308 -0.0873502 
0.06492729999999999 -0.0397989 -0.175437 
0.0150584 -0.05586 -0.231946 
-0.0323135 -0.05081 0.00106062 
-0.0273976 0.0105941 0.0208222 
0.0170511 0.0297098 0.00238967 
0.0483596 -0.0637194 -0.0567662 
-0.0457435 -0.0615898 0.0171618 
-0.0278325 -0.059507 -0.138658 
0.0671524 -0.0218944 -0.157704 
0.012007 -0.00304105 -0.0232732 
0.00327973 -0.05586 -0.280834 
-0.0109826 -0.0142326 -0.0396734 
0.044178 -0.0572052 -0.08937150000000001 
-0.0196967 -0.0451391 0.0360056 
-0.00202017 -0.0633857 -0.150095 
0.000938023 -0.0345834 0.0422523 
-0.0189874 0.0306875 -0.0196795 
0.0209562 0.0308711 -0.173626 
-0.01137 0.04914 -0.139993 
-0.009357819999999999 0.0019875 0.0290431 
-0.0264814 -0.0654701 -0.0263466 
-0.010594 0.0256897 0.0366268 
0.0150064 0.0122507 -0.0181221 
0.0300933 0.0245468 0.0251355 
-0.0246544 0.0316875 -0.010451 
0.0328594 -0.046821 -0.269376 
0.0504006 0.03944 -0.185246 
-0.0146138 -0.05586 -0.177761 
0.0107524 0.0371443 -0.183329 
0.030238 -0.05586 -0.285944 
0.0688884 -0.0325765 -0.169756 
0.0183628 0.0378374 -0.0265793 
-0.0156115 0.0103375 -0.0210978 
-0.0234861 -0.0290781 0.0346128 
0.0399258 0.0456273 -0.222752 
0.032643 0.028843 -0.00440823 
0.0433901 0.0391949 -0.226432 
0.0324524 0.0355274 -0.011122 
0.0315041 0.0508187 -0.111008 
-0.00258295 -0.0604123 -0.127664 
-0.0256111 -0.06636 0.0245251 
0.058828 -0.0222772 -0.306204 
-0.0117306 0.0203803 -0.0200959 
0.027497 -0.0546502 0.0140874 
0.0346327 -0.0494497 0.0241892 
0.0566738 -0.007919890000000001 -0.320914 
-0.00983815 -0.0589025 0.00327213 
0.0282493 0.0275232 0.0210364 
-0.00187514 -0.0598555 -0.0257472 
0.025273 -0.05174 0.0236789 
0.0262524 -0.0642929 -0.0191478 
0.0677352 0.02274 -0.222855 
-0.00794244 0.0206875 -3.32825e-05 
0.0688405 -0.00443866 -0.18118 
0.0154359 0.0510001 -0.413822 
0.06359869999999999 0.00603535 -0.231444 
-0.0394115 -0.049136 0.0171001 
-0.0248153 -0.0580314 -0.377804 
-0.0130193 0.00439219 -0.0263805 
0.060977 -0.0037074 -0.0718883 
0.0366885 -0.0622587 -0.0129508 
0.0415867 0.04024 -0.190753 
0.0295447 -0.0431501 -0.0112218 
0.0373259 0.04914 -0.323279 
-0.0296361 -0.06136 0.0296338 
0.0424864 -0.04066 -0.235168 
-0.008382550000000001 -0.0633654 -0.153615 
0.0110387 0.0385647 0.0386462 
0.0578939 0.0483693 -0.275874 
-0.0244213 -0.0309202 -0.00510706 
0.0133095 -0.0540025 0.00311233 
0.0034261 0.04914 -0.280715 
0.0233971 -0.05586 -0.349861 
0.0121256 0.0403373 -0.188839 
0.0204581 0.05064 -0.13044 
0.0116099 0.000235365 -0.0110964 
0.027427 -0.0400589 0.0157323 
0.0122144 -0.05201 -0.0456545 
-0.0200354 0.008337499999999999 -0.0158181 
-0.00517108 -0.0452052 0.0160752 
-0.0122945 -0.0564388 -0.106734 
0.0224404 0.0388422 -0.0309164 
0.062926 -0.0498573 -0.261364 
0.0173092 -0.0401851 -0.014265 
-0.0395737 0.0596302 -0.0363678 
-0.0364219 -0.05501 -0.0469478 
-0.0225248 0.00474782 0.0260905 
-0.027111 -0.0455063 -0.0128283 
0.0468836 -0.0478231 0.0115877 
-0.00713575 -0.0360375 -0.0246284 
0.0155766 0.0318392 -0.18559 
0.0473758 -0.04066 -0.186199 
-0.0286055 -0.00289301 -0.0174099 
-0.0339034 -0.06482309999999999 -0.06565410000000001 
0.0103803 0.0556478 -0.129645 
0.0514455 -0.0561228 -0.102135 
0.00490482 -0.06636 -0.0377434 
0.00342361 0.00854718 -0.0316178 
0.0327429 -0.0378347 -0.217447 
-0.00468117 -0.0194714 0.045511 
0.0625014 -0.0553471 -0.169697 
0.0503778 0.02973 -0.177926 
0.0128849 0.04024 -0.216995 
0.00366179 -0.05601 -0.0352101 
0.0397884 0.05464 0.0122735 
-0.0228666 -0.0597342 -0.0710553 
0.0135957 0.04414 -0.262619 
-0.0104599 -0.0588328 0.0186457 
0.0630767 0.0429131 -0.0897905 
-0.0316991 0.0540252 -0.371305 
-0.0288306 0.007945000000000001 0.0100625 
0.0259468 -0.00547618 -0.0170012 
0.0110091 -0.0472633 -0.193502 
-0.0027183 0.0206875 -0.0167142 
0.00248167 -0.06136 0.0446741 
-0.0170577 0.0558629 -0.0190851 
0.0260918 0.0419163 -0.253161 
0.0296244 -0.01321 0.0203625 
0.0423953 -0.03866 -0.20115 
0.008893989999999999 0.04864 -0.162918 
-0.0188234 -1.58064e-05 -0.0230531 
-0.0180243 -0.0467447 -0.0145916 
0.0289397 -0.0364373 -0.178613 
0.0223903 -0.06479509999999999 0.0401112 
-0.000783548 0.05464 -0.0438785 
-0.0166059 0.0221527 0.0341087 
0.0172136 0.05064 -0.405226 
-0.0103943 0.031057 -0.0172327 
-0.00174892 -0.04951 0.0457192 
0.0415853 0.04754 -0.202694 
0.0616289 -0.0391455 -0.272194 
-0.0412112 -0.0346027 -0.00158877 
-0.0044472 0.0355475 0.021725 
0.0205613 -0.0371136 -0.271223 
-0.0145819 0.04914 -0.250726 
-0.0360245 0.0150958 0.0101537 
-0.00229592 -0.0285384 0.045818 
0.0185767 -0.05736 -0.314661 
-0.00316979 0.0521868 -0.171312 
-0.0277793 0.0327972 -0.0240769 
0.0512679 -0.00364827 -0.35297 
0.024932 -0.03866 -0.184357 
0.0614338 -0.0559178 -0.20827 
-0.0122383 0.0385375 0.0160576 
-0.00729869 -0.06406000000000001 -0.150439 
-0.00674654 -0.05736 -0.344945 
0.0223747 -0.0346324 -0.181882 
0.0136927 0.008391940000000001 -0.0255889 
0.0167228 -0.0353104 -0.256845 
0.0272225 -0.06001 0.0185735 
0.0674894 0.037347 -0.222418 
-0.00631568 0.025852 -0.0160907 
-0.0306231 -0.05088 0.00267535 
0.0629792 -0.0179482 -0.0725609 
-0.0409956 -0.0395119 0.00475771 
-0.0328785 0.0360375 -0.0220758 
-0.00723942 -0.05586 -0.405138 
0.0519919 -0.06365709999999999 -0.00143507 
0.0132406 0.0464348 -0.232569 
-0.0334049 0.0383881 -0.0163423 
0.0331055 -0.0381144 -0.0274915 
0.036444 0.0326875 -0.00991364 
-0.0304376 -0.00543378 -0.00320615 
-0.0007660190000000001 -0.06626559999999999 0.0319843 
0.0465863 0.0535574 -0.226018 
0.0246598 -0.048021 -0.263713 
0.0282245 0.0509538 -0.109191 
0.0678107 -0.000797605 -0.134088 
0.0192076 -0.0360448 -0.0382229 
0.0255491 -0.0576896 -0.143946 
-0.00389941 -0.0662373 -0.0375006 
0.022866 -0.0514575 0.0130506 
0.0569025 -0.0473784 -0.310429 
-0.00506067 0.02434 -0.0186162 
0.0636639 -0.0432328 -0.246301 
-0.0179528 0.0532988 -0.405713 
0.00974012 -0.0265598 -0.0413255 
0.00824219 0.00715698 -0.021816 
0.0178309 0.0180752 0.0306165 
0.0193192 -0.0140439 0.0166477 
0.0664124 0.00215913 -0.109971 
0.0295322 0.0122232 -0.0206181 
0.0100141 -0.0414824 -0.244214 
0.0393954 -0.05586 -0.206724 
-0.0282898 -0.0309817 -0.00740031 
0.0318483 0.031406 0.0161982 
0.0587839 0.0460205 -0.285635 
0.0376516 -0.0620839 -0.056322 
0.0284601 0.04914 -0.278122 
-0.0194258 -0.0210102 -0.01593 
0.00111344 -0.0138914 0.0059619 
-0.00615126 -0.0070125 -0.0307126 
-0.0215524 0.0316875 0.0153914 
0.008652200000000001 -0.0545306 -0.254954 
0.049148 -0.0605255 0.00116545 
-0.024999 0.0561284 -0.0471863 
0.0459175 -0.0560793 -0.267847 
7.121040000000001e-05 0.0574133 -0.162053 
-0.0236488 -0.0596885 -0.00393496 
0.0627167 -0.0130275 -0.27278 
0.046859 -0.0402857 0.0047635 
0.00694949 -0.0671384 -0.0324337 
0.0302841 0.00212439 0.000221492 
0.0639634 -0.000355237 -0.275719 
0.0146957 0.03944 -0.179585 
0.0280788 0.03194 -0.225731 
0.0675272 -0.026102 -0.129198 
0.0376692 0.015711 -0.0117274 
0.016858 -0.05426 -0.220324 
0.00875311 -0.0345438 0.0415502 
0.0680084 -0.0331167 -0.220392 
-0.00358445 0.0219315 0.0340665 
-0.0175536 -0.0200978 0.0238425 
0.06876699999999999 -0.0341359 -0.16186 
0.0119504 -0.048813 -0.178697 
-0.0358685 0.0330106 0.00770859 
0.0207652 0.0067462 0.0158881 
-0.022622 0.04914 -0.155261 
0.017007 0.04914 -0.338584 
0.032976 0.0178002 -0.0138728 
-0.0160133 -0.0502025 0.00335701 
0.0064244 0.0594742 -0.0391653 
0.0191961 0.0316875 0.00459691 
-0.0425043 -0.0270249 0.0147656 
0.0330309 -0.063237 -0.08011699999999999 
0.00209689 0.04914 -0.334517 
0.06425119999999999 -0.0421844 -0.271329 
-0.0305676 -0.0070125 0.0206198 
0.0373197 0.04914 -0.205937 
-0.0407614 -0.0346069 0.00786181 
0.0330717 -0.05586 -0.251507 
-0.0138056 -0.046757 0.025498 
0.0650666 0.00107221 -0.225514 
-0.0337268 -0.0378019 0.0301138 
0.0658111 -0.0343521 -0.124583 
0.0420546 -0.04066 -0.23326 
0.0304783 -0.0528347 -0.000273042 
-0.0232345 0.008337499999999999 0.0109763 
0.0173775 -0.040566 -0.236373 
0.0618318 0.0423565 -0.072573 
-0.0448316 -0.0127269 0.00256956 
0.0400809 -0.05586 -0.394808 
0.0660593 -0.0279438 -0.105157 
-0.0358977 0.0367505 0.00885325 
0.0107471 -0.038245 -0.220483 
0.0198597 -0.0577514 -0.330356 
-0.0429124 -0.0478812 -0.00083228 
0.0244214 -0.04446 -0.190159 
-0.00623575 -0.0211952 0.0416328 
0.0529556 0.0116662 -0.352124 
0.0169625 -0.0523995 -0.0227418 
0.0241711 -0.03645 -0.228833 
-0.010974 0.00406912 0.0257992 
-0.0167948 -0.023893 -0.0189355 
-0.00953853 -0.05081 0.0362509 
0.0379036 -0.0533202 -0.258396 
0.00989289 -0.0601377 -0.0731039 
-0.0166789 -0.05146 -0.00804207 
0.0195654 -0.008563339999999999 0.023271 
-0.00219588 -0.021485 -0.0423187 
-0.0004978819999999999 0.0165871 0.0258864 
0.0100279 0.0520213 -0.405457 
0.0660757 0.0156158 -0.251691 
0.0591576 -0.00649073 -0.313814 
0.0649812 0.0224485 -0.264694 
-0.0294196 -0.0070125 -0.0235023 
0.0238683 -0.0392824 -0.269438 
0.0598023 -0.0398609 -0.283427 
0.0231053 0.00368121 0.0227374 
-0.0171864 -0.0277493 -0.0241602 
0.0685248 -0.0247544 -0.152849 
0.0448743 -0.0569584 -0.0125054 
0.0566478 0.0500939 -0.266026 
-0.023575 -0.063558 0.043222 
0.06655469999999999 0.0261338 -0.138282 
-0.0122637 0.0210079 -0.00382827 
0.05391 0.053389 -0.184235 
0.0305328 -0.0364103 0.00845604 
-0.0138982 -0.05586 -0.404956 
0.038936 -0.0655723 -0.000411145 
-0.0348074 0.0136875 -0.00547142 
0.0561729 -0.0562618 -0.09491330000000001 
0.00156249 0.00945987 0.0317207 
0.0664328 0.0145831 -0.135867 
0.0371218 -0.0423351 -0.258958 
0.0261269 -0.05601 -0.0283133 
0.0116853 0.034556 -0.202296 
0.0328081 -0.05174 -0.008820669999999999 
0.0267847 0.0132939 0.00771287 
0.0139751 0.0100807 0.000341884 
-0.027415 -0.00587125 -0.0125123 
0.00501398 -0.05586 -0.26127 
0.00304746 -0.0634425 -0.0393353 
0.0108276 0.02734 -0.0261969 
0.068541 0.0233578 -0.206113 
0.0552645 -0.0204057 -0.339369 
-0.00474102 -0.0583373 0.0167366 
-0.0202711 -0.01276 -0.00115769 
0.0389039 -0.03516 -0.217241 
0.0118428 -0.05736 -0.210866 
-0.0169859 -0.05401 -0.00239704 
0.0172001 -0.06636 0.0432754 
0.0467333 -0.03033 0.00304817 
0.0396398 -0.043081 -0.248566 
0.0271608 0.0306875 3.38709e-05 
-0.00128458 -0.0579484 -0.0696621 
0.00939186 0.0446683 -0.272659 
0.00307052 -0.0486924 -0.0592924 
0.0116281 0.04754 -0.231192 
0.00319726 -0.0589025 0.0100915 
0.055941 -0.0208288 -0.335339 
0.0375326 -0.0070125 -0.00497744 
0.0283777 0.04414 -0.266675 
0.0241465 -0.05586 -0.304989 
0.0582734 -0.0563747 -0.0803175 
-0.0181914 0.0509485 -0.108573 
0.018931 0.04414 -0.278538 
0.008512820000000001 0.000987499 0.0225317 
0.0189573 -0.0110125 -0.00554558 
0.0343299 -0.06086 -0.383054 
-0.0225268 -0.0563449 -0.199906 
0.0123177 0.04024 -0.186445 
0.013954 0.05064 -0.201346 
0.0544482 0.0150133 -0.344065 
0.0429335 -0.0550486 -0.176107 
0.06533460000000001 0.0422156 -0.122446 
-0.0412258 -0.04481 0.0097748 
0.0189651 -0.0590814 0.0173351 
0.0350713 0.0630098 -0.0262065 
0.0624975 -0.0473218 -0.132766 
0.0500693 0.0560795 -0.058796 
-0.0117371 -0.0669525 -0.00525513 
0.0550225 0.0489638 -0.0226978 
0.0141203 0.0359364 -0.198919 
0.0149364 0.01528 -0.0285021 
-0.0132941 -0.0480624 -0.018714 
-0.0364154 0.05464 -0.0355971 
0.0229248 0.03654 -0.212249 
-0.0267583 0.0316875 -0.0127746 
-0.00603985 0.00298309 0.0349598 
-0.0212233 -0.0418901 -0.0134624 
0.00283748 -0.0577002 -0.245211 
-0.0171336 -0.009157820000000001 -0.0230025 
0.0286992 0.0419163 -0.249838 
0.00711413 0.0363824 0.0117658 
-0.008012729999999999 0.0093375 -0.0241791 
-0.0192635 0.013907 -0.0180064 
0.023585 -0.06636 0.0431252 
0.0621545 -0.0170683 -0.106759 
0.00676605 0.04914 -0.239821 
0.00931161 -0.0584902 -0.160526 
-0.000117148 0.0206875 0.0229326 
0.0218928 -0.04816 -0.191005 
-0.0302885 0.05964 -0.0357197 
-0.0418427 -0.05201 -0.0556237 
0.0314634 0.0532832 -0.0814655 
-0.00727826 0.0385375 -0.0209368 
0.0229835 -0.0657138 -0.0310889 
0.056812 0.0502692 -0.261788 
0.0687987 -0.0113777 -0.184603 
-0.0218346 0.0158395 -0.00202903 
0.06458510000000001 -0.0118076 -0.269393 
0.0492653 0.0480137 -0.355591 
0.00709309 -0.05146 -0.0243379 
0.0364186 -0.05174 -0.00826471 
-0.0131378 0.0138985 0.0180279 
-0.0245642 -0.04516 -0.0111925 
0.00912197 0.0254348 -0.037537 
0.00614631 -0.06036 -0.0382538 
0.0477679 0.04914 -0.237767 
0.0316151 -0.0598639 -0.130377 
-0.0237304 0.0297903 -0.0190688 
0.0497552 -0.0607848 -0.178864 
0.0302533 -0.05901 -0.0323708 
0.00988984 -0.0594803 -0.109824 
0.00354204 -0.064086 -0.153737 
0.0558443 0.0518325 -0.0752346 
0.043758 -0.048573 0.009794809999999999 
-0.00486002 0.0130874 -0.0350963 
-0.00381664 0.0112207 0.0313521 
0.00768353 0.04914 -0.276424 
-0.0178878 -0.04951 0.0487304 
-0.0195446 -0.06086 -0.305522 
0.0232662 0.04914 -0.160723 
0.0363272 0.0277948 0.0152371 
0.0181893 0.04754 -0.208971 
0.000425365 -0.0585243 -0.0570187 
0.042656 -0.0550942 -0.363318 
0.0406775 -0.0434274 -0.254767 
-0.0143236 0.0390375 -0.0349192 
0.0108353 -0.0190125 -0.00261847 
-0.00371929 0.0507381 -0.388655 
0.0222881 -0.05586 -0.130122 
0.06865060000000001 -0.0253025 -0.1986 
0.0157179 0.0196875 -0.00136222 
0.0569466 -0.0567192 -0.230631 
-0.00601089 -0.05586 -0.345333 
0.000320583 -0.0502025 -0.0205386 
-0.0153864 0.0126514 -0.0192931 
0.0541634 0.02734 -0.210482 
-0.0172417 -0.0572539 0.0169166 
-0.00356488 0.016356 0.0224923 
0.008777979999999999 -0.00560836 -0.0392161 
0.00122144 0.04914 -0.356177 
0.0226648 -0.04066 -0.222625 
0.0404011 -0.06836 0.0174389 
0.00567993 -0.05736 -0.209081 
-0.008200239999999999 -0.01796 -0.0232357 
0.0509255 0.0525272 -0.0301074 
-0.00719749 -0.0240178 0.0245913 
0.00180187 0.0328625 0.0343902 
0.0118231 0.047252 -0.231182 
0.0426811 0.0490138 -0.37446 
-0.032991 -0.0405442 0.0316789 
0.00927423 0.05064 -0.289673 
0.0397943 -0.0115007 -0.009149279999999999 
0.00279753 0.030611 -0.0331436 
-0.0149954 0.04914 -0.302589 
0.0485098 -0.0404249 -0.263114 
0.0095347 0.04914 -0.216111 
0.027349 0.04414 -0.256692 
0.0207777 0.04914 -0.266656 
0.0269141 0.0573547 0.000808351 
-0.0187796 0.0559068 -0.0388463 
0.0528811 -0.0306782 -0.216379 
0.0378032 0.05064 -0.26917 
-0.0259478 -0.00462013 0.0165535 
-0.0210781 -0.06636 0.0405347 
0.0236792 -0.0566299 -0.102177 
0.0291842 0.04144 -0.193038 
0.0481439 0.0499244 -0.107134 
-0.0390017 0.0360375 -0.008156129999999999 
0.00655345 -0.06086 -0.356294 
-0.0438212 -0.0627591 -0.0362611 
0.0181307 -0.0623453 -0.00988666 
0.0320495 0.04914 -0.19312 
0.0667726 0.00560742 -0.116185 
-0.0172137 -0.05651 0.0110315 
0.0672111 -0.0303898 -0.199119 
0.06579260000000001 0.0384707 -0.224845 
0.0533815 -0.0518916 -0.317767 
0.022961 0.0106887 0.00661167 
0.0306078 -0.0226957 -0.00620972 
0.0075751 0.0355675 -0.0187798 
-0.00055234 -0.0540025 0.0138516 
-0.0216572 -0.0450204 0.0375727 
-0.0399651 0.0615224 -0.0204839 
0.0130936 -0.03866 -0.187939 
0.0322172 -0.008012500000000001 0.000242799 
-0.0338142 -0.01801 -0.0235961 
0.00424576 -0.00457262 0.0307969 
-0.0256261 0.0505305 -0.15846 
-0.0144597 -0.05088 0.0322725 
0.0236459 -0.05601 -0.0339658 
-0.0123661 -0.05736 -0.271354 
-0.0350482 -0.0639243 0.0120676 
0.0229012 -0.0382573 0.0361734 
-0.0133239 -0.05643 -0.106771 
-0.0339053 -0.04951 0.0379884 
0.0388122 -0.05586 -0.266931 
0.0504131 -0.03866 -0.226944 
0.0580688 -0.0545652 -0.0517313 
-0.0140933 0.0224297 -0.0100627 
-0.0217776 0.0130412 0.00255014 
0.0155104 -0.0309743 -0.039762 
0.0270461 0.0328625 0.0244109 
-0.0158534 -0.0140896 0.0107554 
-0.026964 0.0545977 -0.0181892 
0.0330085 0.04024 -0.215389 
0.000400355 -0.0070125 -0.0396394 
-0.000728843 -0.0070125 -0.0379818 
0.00447893 0.04914 -0.254943 
0.0169777 -0.059183 -0.0931269 
0.0059129 -0.0595025 -0.00980786 
0.00595696 0.04914 -0.276448 
-0.00274574 -0.0630025 -0.0125576 
0.0233716 0.0111036 -0.00509237 
0.0524262 0.0508994 -0.101808 
0.0559376 -0.0238891 -0.325882 
0.0010838 -0.0614247 -0.06838660000000001 
0.0406411 -0.0414824 -0.255305 
-0.0111407 0.0264707 0.0364833 
0.0281415 -0.01321 -0.0257766 
0.00605781 -0.0653234 -0.0169905 
-0.0282705 -0.0154629 -0.00515703 
0.00826291 -0.0040125 -0.0412886 
0.0460348 0.04414 -0.273777 
-0.00564591 0.0205042 0.00337513 
-0.0222554 0.0320375 0.0360813 
0.034828 0.0511368 -0.102974 
0.00062735 -0.05736 -0.202578 
-0.00657169 -0.06786 -0.0311332 
-0.00684507 -0.0542558 -0.009714189999999999 
0.0315012 -0.0613596 -0.0227091 
0.0391261 0.04414 -0.25249 
0.0333443 -0.0119097 0.0324691 
-0.0159314 0.0316875 -0.0118368 
0.06862550000000001 -0.0280777 -0.200888 
0.065427 -0.0466583 -0.248021 
0.0155739 -0.0439527 -0.187707 
0.0248825 -0.0532941 -0.176709 
0.0185797 0.0207323 -0.0190086 
0.0293408 0.0306875 -0.008652150000000001 
-0.0204394 -0.05586 -0.305015 
0.0501498 -0.0475298 -0.224264 
-0.020355 0.0385375 0.0149203 
0.067205 -0.0346866 -0.166516 
0.0426163 0.04914 -0.145988 
-0.0291695 -0.02468 -0.00609337 
0.0436063 -0.0642532 -0.06700399999999999 
-0.00215153 0.0258233 0.0325504 
0.0639431 -0.0485853 -0.257407 
0.0370736 -0.04066 -0.177892 
0.009125070000000001 0.041682 -0.217086 
0.0638224 -0.0333498 -0.261175 
0.0446397 -0.03685 -0.227211 
-0.013503 -0.0327453 0.0215684 
0.0179589 -0.05158 -0.264795 
-0.0248581 0.06064 -0.0206636 
0.0236931 0.00765305 -0.0221926 
-0.00259403 0.05464 0.0472136 
0.0269687 0.04024 -0.21276 
-0.0222482 -0.0613486 -0.048438 
-0.0136673 0.04914 -0.199833 
0.040739 -0.03866 -0.194067 
0.0413093 0.04914 -0.241974 
0.0548906 -0.0577161 -0.227382 
-0.0448791 -0.0204302 0.000854596 
0.0477076 0.0557083 -0.0409957 
0.022461 0.0166875 0.0161366 
0.0121376 0.0352899 -0.217545 
0.0446841 -0.03645 -0.230829 
0.00555849 0.0421781 -0.254221 
0.00487312 -0.0493469 0.0437997 
0.0226245 0.0325955 -0.00603865 
0.010635 0.0489088 -0.264904 
0.00362753 -0.0433147 -0.030678 
-0.0286385 0.05414 -0.389059 
0.0510277 0.0257194 -0.362338 
-0.00677299 -0.06636 -0.0401841 
0.0303364 -0.0656388 0.0262771 
0.0181939 -0.0396368 0.0387247 
0.0171319 0.05064 -0.314118 
-0.0130037 0.0579893 -0.021867 
0.046866 -0.0575429 -0.1835 
-0.0158227 -0.061146 -0.055042 
-0.0163495 0.00981599 -0.0265176 
0.0251952 0.0534998 -0.37797 
0.00748538 0.04914 -0.172201 
-0.0256595 0.0540215 -0.325811 
0.0104647 -0.0200125 -0.0159777 
0.0630105 0.0344133 -0.238388 
0.0519819 -0.0576044 -0.162144 
0.018524 0.04754 -0.21621 
0.0269165 -0.0149439 -0.00217102 
-0.00550901 0.0285367 -0.0197675 
-0.0334707 0.0631766 -0.0133483 
0.0125572 -0.0137062 0.0383285 
0.0325467 0.0019875 -7.543180000000001e-05 
0.0141014 -0.008012500000000001 -0.00481832 
0.0145824 -0.05586 -0.18955 
0.0153123 -0.058161 -0.147339 
0.000121767 0.0557044 -0.171119 
0.0311717 -0.0174858 -0.00614976 
0.0345656 -0.05736 -0.205475 
0.000242691 0.0555583 -0.142823 
-0.0100967 -0.0654038 -0.155524 
0.0290254 -0.0337104 -0.258097 
0.0400429 0.0360375 0.0131714 
0.00751737 0.0277538 0.019363 
0.0211741 0.0188857 0.0327285 
0.000132005 0.0379541 -0.0398673 
0.0349612 -0.0624167 -0.0522031 
-0.0198639 -0.06086 -0.222 
0.0527085 0.0464384 -0.327965 
0.0662846 -0.0268888 -0.132379 
0.06403440000000001 0.0394472 -0.248715 
-0.00588307 -0.0447025 -0.0140488 
-9.23898e-05 0.05614 -0.160328 
0.042304 -0.04951 -0.019502 
0.0465731 0.0560802 -0.0375076 
0.0201493 0.00313781 0.025275 
0.0126391 0.05014 -0.144102 
0.0226645 0.03194 -0.206848 
-0.0171032 -0.0366901 -0.0382318 
0.0395898 -0.06036 0.00262632 
0.00782423 -0.06136 0.0478588 
0.0167228 -0.05586 -0.184513 
0.00732347 -0.0216943 0.0419239 
0.00643644 -0.0414824 -0.272807 
-0.01385 -0.000923777 -0.00036687 
0.0268503 -0.0110936 -0.00287964 
-0.0130783 0.0551101 -0.0680683 
0.00595313 0.052676 -0.0781448 
0.000925548 -0.0394845 -0.0459983 
-0.0353836 -0.0605652 -0.056592 
0.0239687 -0.0409481 0.012155 
0.0133534 -0.06001 0.0295781 
0.0308049 -0.06001 0.00763398 
0.0491276 -0.04066 -0.216785 
-0.0321038 -0.0202509 -0.0265178 
0.06603680000000001 0.0251887 -0.2296 
0.031821 -0.05088 0.0192587 
0.0300796 -0.06786 -0.0141864 
-0.000189105 -0.0170282 -0.0256635 
-0.0293019 -0.0070125 0.011183 
-0.0150798 -0.05201 -0.0434938 
0.0427487 0.0435163 -0.26494 
0.0351577 -0.03236 -0.214919 
-0.00286318 0.0494379 -0.38905 
-0.0355165 -0.0484567 -0.0196658 
-0.0138627 -0.06836 0.0385157 
-0.0356877 -0.05501 -0.0372257 
0.0103514 0.000118735 0.0126122 
0.0307248 -0.0591518 -0.390628 
-0.0104105 0.013289 0.0249443 
0.0402177 0.05964 0.0196228 
-0.022057 -0.06086 -0.171186 
0.0508969 -0.0256875 -0.363024 
-0.0199865 0.00192996 -0.0301765 
0.0541224 -0.0559823 -0.0382008 
0.0224746 0.00538089 -0.0233548 
0.0298528 0.05464 -0.035483 
-0.0184958 0.0207061 -0.00663878 
0.0622245 -0.0554134 -0.198093 
0.0519783 0.0519471 -0.00608505 
-0.018451 0.0209746 0.0132738 
-0.0179941 -0.06201 -0.0071562 
0.0174437 -0.0522025 -0.00114994 
0.06377629999999999 -0.0262624 -0.261754 
-0.0165066 -0.0227918 0.0191382 
0.0609078 0.00338347 -0.289555 
0.0318233 0.0577973 -0.0590794 
0.00505421 -0.03635 -0.0421447 
0.0133354 -0.00259541 0.008676410000000001 
0.0452827 -0.0398824 -0.26265 
0.00422145 0.000987499 0.0295789 
0.00182084 0.0542811 -0.0625923 
-0.0223849 0.0504429 -0.203027 
0.0377321 -0.0524657 -0.26714 
0.0410576 -0.0568621 -0.315043 
-0.0152788 -0.00823462 0.0155106 
-0.00397511 -0.0668489 0.0159893 
0.0175461 -0.0584395 -0.0858888 
-0.0190397 0.05414 -0.206925 
-0.0441688 0.0468999 -0.0188622 
-0.0344414 0.0595934 -0.0371042 
-0.009269929999999999 -0.0392476 -0.0283893 
-0.00544865 -0.06276859999999999 -0.0553417 
0.000948334 0.00383317 -0.00399358 
-0.0249369 -0.0138541 -0.00739637 
-0.0260177 0.052748 -0.0727758 
0.0187092 -0.06001 -0.0316104 
0.00551531 -0.00366879 0.0155716 
0.0592769 -0.0381693 -0.302793 
0.0580937 -0.0540181 -0.0700394 
0.0307874 -0.0143223 -0.0272596 
0.0264003 -0.0143922 0.00205373 
-0.0451569 -0.06636 -0.0133665 
0.0390769 0.0374944 -0.222563 
0.0401923 -0.04696 -0.185832 
0.031829 0.04914 -0.141842 
0.00162684 0.05064 -0.253029 
-0.00705275 -0.06136 -0.0411706 
0.00134309 -0.0565025 0.00953061 
0.00042759 -0.00341157 -0.00688006 
-0.0326144 -0.04221 -0.0258766 
0.064265 0.00346409 -0.101539 
0.00141364 0.00402006 0.0276796 
-0.0186607 0.04914 -0.346971 
0.0134529 0.05064 -0.289853 
0.0126254 -0.04516 -0.228154 
0.0280963 -0.05586 -0.290051 
3 205 109 381 
3 289 109 205 
3 384 295 274 
3 502 205 381 
3 739 207 381 
3 109 568 381 
3 568 109 289 
3 568 739 381 
3 125 289 205 
3 384 125 205 
3 384 436 295 
3 436 773 972 
3 773 436 883 
3 295 436 274 
3 436 972 274 
3 605 384 205 
3 207 874 381 
3 111 261 427 
3 943 952 242 
3 952 415 242 
3 818 732 289 
3 125 818 289 
3 818 125 893 
3 773 65 972 
3 65 567 972 
3 864 436 384 
3 605 864 384 
3 436 864 883 
3 502 864 205 
3 864 605 205 
3 864 874 207 
3 874 864 502 
3 588 502 381 
3 874 588 381 
3 588 874 502 
3 301 943 242 
3 655 943 883 
3 864 655 883 
3 655 864 207 
3 952 484 415 
3 484 732 242 
3 415 484 242 
3 484 480 111 
3 484 111 427 
3 732 484 289 
3 484 469 289 
3 270 380 357 
3 380 270 621 
3 270 652 621 
3 652 703 685 
3 261 951 427 
3 985 384 274 
3 985 125 384 
3 943 847 883 
3 847 773 883 
3 847 65 773 
3 29 655 207 
3 655 29 259 
3 29 685 259 
3 739 689 207 
3 540 270 357 
3 154 540 111 
3 261 540 357 
3 111 540 261 
3 480 566 507 
3 569 154 111 
3 480 569 111 
3 154 569 507 
3 569 480 507 
3 659 484 952 
3 484 659 480 
3 659 566 480 
3 657 655 259 
3 655 657 943 
3 657 952 943 
3 657 703 952 
3 380 686 357 
3 703 435 952 
3 652 435 703 
3 435 659 952 
3 659 435 566 
3 267 652 685 
3 469 22 289 
3 484 34 469 
3 34 951 469 
3 34 484 427 
3 951 34 427 
3 101 818 893 
3 333 985 274 
3 972 333 274 
3 567 333 972 
3 65 333 567 
3 288 847 943 
3 689 599 207 
3 599 29 207 
3 29 599 685 
3 865 689 739 
3 568 865 739 
3 865 568 289 
3 945 865 289 
3 533 154 507 
3 494 533 507 
3 533 540 154 
3 763 494 507 
3 763 652 270 
3 494 763 270 
3 603 657 259 
3 657 603 703 
3 685 603 259 
3 703 603 685 
3 537 825 261 
3 825 537 553 
3 825 951 261 
3 824 261 357 
3 824 537 261 
3 686 824 357 
3 537 824 621 
3 865 59 689 
3 59 38 689 
3 38 59 292 
3 913 708 847 
3 125 310 893 
3 310 101 893 
3 101 310 985 
3 818 938 732 
3 101 938 818 
3 938 101 985 
3 785 333 65 
3 847 785 65 
3 708 785 847 
3 301 822 943 
3 822 288 943 
3 38 513 689 
3 533 597 540 
3 597 533 494 
3 540 597 270 
3 597 494 270 
3 435 76 566 
3 566 76 507 
3 76 763 507 
3 76 435 652 
3 763 76 652 
3 9 945 289 
3 22 9 289 
3 838 825 553 
3 9 838 553 
3 838 9 22 
3 951 838 469 
3 825 838 951 
3 720 686 380 
3 720 824 686 
3 720 380 621 
3 824 720 621 
3 688 530 553 
3 38 688 591 
3 688 38 530 
3 530 0 553 
3 0 9 553 
3 9 0 637 
3 38 0 530 
3 378 537 621 
3 537 268 553 
3 40 268 537 
3 268 688 553 
3 650 637 292 
3 59 650 292 
3 650 622 637 
3 985 83 125 
3 83 310 125 
3 310 83 985 
3 938 317 732 
3 333 754 985 
3 754 938 985 
3 395 599 689 
3 513 395 689 
3 599 395 685 
3 395 267 685 
3 395 513 267 
3 116 9 637 
3 622 116 637 
3 9 116 945 
3 650 116 622 
3 116 650 59 
3 116 865 945 
3 116 59 865 
3 409 22 469 
3 838 409 469 
3 409 838 22 
3 590 38 292 
3 590 0 38 
3 0 590 637 
3 222 40 537 
3 378 222 537 
3 222 378 40 
3 589 268 40 
3 268 589 688 
3 688 589 591 
3 378 225 40 
3 225 38 591 
3 589 225 591 
3 225 589 40 
3 477 513 38 
3 225 477 38 
3 513 477 267 
3 267 477 652 
3 652 477 621 
3 477 378 621 
3 477 225 378 
3 628 317 938 
3 628 754 913 
3 754 628 938 
3 600 785 708 
3 913 600 708 
3 754 600 913 
3 785 600 333 
3 600 754 333 
3 637 88 292 
3 88 590 292 
3 590 88 637 
3 628 674 317 
3 317 674 732 
3 732 674 242 
3 674 628 913 
3 674 301 242 
3 674 913 847 
3 288 674 847 
3 674 822 301 
3 822 674 288 
Vertices and facets:
- p109(v13): 0.019 -0.056 -0.41
- p205(v5): -0.011 -0.058 -0.41
- p381(v3): 0.015 0.051 -0.41
- p289(v8): 0.043 -0.061 -0.39
- p384(v17): -0.025 -0.058 -0.38
- p295(v9): -0.032  0.05 -0.37
- p274(v0): -0.047 -0.049 -0.0046
- p502(v19): -0.018 0.053 -0.41
- p739(v23): 0.043 0.049 -0.37
- p207(v11): 0.037 0.054 -0.35
- p568(v26):  0.04 -0.056 -0.39
- p125(v28): 0.00081 -0.061 -0.39
- p436(v33): -0.032 0.054 -0.37
- p773(v30): -0.04 0.062 -0.02
- p972(v16): -0.044 0.047 -0.019
- p883(v2): -0.033 0.063 -0.013
- p605(v34): -0.014 -0.056  -0.4
- p874(v35): 0.025 0.053 -0.38
- p111(v39): 0.065 -0.046 -0.11
- p261(v27): 0.068 -0.045 -0.19
- p427(v14): 0.063 -0.055 -0.17
- p952(v41): 0.052 0.052 -0.0061
- p943(v22):  0.04  0.06  0.02
- p242(v6): 0.042 -0.049 0.024
- p415(v40): 0.047 -0.048 0.012
- p818(v46): -0.0066 -0.068 -0.031
- p732(v29):  0.04 -0.068 0.017
- p893(v15): -0.01 -0.065 -0.16
- p65(v47): -0.038 0.035 0.025
- p567(v31): -0.045 -0.013 0.0026
- p864(v49): -0.029 0.054 -0.39
- p588(v50):  0.01 0.052 -0.41
- p301(v52): 0.033 -0.044 0.034
- p655(v54): 0.035 0.063 -0.026
- p484(v59): 0.052 -0.064 -0.0014
- p480(v57): 0.063 -0.018 -0.073
- p469(v44): 0.061 -0.056 -0.21
- p380(v61): 0.069 -0.0044 -0.18
- p270(v42): 0.069 0.0076 -0.16
- p357(v1): 0.069 -0.033 -0.17
- p621(v25): 0.069 0.023 -0.21
- p652(v62): 0.065 0.042 -0.12
- p703(v60): 0.056 0.052 -0.075
- p685(v55): 0.057  0.05 -0.26
- p951(v65): 0.062 -0.055  -0.2
- p985(v68): -0.045 -0.066 -0.013
- p847(v69): -0.0026 0.055 0.047
- p29(v71):  0.05 0.053 -0.26
- p259(v37): 0.054 0.053  -0.2
- p689(v72): 0.049 0.048 -0.36
- p540(v73): 0.069 -0.034 -0.16
- p154(v56): 0.067 -0.031 -0.12
- p566(v75): 0.062 0.042 -0.073
- p507(v12): 0.066 0.0022 -0.11
- p569(v76): 0.066 -0.028 -0.11
- p659(v77): 0.055 0.049 -0.023
- p657(v78):  0.05 0.056 -0.059
- p686(v79): 0.069 -0.011 -0.18
- p435(v80): 0.063 0.043 -0.09
- p267(v81): 0.062 0.045 -0.24
- p22(v83): 0.062 -0.05 -0.27
- p34(v86): 0.062 -0.056 -0.18
- p101(v90): -0.028 -0.068 0.0057
- p333(v91): -0.046 -0.062 0.017
- p288(v92):  0.02 -0.012 0.042
- p599(v93): 0.057  0.05 -0.27
- p865(v94): 0.051 0.026 -0.36
- p945(v82): 0.051 -0.026 -0.36
- p533(v95): 0.068 -0.026 -0.13
- p494(v74): 0.068 -0.0008 -0.13
- p763(v96): 0.067 0.0056 -0.12
- p603(v97): 0.054 0.053 -0.18
- p825(v99): 0.065 -0.047 -0.25
- p537(v84): 0.068 -0.033 -0.22
- p553(v64): 0.064 -0.042 -0.27
- p824(v100): 0.069 -0.028  -0.2
- p59(v103): 0.053 0.028 -0.35
- p38(v104): 0.064 0.034 -0.28
- p292(v43): 0.057 0.017 -0.33
- p913(v105): 0.0078 -0.061 0.048
- p708(v87): -0.018 -0.05 0.049
- p310(v106): -0.033 -0.067 -0.03
- p938(v107): -0.014 -0.068 0.039
- p785(v108): -0.034 -0.05 0.038
- p822(v109): 0.033 -0.012 0.032
- p513(v110): 0.059 0.046 -0.29
- p597(v111): 0.069 -0.025 -0.15
- p76(v112): 0.063 0.042 -0.089
- p9(v113): 0.051 -0.051 -0.36
- p838(v115): 0.064 -0.049 -0.26
- p720(v116): 0.069 -0.025  -0.2
- p688(v117): 0.065 -0.012 -0.27
- p530(v101): 0.064 -0.00036 -0.28
- p591(v85): 0.065 0.022 -0.26
- p0(v118): 0.062 -0.029 -0.29
- p637(v98): 0.056 -0.021 -0.34
- p378(v119): 0.068 0.023 -0.22
- p268(v120): 0.067 -0.031 -0.24
- p40(v102): 0.066 0.022 -0.25
- p650(v121): 0.054 0.015 -0.34
- p622(v114): 0.055 -0.02 -0.34
- p83(v123): -0.039 -0.066 -0.036
- p317(v124): 0.022 -0.068 0.038
- p754(v125): -0.021 -0.066 0.041
- p395(v126): 0.058 0.048 -0.28
- p116(v127): 0.052 -0.034 -0.36
- p409(v128): 0.063 -0.05 -0.26
- p590(v129): 0.059 -0.0065 -0.31
- p222(v130): 0.068 0.0016 -0.22
- p589(v131): 0.066 0.016 -0.25
- p225(v132): 0.066 0.033 -0.26
- p477(v133): 0.067 0.037 -0.22
- p628(v134): 0.017 -0.066 0.043
- p600(v135): -0.024 -0.064 0.043
- p88(v136): 0.058 0.0048 -0.32
- p674(v137): 0.024 -0.066 0.043
- f39
    - flags: bottom simplicial
    - normal:  -0.04789 -0.01879  -0.9987
    - offset: -0.4115767
    - vertices: p109(v13) p205(v5) p381(v3)
    - neighboring facets: f63 f99 f41
- f41
    - flags: bottom simplicial
    - normal:   0.04985  -0.9676  -0.2476
    - offset: -0.1569639
    - vertices: p109(v13) p289(v8) p205(v5)
    - neighboring facets: f108 f39 f100
- f55
    - flags: top simplicial
    - normal:   -0.9966 -0.05816 -0.05845
    - offset: -0.05018961
    - vertices: p384(v17) p295(v9) p274(v0)
    - neighboring facets: f137 f313 f132
- f63
    - flags: top simplicial
    - normal:   -0.2342  0.02654  -0.9718
    - offset: -0.3999017
    - vertices: p502(v19) p205(v5) p381(v3)
    - neighboring facets: f39 f222 f217
- f84
    - flags: top simplicial
    - normal:    0.2908   0.9444  -0.1536
    - offset: -0.1162294
    - vertices: p739(v23) p207(v11) p381(v3)
    - neighboring facets: f142 f101 f340
- f99
    - flags: bottom simplicial
    - normal:    0.6235 0.004675  -0.7818
    - offset: -0.3334028
    - vertices: p568(v26) p109(v13) p381(v3)
    - neighboring facets: f39 f101 f100
- f100
    - flags: top simplicial
    - normal:    0.4859  -0.6267  -0.6093
    - offset: -0.2950271
    - vertices: p568(v26) p109(v13) p289(v8)
    - neighboring facets: f41 f462 f99
- f101
    - flags: top simplicial
    - normal:    0.8211  0.08904  -0.5638
    - offset: -0.2505409
    - vertices: p568(v26) p739(v23) p381(v3)
    - neighboring facets: f84 f99 f461
- f108
    - flags: top simplicial
    - normal:   0.02631  -0.9805  -0.1947
    - offset: -0.1362721
    - vertices: p125(v28) p289(v8) p205(v5)
    - neighboring facets: f41 f110 f195
- f110
    - flags: bottom simplicial
    - normal:   -0.1549  -0.9849 -0.07675
    - offset: -0.08999769
    - vertices: p125(v28) p384(v17) p205(v5)
    - neighboring facets: f139 f108 f314
- f132
    - flags: bottom simplicial
    - normal:   -0.9961 -0.05733 -0.06659
    - offset: -0.05320571
    - vertices: p436(v33) p384(v17) p295(v9)
    - neighboring facets: f55 f137 f214
- f134
    - flags: top simplicial
    - normal:   -0.9615   0.2733 -0.02849
    - offset: -0.0558224
    - vertices: p436(v33) p773(v30) p972(v16)
    - neighboring facets: f202 f138 f136
- f136
    - flags: bottom simplicial
    - normal:   -0.2198   0.9752 -0.02602
    - offset: -0.06931397
    - vertices: p436(v33) p773(v30) p883(v2)
    - neighboring facets: f327 f216 f134
- f137
    - flags: bottom simplicial
    - normal:   -0.9973 -0.04729 -0.05554
    - offset: -0.04968028
    - vertices: p436(v33) p295(v9) p274(v0)
    - neighboring facets: f55 f138 f132
- f138
    - flags: top simplicial
    - normal:    -0.999  0.02686  -0.0348
    - offset: -0.04604248
    - vertices: p436(v33) p972(v16) p274(v0)
    - neighboring facets: f443 f137 f134
- f139
    - flags: top simplicial
    - normal:    -0.837  -0.4042  -0.3689
    - offset: -0.1835837
    - vertices: p605(v34) p384(v17) p205(v5)
    - neighboring facets: f110 f218 f215
- f142
    - flags: bottom simplicial
    - normal:    0.2003   0.9721  -0.1223
    - offset: -0.1032742
    - vertices: p874(v35) p207(v11) p381(v3)
    - neighboring facets: f84 f223 f220
- f163
    - flags: top simplicial
    - normal:    0.8876    -0.46  0.02419
    - offset: -0.07683002
    - vertices: p111(v39) p261(v27) p427(v14)
    - neighboring facets: f297 f267 f350
- f174
    - flags: bottom simplicial
    - normal:    0.9124  0.03148    0.408
    - offset: -0.04657972
    - vertices: p952(v41) p943(v22) p242(v6)
    - neighboring facets: f230 f175 f372
- f175
    - flags: top simplicial
    - normal:    0.9306  0.01723   0.3655
    - offset: -0.04704346
    - vertices: p952(v41) p415(v40) p242(v6)
    - neighboring facets: f264 f174 f262
- f194
    - flags: top simplicial
    - normal:  0.008453  -0.9998 -0.01847
    - offset: -0.06836537
    - vertices: p818(v46) p732(v29) p289(v8)
    - neighboring facets: f269 f195 f528
- f195
    - flags: bottom simplicial
    - normal:  0.002604  -0.9998 -0.01928
    - offset: -0.06843017
    - vertices: p818(v46) p125(v28) p289(v8)
    - neighboring facets: f108 f194 f196
- f196
    - flags: top simplicial
    - normal:  -0.00848  -0.9998  -0.0195
    - offset: -0.06850752
    - vertices: p818(v46) p125(v28) p893(v15)
    - neighboring facets: f524 f432 f195
- f202
    - flags: bottom simplicial
    - normal:   -0.9321   0.2918   0.2147
    - offset: -0.05080366
    - vertices: p65(v47) p773(v30) p972(v16)
    - neighboring facets: f134 f203 f328
- f203
    - flags: top simplicial
    - normal:   -0.9847  0.06861   0.1604
    - offset: -0.04368284
    - vertices: p65(v47) p567(v31) p972(v16)
    - neighboring facets: f444 f202 f445
- f214
    - flags: top simplicial
    - normal:   -0.9841  -0.0506    -0.17
    - offset: -0.09157872
    - vertices: p864(v49) p436(v33) p384(v17)
    - neighboring facets: f132 f215 f216
- f215
    - flags: bottom simplicial
    - normal:   -0.9237  -0.0693  -0.3769
    - offset: -0.1693432
    - vertices: p864(v49) p605(v34) p384(v17)
    - neighboring facets: f139 f214 f218
- f216
    - flags: bottom simplicial
    - normal:   -0.1878   0.9819 -0.02603
    - offset: -0.06866468
    - vertices: p864(v49) p436(v33) p883(v2)
    - neighboring facets: f136 f241 f214
- f217
    - flags: bottom simplicial
    - normal:   -0.8419 -0.03284  -0.5386
    - offset: -0.2318654
    - vertices: p864(v49) p502(v19) p205(v5)
    - neighboring facets: f63 f218 f221
- f218
    - flags: top simplicial
    - normal:   -0.8621 -0.04253   -0.505
    - offset: -0.2188695
    - vertices: p864(v49) p605(v34) p205(v5)
    - neighboring facets: f139 f217 f215
- f220
    - flags: top simplicial
    - normal:   0.01889   0.9992 -0.03404
    - offset:    -0.0668
    - vertices: p864(v49) p874(v35) p207(v11)
    - neighboring facets: f142 f242 f221
- f221
    - flags: bottom simplicial
    - normal:   0.01968   0.9991 -0.03784
    - offset: -0.06824918
    - vertices: p864(v49) p874(v35) p502(v19)
    - neighboring facets: f224 f217 f220
- f222
    - flags: top simplicial
    - normal:   0.04625   0.9947 -0.09153
    - offset: -0.08932375
    - vertices: p588(v50) p502(v19) p381(v3)
    - neighboring facets: f63 f223 f224
- f223
    - flags: bottom simplicial
    - normal:   0.05669   0.9948 -0.08479
    - offset: -0.08669778
    - vertices: p588(v50) p874(v35) p381(v3)
    - neighboring facets: f142 f222 f224
- f224
    - flags: top simplicial
    - normal:   0.04619   0.9958 -0.07905
    - offset: -0.08431721
    - vertices: p588(v50) p874(v35) p502(v19)
    - neighboring facets: f221 f222 f223
- f230
    - flags: top simplicial
    - normal:     0.786  0.03714   0.6171
    - offset: -0.04593643
    - vertices: p301(v52) p943(v22) p242(v6)
    - neighboring facets: f174 f679 f541
- f240
    - flags: top simplicial
    - normal:   0.01585   0.9973  0.07155
    - offset: -0.06152112
    - vertices: p655(v54) p943(v22) p883(v2)
    - neighboring facets: f321 f241 f371
- f241
    - flags: bottom simplicial
    - normal:  -0.002083   0.9997 -0.02407
    - offset: -0.06354919
    - vertices: p655(v54) p864(v49) p883(v2)
    - neighboring facets: f216 f240 f242
- f242
    - flags: top simplicial
    - normal:    0.0151   0.9995 -0.02708
    - offset: -0.06421868
    - vertices: p655(v54) p864(v49) p207(v11)
    - neighboring facets: f220 f336 f241
- f262
    - flags: bottom simplicial
    - normal:    0.9366  0.01419   0.3501
    - offset: -0.0472893
    - vertices: p484(v59) p952(v41) p415(v40)
    - neighboring facets: f175 f264 f364
- f263
    - flags: top simplicial
    - normal:    0.8534  -0.2339   0.4658
    - offset: -0.05859208
    - vertices: p484(v59) p732(v29) p242(v6)
    - neighboring facets: f677 f264 f269
- f264
    - flags: bottom simplicial
    - normal:    0.9315  0.00136   0.3637
    - offset: -0.04782193
    - vertices: p484(v59) p415(v40) p242(v6)
    - neighboring facets: f175 f263 f262
- f266
    - flags: top simplicial
    - normal:    0.9916 -0.06024   0.1145
    - offset: -0.05522573
    - vertices: p484(v59) p480(v57) p111(v39)
    - neighboring facets: f361 f267 f365
- f267
    - flags: top simplicial
    - normal:    0.8695  -0.4931  0.02996
    - offset: -0.07655005
    - vertices: p484(v59) p111(v39) p427(v14)
    - neighboring facets: f163 f413 f266
- f269
    - flags: bottom simplicial
    - normal:    0.3545  -0.9349 -0.01528
    - offset: -0.07796717
    - vertices: p484(v59) p732(v29) p289(v8)
    - neighboring facets: f194 f270 f263
- f270
    - flags: top simplicial
    - normal:    0.3975  -0.9175 -0.01618
    - offset: -0.07909234
    - vertices: p484(v59) p469(v44) p289(v8)
    - neighboring facets: f395 f269 f411
- f279
    - flags: bottom simplicial
    - normal:         1 0.004903 0.007885
    - offset: -0.06738723
    - vertices: p380(v61) p270(v42) p357(v1)
    - neighboring facets: f346 f374 f280
- f280
    - flags: top simplicial
    - normal:    0.9999  0.01375 0.003317
    - offset: -0.06817155
    - vertices: p380(v61) p270(v42) p621(v25)
    - neighboring facets: f281 f576 f279
- f281
    - flags: bottom simplicial
    - normal:    0.9972  0.07122  0.02217
    - offset: -0.06544501
    - vertices: p652(v62) p270(v42) p621(v25)
    - neighboring facets: f280 f658 f470
- f286
    - flags: top simplicial
    - normal:    0.7062    0.708 -0.00227
    - offset: -0.07630582
    - vertices: p652(v62) p703(v60) p685(v55)
    - neighboring facets: f477 f385 f379
- f297
    - flags: bottom simplicial
    - normal:    0.8626  -0.5058 -0.007231
    - offset: -0.08313596
    - vertices: p951(v65) p261(v27) p427(v14)
    - neighboring facets: f163 f414 f485
- f313
    - flags: top simplicial
    - normal:   -0.9943 -0.08948 -0.05754
    - offset: -0.05160794
    - vertices: p985(v68) p384(v17) p274(v0)
    - neighboring facets: f55 f439 f314
- f314
    - flags: top simplicial
    - normal:   -0.1273  -0.9914 -0.02976
    - offset: -0.07193788
    - vertices: p985(v68) p125(v28) p384(v17)
    - neighboring facets: f110 f313 f608
- f321
    - flags: bottom simplicial
    - normal:  -0.01931   0.9886   0.1492
    - offset: -0.06111234
    - vertices: p847(v69) p943(v22) p883(v2)
    - neighboring facets: f240 f327 f449
- f327
    - flags: top simplicial
    - normal:   -0.6213   0.6672   0.4108
    - offset: -0.05746461
    - vertices: p847(v69) p773(v30) p883(v2)
    - neighboring facets: f136 f321 f328
- f328
    - flags: top simplicial
    - normal:    -0.632   0.6543   0.4154
    - offset: -0.05700005
    - vertices: p847(v69) p65(v47) p773(v30)
    - neighboring facets: f202 f327 f539
- f336
    - flags: top simplicial
    - normal:    0.2343   0.9719 -0.02472
    - offset: -0.07010021
    - vertices: p29(v71) p655(v54) p207(v11)
    - neighboring facets: f242 f453 f337
- f337
    - flags: bottom simplicial
    - normal:    0.3248   0.9456 -0.01778
    - offset: -0.07143998
    - vertices: p29(v71) p655(v54) p259(v37)
    - neighboring facets: f369 f339 f336
- f339
    - flags: top simplicial
    - normal:    0.4319   0.9016   -0.023
    - offset: -0.07588156
    - vertices: p29(v71) p685(v55) p259(v37)
    - neighboring facets: f476 f337 f454
- f340
    - flags: bottom simplicial
    - normal:    0.4383   0.8926  -0.1056
    - offset: -0.1020081
    - vertices: p689(v72) p739(v23) p207(v11)
    - neighboring facets: f84 f452 f457
- f346
    - flags: top simplicial
    - normal:    0.9999  0.00255  0.01588
    - offset: -0.06610132
    - vertices: p540(v73) p270(v42) p357(v1)
    - neighboring facets: f279 f349 f551
- f348
    - flags: bottom simplicial
    - normal:    0.9967  -0.0666  0.04674
    - offset: -0.06324664
    - vertices: p540(v73) p154(v56) p111(v39)
    - neighboring facets: f360 f350 f466
- f349
    - flags: bottom simplicial
    - normal:     0.998 -0.06266  0.00297
    - offset: -0.07028963
    - vertices: p540(v73) p261(v27) p357(v1)
    - neighboring facets: f488 f346 f350
- f350
    - flags: bottom simplicial
    - normal:     0.991  -0.1298  0.03164
    - offset: -0.06746026
    - vertices: p540(v73) p111(v39) p261(v27)
    - neighboring facets: f163 f349 f348
- f356
    - flags: bottom simplicial
    - normal:    0.9947  0.01895   0.1015
    - offset: -0.0549404
    - vertices: p566(v75) p480(v57) p507(v12)
    - neighboring facets: f363 f554 f366
- f360
    - flags: top simplicial
    - normal:    0.9966 -0.04644  0.06876
    - offset: -0.05989913
    - vertices: p569(v76) p154(v56) p111(v39)
    - neighboring facets: f348 f361 f362
- f361
    - flags: bottom simplicial
    - normal:    0.9923 -0.05542   0.1108
    - offset: -0.05545216
    - vertices: p569(v76) p480(v57) p111(v39)
    - neighboring facets: f266 f360 f363
- f362
    - flags: bottom simplicial
    - normal:    0.9981 -0.001769  0.06215
    - offset: -0.05944571
    - vertices: p569(v76) p154(v56) p507(v12)
    - neighboring facets: f464 f363 f360
- f363
    - flags: top simplicial
    - normal:    0.9957 0.003209   0.0931
    - offset: -0.05589248
    - vertices: p569(v76) p480(v57) p507(v12)
    - neighboring facets: f356 f362 f361
- f364
    - flags: top simplicial
    - normal:    0.9838 0.007314    0.179
    - offset: -0.05042863
    - vertices: p659(v77) p484(v59) p952(v41)
    - neighboring facets: f262 f380 f365
- f365
    - flags: bottom simplicial
    - normal:     0.988 0.002536   0.1543
    - offset: -0.05098662
    - vertices: p659(v77) p484(v59) p480(v57)
    - neighboring facets: f266 f366 f364
- f366
    - flags: top simplicial
    - normal:     0.991  0.01888   0.1328
    - offset: -0.05243575
    - vertices: p659(v77) p566(v75) p480(v57)
    - neighboring facets: f356 f365 f381
- f369
    - flags: top simplicial
    - normal:    0.4068   0.9135 -0.00703
    - offset: -0.07201025
    - vertices: p657(v78) p655(v54) p259(v37)
    - neighboring facets: f337 f474 f371
- f371
    - flags: bottom simplicial
    - normal:    0.4471   0.8944  0.01556
    - offset: -0.0716253
    - vertices: p657(v78) p655(v54) p943(v22)
    - neighboring facets: f240 f372 f369
- f372
    - flags: top simplicial
    - normal:    0.6071   0.7936  0.04023
    - offset: -0.07253645
    - vertices: p657(v78) p952(v41) p943(v22)
    - neighboring facets: f174 f371 f373
- f373
    - flags: top simplicial
    - normal:    0.6555   0.7543   0.0354
    - offset: -0.07304358
    - vertices: p657(v78) p703(v60) p952(v41)
    - neighboring facets: f378 f372 f475
- f374
    - flags: bottom simplicial
    - normal:         1 -0.001786 -0.008591
    - offset: -0.07040231
    - vertices: p686(v79) p380(v61) p357(v1)
    - neighboring facets: f279 f490 f574
- f378
    - flags: bottom simplicial
    - normal:    0.8101   0.5846  0.04432
    - offset: -0.07220628
    - vertices: p435(v80) p703(v60) p952(v41)
    - neighboring facets: f373 f380 f379
- f379
    - flags: bottom simplicial
    - normal:    0.8095   0.5855  0.04347
    - offset: -0.07228369
    - vertices: p435(v80) p652(v62) p703(v60)
    - neighboring facets: f286 f378 f556
- f380
    - flags: top simplicial
    - normal:    0.8157   0.5767  0.04591
    - offset: -0.07207483
    - vertices: p435(v80) p659(v77) p952(v41)
    - neighboring facets: f364 f378 f381
- f381
    - flags: bottom simplicial
    - normal:    0.9289    0.362  0.07886
    - offset: -0.0670408
    - vertices: p435(v80) p659(v77) p566(v75)
    - neighboring facets: f366 f553 f380
- f385
    - flags: top simplicial
    - normal:    0.7255   0.6882 -0.004596
    - offset: -0.07701593
    - vertices: p267(v81) p652(v62) p685(v55)
    - neighboring facets: f286 f624 f657
- f395
    - flags: bottom simplicial
    - normal:    0.7215  -0.6902 -0.05626
    - offset: -0.09463161
    - vertices: p22(v83) p469(v44) p289(v8)
    - neighboring facets: f270 f561 f633
- f411
    - flags: bottom simplicial
    - normal:      0.52  -0.8541 -0.008222
    - offset: -0.08141882
    - vertices: p34(v86) p484(v59) p469(v44)
    - neighboring facets: f270 f412 f413
- f412
    - flags: top simplicial
    - normal:    0.6305  -0.7761 -0.01052
    - offset: -0.08432382
    - vertices: p34(v86) p951(v65) p469(v44)
    - neighboring facets: f572 f411 f414
- f413
    - flags: top simplicial
    - normal:    0.6368   -0.771 0.001697
    - offset: -0.08218735
    - vertices: p34(v86) p484(v59) p427(v14)
    - neighboring facets: f267 f414 f411
- f414
    - flags: bottom simplicial
    - normal:    0.7296  -0.6839 -0.005518
    - offset: -0.08438649
    - vertices: p34(v86) p951(v65) p427(v14)
    - neighboring facets: f297 f413 f412
- f432
    - flags: top simplicial
    - normal:  -0.03208  -0.9993 -0.01882
    - offset: -0.06860988
    - vertices: p101(v90) p818(v46) p893(v15)
    - neighboring facets: f196 f525 f529
- f439
    - flags: top simplicial
    - normal:   -0.9931  -0.1177 -0.0006956
    - offset: -0.05266081
    - vertices: p333(v91) p985(v68) p274(v0)
    - neighboring facets: f313 f443 f619
- f443
    - flags: bottom simplicial
    - normal:   -0.9944  0.04603  0.09514
    - offset: -0.04428539
    - vertices: p333(v91) p972(v16) p274(v0)
    - neighboring facets: f138 f439 f444
- f444
    - flags: bottom simplicial
    - normal:   -0.9909  0.05522    0.123
    - offset: -0.04403548
    - vertices: p333(v91) p567(v31) p972(v16)
    - neighboring facets: f203 f443 f445
- f445
    - flags: bottom simplicial
    - normal:   -0.9843  0.06717   0.1634
    - offset: -0.04369127
    - vertices: p333(v91) p65(v47) p567(v31)
    - neighboring facets: f203 f444 f536
- f449
    - flags: top simplicial
    - normal:    0.5295   0.1084   0.8413
    - offset: -0.04427123
    - vertices: p288(v92) p847(v69) p943(v22)
    - neighboring facets: f321 f542 f681
- f452
    - flags: bottom simplicial
    - normal:    0.4486   0.8918 -0.05769
    - offset: -0.08543886
    - vertices: p599(v93) p689(v72) p207(v11)
    - neighboring facets: f340 f453 f621
- f453
    - flags: top simplicial
    - normal:    0.4395   0.8965 -0.05547
    - offset: -0.08456515
    - vertices: p599(v93) p29(v71) p207(v11)
    - neighboring facets: f336 f452 f454
- f454
    - flags: bottom simplicial
    - normal:    0.4399   0.8964 -0.05412
    - offset: -0.08422405
    - vertices: p599(v93) p29(v71) p685(v55)
    - neighboring facets: f339 f623 f453
- f457
    - flags: top simplicial
    - normal:    0.9333   0.1696  -0.3167
    - offset: -0.1667225
    - vertices: p865(v94) p689(v72) p739(v23)
    - neighboring facets: f340 f461 f505
- f461
    - flags: bottom simplicial
    - normal:    0.8791  0.06967  -0.4714
    - offset: -0.2174739
    - vertices: p865(v94) p568(v26) p739(v23)
    - neighboring facets: f101 f457 f462
- f462
    - flags: top simplicial
    - normal:    0.9412 0.008111  -0.3377
    - offset: -0.1705971
    - vertices: p865(v94) p568(v26) p289(v8)
    - neighboring facets: f100 f463 f461
- f463
    - flags: bottom simplicial
    - normal:     0.948 0.001837  -0.3184
    - offset: -0.1637793
    - vertices: p865(v94) p945(v82) p289(v8)
    - neighboring facets: f560 f462 f631
- f464
    - flags: top simplicial
    - normal:    0.9983 -1.819e-06  0.05789
    - offset: -0.05993521
    - vertices: p533(v95) p154(v56) p507(v12)
    - neighboring facets: f362 f465 f466
- f465
    - flags: bottom simplicial
    - normal:    0.9983 8.27e-07  0.05788
    - offset: -0.05993565
    - vertices: p533(v95) p494(v74) p507(v12)
    - neighboring facets: f468 f464 f550
- f466
    - flags: top simplicial
    - normal:    0.9989 -0.01886  0.04256
    - offset: -0.06244809
    - vertices: p533(v95) p540(v73) p154(v56)
    - neighboring facets: f348 f464 f549
- f468
    - flags: top simplicial
    - normal:    0.9983 2.058e-05  0.05788
    - offset: -0.05993597
    - vertices: p763(v96) p494(v74) p507(v12)
    - neighboring facets: f465 f555 f471
- f470
    - flags: top simplicial
    - normal:    0.9978  0.04703  0.04583
    - offset: -0.06156698
    - vertices: p763(v96) p652(v62) p270(v42)
    - neighboring facets: f281 f471 f557
- f471
    - flags: bottom simplicial
    - normal:    0.9984  0.03518   0.0453
    - offset: -0.06159653
    - vertices: p763(v96) p494(v74) p270(v42)
    - neighboring facets: f552 f470 f468
- f474
    - flags: top simplicial
    - normal:    0.4284   0.9035 -0.006262
    - offset: -0.07249059
    - vertices: p603(v97) p657(v78) p259(v37)
    - neighboring facets: f369 f476 f475
- f475
    - flags: bottom simplicial
    - normal:    0.5942   0.8043 0.0009412
    - offset: -0.07480142
    - vertices: p603(v97) p657(v78) p703(v60)
    - neighboring facets: f373 f477 f474
- f476
    - flags: bottom simplicial
    - normal:    0.6212   0.7836 -0.008281
    - offset: -0.0768501
    - vertices: p603(v97) p685(v55) p259(v37)
    - neighboring facets: f339 f474 f477
- f477
    - flags: bottom simplicial
    - normal:    0.7029   0.7113 -0.002315
    - offset: -0.07629458
    - vertices: p603(v97) p703(v60) p685(v55)
    - neighboring facets: f286 f476 f475
- f483
    - flags: bottom simplicial
    - normal:    0.9939  -0.1012 -0.04324
    - offset: -0.08047778
    - vertices: p825(v99) p537(v84) p261(v27)
    - neighboring facets: f489 f485 f484
- f484
    - flags: top simplicial
    - normal:    0.9961 -0.06277  -0.0623
    - offset: -0.08355071
    - vertices: p825(v99) p537(v84) p553(v64)
    - neighboring facets: f593 f568 f483
- f485
    - flags: top simplicial
    - normal:    0.8716  -0.4893  -0.0299
    - offset: -0.08727338
    - vertices: p825(v99) p951(v65) p261(v27)
    - neighboring facets: f297 f483 f573
- f488
    - flags: top simplicial
    - normal:    0.9992 -0.03806 -0.01394
    - offset: -0.07243769
    - vertices: p824(v100) p261(v27) p357(v1)
    - neighboring facets: f349 f490 f489
- f489
    - flags: top simplicial
    - normal:    0.9989 -0.04275 -0.02056
    - offset: -0.07387878
    - vertices: p824(v100) p537(v84) p261(v27)
    - neighboring facets: f483 f488 f491
- f490
    - flags: bottom simplicial
    - normal:         1 -0.001872 -0.008715
    - offset: -0.07042607
    - vertices: p824(v100) p686(v79) p357(v1)
    - neighboring facets: f374 f488 f575
- f491
    - flags: bottom simplicial
    - normal:    0.9995 -0.00153 -0.03123
    - offset: -0.07490841
    - vertices: p824(v100) p537(v84) p621(v25)
    - neighboring facets: f589 f577 f489
- f505
    - flags: bottom simplicial
    - normal:    0.9651   0.1428  -0.2197
    - offset: -0.1325337
    - vertices: p59(v103) p865(v94) p689(v72)
    - neighboring facets: f457 f511 f632
- f511
    - flags: bottom simplicial
    - normal:    0.9758   0.1572  -0.1522
    - offset: -0.1097559
    - vertices: p38(v104) p59(v103) p689(v72)
    - neighboring facets: f505 f545 f513
- f513
    - flags: top simplicial
    - normal:    0.9884  0.04469  -0.1453
    - offset: -0.1048038
    - vertices: p38(v104) p59(v103) p292(v43)
    - neighboring facets: f598 f636 f511
- f523
    - flags: top simplicial
    - normal:   0.03801 0.008971   0.9992
    - offset: -0.04756919
    - vertices: p913(v105) p708(v87) p847(v69)
    - neighboring facets: f540 f680 f668
- f524
    - flags: bottom simplicial
    - normal:  -0.05107  -0.9985 -0.02143
    - offset:  -0.069152
    - vertices: p310(v106) p125(v28) p893(v15)
    - neighboring facets: f196 f525 f609
- f525
    - flags: top simplicial
    - normal:  -0.04441  -0.9988  -0.0202
    - offset: -0.06891549
    - vertices: p310(v106) p101(v90) p893(v15)
    - neighboring facets: f432 f524 f527
- f527
    - flags: bottom simplicial
    - normal:  -0.06961  -0.9974 -0.01647
    - offset: -0.0695536
    - vertices: p310(v106) p101(v90) p985(v68)
    - neighboring facets: f532 f610 f525
- f528
    - flags: bottom simplicial
    - normal:  -0.002906       -1 -0.007483
    - offset: -0.06810988
    - vertices: p938(v107) p818(v46) p732(v29)
    - neighboring facets: f194 f612 f529
- f529
    - flags: bottom simplicial
    - normal:  -0.01489  -0.9999 -0.008736
    - offset: -0.06821972
    - vertices: p938(v107) p101(v90) p818(v46)
    - neighboring facets: f432 f528 f532
- f532
    - flags: top simplicial
    - normal:   -0.1376  -0.9895  0.04488
    - offset: -0.07127661
    - vertices: p938(v107) p101(v90) p985(v68)
    - neighboring facets: f527 f620 f529
- f536
    - flags: top simplicial
    - normal:   -0.8772  0.03412   0.4788
    - offset: -0.0462444
    - vertices: p785(v108) p333(v91) p65(v47)
    - neighboring facets: f445 f539 f670
- f539
    - flags: bottom simplicial
    - normal:   -0.5757   0.1012   0.8114
    - offset: -0.04533188
    - vertices: p785(v108) p847(v69) p65(v47)
    - neighboring facets: f328 f536 f540
- f540
    - flags: bottom simplicial
    - normal:   -0.5545  0.09347   0.8269
    - offset: -0.04558624
    - vertices: p785(v108) p708(v87) p847(v69)
    - neighboring facets: f523 f539 f667
- f541
    - flags: bottom simplicial
    - normal:    0.7611  0.04307   0.6472
    - offset: -0.04587924
    - vertices: p822(v109) p301(v52) p943(v22)
    - neighboring facets: f230 f542 f682
- f542
    - flags: top simplicial
    - normal:    0.5601  0.09398   0.8231
    - offset: -0.04428087
    - vertices: p822(v109) p288(v92) p943(v22)
    - neighboring facets: f449 f541 f683
- f545
    - flags: bottom simplicial
    - normal:    0.9426    0.312  -0.1194
    - offset: -0.1038587
    - vertices: p513(v110) p38(v104) p689(v72)
    - neighboring facets: f511 f622 f654
- f549
    - flags: bottom simplicial
    - normal:     0.999 -0.01392  0.04135
    - offset: -0.06248438
    - vertices: p597(v111) p533(v95) p540(v73)
    - neighboring facets: f466 f551 f550
- f550
    - flags: top simplicial
    - normal:    0.9991 -0.003084  0.04197
    - offset: -0.06212583
    - vertices: p597(v111) p533(v95) p494(v74)
    - neighboring facets: f465 f552 f549
- f551
    - flags: bottom simplicial
    - normal:    0.9997 0.001679  0.02512
    - offset: -0.06462173
    - vertices: p597(v111) p540(v73) p270(v42)
    - neighboring facets: f346 f552 f549
- f552
    - flags: top simplicial
    - normal:    0.9994 0.003093  0.03409
    - offset: -0.06319721
    - vertices: p597(v111) p494(v74) p270(v42)
    - neighboring facets: f471 f551 f550
- f553
    - flags: bottom simplicial
    - normal:    0.9353    0.345  0.07878
    - offset: -0.06672563
    - vertices: p76(v112) p435(v80) p566(v75)
    - neighboring facets: f381 f554 f556
- f554
    - flags: bottom simplicial
    - normal:    0.9949  0.02151  0.09874
    - offset: -0.05526026
    - vertices: p76(v112) p566(v75) p507(v12)
    - neighboring facets: f356 f555 f553
- f555
    - flags: top simplicial
    - normal:    0.9965  0.03353  0.07637
    - offset: -0.05785457
    - vertices: p76(v112) p763(v96) p507(v12)
    - neighboring facets: f468 f554 f557
- f556
    - flags: top simplicial
    - normal:    0.9412   0.3329  0.05796
    - offset: -0.06844845
    - vertices: p76(v112) p435(v80) p652(v62)
    - neighboring facets: f379 f557 f553
- f557
    - flags: bottom simplicial
    - normal:    0.9972  0.04879  0.05627
    - offset: -0.06032359
    - vertices: p76(v112) p763(v96) p652(v62)
    - neighboring facets: f470 f556 f555
- f560
    - flags: top simplicial
    - normal:    0.9541 -0.01306  -0.2991
    - offset: -0.1574686
    - vertices: p9(v113) p945(v82) p289(v8)
    - neighboring facets: f463 f561 f628
- f561
    - flags: bottom simplicial
    - normal:     0.883  -0.4578  -0.1033
    - offset: -0.1056097
    - vertices: p9(v113) p22(v83) p289(v8)
    - neighboring facets: f395 f560 f570
- f568
    - flags: top simplicial
    - normal:    0.9605  -0.2603 -0.09841
    - offset: -0.09939622
    - vertices: p838(v115) p825(v99) p553(v64)
    - neighboring facets: f484 f569 f573
- f569
    - flags: bottom simplicial
    - normal:    0.9507  -0.2892  -0.1119
    - offset: -0.1036478
    - vertices: p838(v115) p9(v113) p553(v64)
    - neighboring facets: f584 f568 f570
- f570
    - flags: top simplicial
    - normal:    0.9453  -0.3069  -0.1109
    - offset: -0.1038956
    - vertices: p838(v115) p9(v113) p22(v83)
    - neighboring facets: f561 f635 f569
- f572
    - flags: bottom simplicial
    - normal:    0.8387  -0.5433 -0.03824
    - offset: -0.0898656
    - vertices: p838(v115) p951(v65) p469(v44)
    - neighboring facets: f412 f634 f573
- f573
    - flags: bottom simplicial
    - normal:    0.8631  -0.5039   -0.033
    - offset: -0.08816824
    - vertices: p838(v115) p825(v99) p951(v65)
    - neighboring facets: f485 f572 f568
- f574
    - flags: top simplicial
    - normal:         1 -0.00158 -0.009009
    - offset: -0.07047689
    - vertices: p720(v116) p686(v79) p380(v61)
    - neighboring facets: f374 f576 f575
- f575
    - flags: top simplicial
    - normal:         1 -0.001786 -0.008804
    - offset: -0.07044149
    - vertices: p720(v116) p824(v100) p686(v79)
    - neighboring facets: f490 f574 f577
- f576
    - flags: top simplicial
    - normal:    0.9999 0.0004804 -0.01148
    - offset: -0.07091302
    - vertices: p720(v116) p380(v61) p621(v25)
    - neighboring facets: f280 f577 f574
- f577
    - flags: bottom simplicial
    - normal:    0.9999 0.0004704 -0.01154
    - offset: -0.07092599
    - vertices: p720(v116) p824(v100) p621(v25)
    - neighboring facets: f491 f576 f575
- f578
    - flags: top simplicial
    - normal:    0.9944 -0.004216  -0.1054
    - offset: -0.09265835
    - vertices: p688(v117) p530(v101) p553(v64)
    - neighboring facets: f583 f595 f582
- f581
    - flags: bottom simplicial
    - normal:    0.9957 0.001213 -0.09278
    - offset: -0.08928542
    - vertices: p688(v117) p38(v104) p591(v85)
    - neighboring facets: f651 f646 f582
- f582
    - flags: top simplicial
    - normal:    0.9953 0.0006692 -0.09661
    - offset: -0.09030004
    - vertices: p688(v117) p38(v104) p530(v101)
    - neighboring facets: f588 f578 f581
- f583
    - flags: bottom simplicial
    - normal:    0.9942 -0.004429  -0.1074
    - offset: -0.09320162
    - vertices: p0(v118) p530(v101) p553(v64)
    - neighboring facets: f578 f584 f588
- f584
    - flags: top simplicial
    - normal:    0.9888  -0.0528  -0.1398
    - offset: -0.1036767
    - vertices: p0(v118) p9(v113) p553(v64)
    - neighboring facets: f569 f583 f585
- f585
    - flags: bottom simplicial
    - normal:    0.9888 -0.03449  -0.1454
    - offset: -0.1047934
    - vertices: p0(v118) p9(v113) p637(v98)
    - neighboring facets: f626 f639 f584
- f588
    - flags: bottom simplicial
    - normal:    0.9932 0.0005785  -0.1167
    - offset: -0.09569831
    - vertices: p0(v118) p38(v104) p530(v101)
    - neighboring facets: f582 f583 f637
- f589
    - flags: top simplicial
    - normal:    0.9988 0.002761 -0.04818
    - offset: -0.0784554
    - vertices: p378(v119) p537(v84) p621(v25)
    - neighboring facets: f491 f659 f641
- f593
    - flags: bottom simplicial
    - normal:    0.9961 -0.06195 -0.06245
    - offset: -0.08355934
    - vertices: p268(v120) p537(v84) p553(v64)
    - neighboring facets: f484 f595 f594
- f594
    - flags: bottom simplicial
    - normal:    0.9984  0.00208 -0.05608
    - offset: -0.08019187
    - vertices: p268(v120) p40(v102) p537(v84)
    - neighboring facets: f640 f593 f643
- f595
    - flags: top simplicial
    - normal:    0.9967 -0.005811 -0.08073
    - offset: -0.08619026
    - vertices: p268(v120) p688(v117) p553(v64)
    - neighboring facets: f578 f593 f644
- f597
    - flags: top simplicial
    - normal:    0.9874 0.002572  -0.1584
    - offset: -0.1082828
    - vertices: p650(v121) p637(v98) p292(v43)
    - neighboring facets: f672 f598 f599
- f598
    - flags: bottom simplicial
    - normal:    0.9872  0.01264  -0.1592
    - offset:  -0.108718
    - vertices: p650(v121) p59(v103) p292(v43)
    - neighboring facets: f513 f597 f630
- f599
    - flags: top simplicial
    - normal:    0.9862 0.0007907  -0.1655
    - offset: -0.1106415
    - vertices: p650(v121) p622(v114) p637(v98)
    - neighboring facets: f627 f597 f629
- f608
    - flags: bottom simplicial
    - normal:  -0.08759  -0.9958 -0.02502
    - offset: -0.07037401
    - vertices: p83(v123) p985(v68) p125(v28)
    - neighboring facets: f314 f609 f610
- f609
    - flags: top simplicial
    - normal:  -0.07587  -0.9968 -0.02374
    - offset: -0.06994062
    - vertices: p83(v123) p310(v106) p125(v28)
    - neighboring facets: f524 f608 f610
- f610
    - flags: bottom simplicial
    - normal:  -0.07773  -0.9967 -0.02223
    - offset:   -0.06995
    - vertices: p83(v123) p310(v106) p985(v68)
    - neighboring facets: f527 f608 f609
- f612
    - flags: bottom simplicial
    - normal:        -0       -1       -0
    - offset:   -0.06836
    - vertices: p317(v124) p938(v107) p732(v29)
    - neighboring facets: f528 f676 f661
- f619
    - flags: bottom simplicial
    - normal:   -0.3148  -0.9387   0.1406
    - offset: -0.07462659
    - vertices: p754(v125) p333(v91) p985(v68)
    - neighboring facets: f439 f620 f671
- f620
    - flags: top simplicial
    - normal:   -0.2379  -0.9655   0.1063
    - offset: -0.07338966
    - vertices: p754(v125) p938(v107) p985(v68)
    - neighboring facets: f532 f619 f663
- f621
    - flags: top simplicial
    - normal:    0.5867    0.807  -0.0671
    - offset: -0.09151159
    - vertices: p395(v126) p599(v93) p689(v72)
    - neighboring facets: f452 f622 f623
- f622
    - flags: bottom simplicial
    - normal:    0.7613   0.6428 -0.08527
    - offset: -0.09868794
    - vertices: p395(v126) p513(v110) p689(v72)
    - neighboring facets: f545 f621 f625
- f623
    - flags: bottom simplicial
    - normal:    0.6281   0.7761 -0.05644
    - offset: -0.08947108
    - vertices: p395(v126) p599(v93) p685(v55)
    - neighboring facets: f454 f624 f621
- f624
    - flags: top simplicial
    - normal:    0.7721    0.635 -0.02635
    - offset: -0.08268023
    - vertices: p395(v126) p267(v81) p685(v55)
    - neighboring facets: f385 f623 f625
- f625
    - flags: top simplicial
    - normal:    0.8543   0.5176 -0.04665
    - offset: -0.08736837
    - vertices: p395(v126) p513(v110) p267(v81)
    - neighboring facets: f656 f624 f622
- f626
    - flags: top simplicial
    - normal:    0.9863 -0.01797  -0.1639
    - offset: -0.1105081
    - vertices: p116(v127) p9(v113) p637(v98)
    - neighboring facets: f585 f627 f628
- f627
    - flags: bottom simplicial
    - normal:    0.9859 -0.01331  -0.1669
    - offset: -0.1113946
    - vertices: p116(v127) p622(v114) p637(v98)
    - neighboring facets: f599 f626 f629
- f628
    - flags: bottom simplicial
    - normal:    0.9808 -0.00602  -0.1949
    - offset: -0.1208366
    - vertices: p116(v127) p9(v113) p945(v82)
    - neighboring facets: f560 f631 f626
- f629
    - flags: bottom simplicial
    - normal:    0.9842 -0.0008226  -0.1773
    - offset: -0.1145691
    - vertices: p116(v127) p650(v121) p622(v114)
    - neighboring facets: f599 f627 f630
- f630
    - flags: top simplicial
    - normal:    0.9837 -0.0001646  -0.1801
    - offset: -0.1155164
    - vertices: p116(v127) p650(v121) p59(v103)
    - neighboring facets: f598 f632 f629
- f631
    - flags: top simplicial
    - normal:     0.982 2.073e-05  -0.1888
    - offset: -0.1185181
    - vertices: p116(v127) p865(v94) p945(v82)
    - neighboring facets: f463 f628 f632
- f632
    - flags: top simplicial
    - normal:    0.9823 0.0002152  -0.1872
    - offset: -0.1179717
    - vertices: p116(v127) p59(v103) p865(v94)
    - neighboring facets: f505 f631 f630
- f633
    - flags: top simplicial
    - normal:    0.7628  -0.6445 -0.05213
    - offset: -0.09375834
    - vertices: p409(v128) p22(v83) p469(v44)
    - neighboring facets: f395 f634 f635
- f634
    - flags: bottom simplicial
    - normal:     0.836  -0.5473 -0.03897
    - offset: -0.09008054
    - vertices: p409(v128) p838(v115) p469(v44)
    - neighboring facets: f572 f633 f635
- f635
    - flags: top simplicial
    - normal:    0.8844  -0.4599  -0.0795
    - offset: -0.0993584
    - vertices: p409(v128) p838(v115) p22(v83)
    - neighboring facets: f570 f633 f634
- f636
    - flags: top simplicial
    - normal:    0.9912 0.007411  -0.1325
    - offset: -0.1001661
    - vertices: p590(v129) p38(v104) p292(v43)
    - neighboring facets: f513 f673 f637
- f637
    - flags: top simplicial
    - normal:    0.9917 0.003362  -0.1282
    - offset: -0.09888636
    - vertices: p590(v129) p0(v118) p38(v104)
    - neighboring facets: f588 f636 f639
- f639
    - flags: bottom simplicial
    - normal:    0.9899 -0.01015  -0.1412
    - offset: -0.1029293
    - vertices: p590(v129) p0(v118) p637(v98)
    - neighboring facets: f585 f674 f637
- f640
    - flags: top simplicial
    - normal:    0.9985  0.00236 -0.05555
    - offset: -0.08006866
    - vertices: p222(v130) p40(v102) p537(v84)
    - neighboring facets: f594 f641 f642
- f641
    - flags: bottom simplicial
    - normal:    0.9988  0.00272  -0.0491
    - offset: -0.07865746
    - vertices: p222(v130) p378(v119) p537(v84)
    - neighboring facets: f589 f640 f642
- f642
    - flags: top simplicial
    - normal:    0.9985 0.002559 -0.05541
    - offset: -0.08003693
    - vertices: p222(v130) p378(v119) p40(v102)
    - neighboring facets: f650 f640 f641
- f643
    - flags: top simplicial
    - normal:    0.9971 -0.002428 -0.07668
    - offset: -0.08514262
    - vertices: p589(v131) p268(v120) p40(v102)
    - neighboring facets: f594 f653 f644
- f644
    - flags: bottom simplicial
    - normal:    0.9969 -0.003136 -0.07908
    - offset: -0.08572379
    - vertices: p589(v131) p268(v120) p688(v117)
    - neighboring facets: f595 f646 f643
- f646
    - flags: bottom simplicial
    - normal:    0.9965 -1.551e-05 -0.08388
    - offset: -0.08695551
    - vertices: p589(v131) p688(v117) p591(v85)
    - neighboring facets: f581 f652 f644
- f650
    - flags: bottom simplicial
    - normal:    0.9983  0.01767 -0.05599
    - offset: -0.08049826
    - vertices: p225(v132) p378(v119) p40(v102)
    - neighboring facets: f642 f653 f660
- f651
    - flags: top simplicial
    - normal:     0.996 0.004466 -0.08938
    - offset: -0.08847846
    - vertices: p225(v132) p38(v104) p591(v85)
    - neighboring facets: f581 f652 f655
- f652
    - flags: bottom simplicial
    - normal:    0.9965 0.0001664 -0.08379
    - offset:  -0.086935
    - vertices: p225(v132) p589(v131) p591(v85)
    - neighboring facets: f646 f651 f653
- f653
    - flags: top simplicial
    - normal:    0.9965 0.000167 -0.08379
    - offset: -0.08693443
    - vertices: p225(v132) p589(v131) p40(v102)
    - neighboring facets: f643 f650 f652
- f654
    - flags: top simplicial
    - normal:    0.9368   0.3401 -0.08234
    - offset: -0.09423765
    - vertices: p477(v133) p513(v110) p38(v104)
    - neighboring facets: f545 f655 f656
- f655
    - flags: bottom simplicial
    - normal:    0.9786   0.1911 -0.07642
    - offset: -0.09017848
    - vertices: p477(v133) p225(v132) p38(v104)
    - neighboring facets: f651 f654 f660
- f656
    - flags: bottom simplicial
    - normal:    0.8544   0.5175 -0.04666
    - offset: -0.08736975
    - vertices: p477(v133) p513(v110) p267(v81)
    - neighboring facets: f625 f657 f654
- f657
    - flags: bottom simplicial
    - normal:    0.8246   0.5657 -0.009775
    - offset: -0.07895024
    - vertices: p477(v133) p267(v81) p652(v62)
    - neighboring facets: f385 f658 f656
- f658
    - flags: bottom simplicial
    - normal:    0.9954  0.09447  0.01685
    - offset: -0.06695747
    - vertices: p477(v133) p652(v62) p621(v25)
    - neighboring facets: f281 f659 f657
- f659
    - flags: top simplicial
    - normal:    0.9986  0.01826 -0.04874
    - offset: -0.07892045
    - vertices: p477(v133) p378(v119) p621(v25)
    - neighboring facets: f589 f658 f660
- f660
    - flags: top simplicial
    - normal:    0.9983  0.01847 -0.05575
    - offset: -0.08046215
    - vertices: p477(v133) p225(v132) p378(v119)
    - neighboring facets: f650 f659 f655
- f661
    - flags: top simplicial
    - normal:  0.005387   -0.934   0.3573
    - offset: -0.07753337
    - vertices: p628(v134) p317(v124) p938(v107)
    - neighboring facets: f612 f663 f675
- f662
    - flags: top simplicial
    - normal:   -0.0493  -0.7236   0.6885
    - offset: -0.07696274
    - vertices: p628(v134) p754(v125) p913(v105)
    - neighboring facets: f669 f678 f663
- f663
    - flags: bottom simplicial
    - normal:   -0.0443  -0.7844   0.6187
    - offset: -0.07806392
    - vertices: p628(v134) p754(v125) p938(v107)
    - neighboring facets: f620 f661 f662
- f667
    - flags: top simplicial
    - normal:   -0.5542 -0.09967   0.8264
    - offset: -0.0551185
    - vertices: p600(v135) p785(v108) p708(v87)
    - neighboring facets: f540 f668 f670
- f668
    - flags: bottom simplicial
    - normal:   -0.1163  -0.3214   0.9398
    - offset: -0.06378891
    - vertices: p600(v135) p913(v105) p708(v87)
    - neighboring facets: f523 f667 f669
- f669
    - flags: bottom simplicial
    - normal:  -0.05282  -0.7153   0.6968
    - offset: -0.0768268
    - vertices: p600(v135) p754(v125) p913(v105)
    - neighboring facets: f662 f668 f671
- f670
    - flags: bottom simplicial
    - normal:   -0.7343  -0.3161   0.6007
    - offset: -0.06336947
    - vertices: p600(v135) p785(v108) p333(v91)
    - neighboring facets: f536 f671 f667
- f671
    - flags: top simplicial
    - normal:   -0.4959  -0.7893   0.3622
    - offset: -0.07750881
    - vertices: p600(v135) p754(v125) p333(v91)
    - neighboring facets: f619 f670 f669
- f672
    - flags: bottom simplicial
    - normal:     0.989 -0.0003186  -0.1476
    - offset:   -0.10484
    - vertices: p88(v136) p637(v98) p292(v43)
    - neighboring facets: f597 f673 f674
- f673
    - flags: top simplicial
    - normal:    0.9901 0.003283  -0.1405
    - offset: -0.1026536
    - vertices: p88(v136) p590(v129) p292(v43)
    - neighboring facets: f636 f672 f674
- f674
    - flags: bottom simplicial
    - normal:    0.9891 -0.0003622  -0.1476
    - offset: -0.1048183
    - vertices: p88(v136) p590(v129) p637(v98)
    - neighboring facets: f639 f672 f673
- f675
    - flags: bottom simplicial
    - normal:  0.008462   -0.933   0.3597
    - offset: -0.07762817
    - vertices: p674(v137) p628(v134) p317(v124)
    - neighboring facets: f661 f676 f678
- f676
    - flags: bottom simplicial
    - normal:    0.2976  -0.9168   0.2662
    - offset: -0.07933987
    - vertices: p674(v137) p317(v124) p732(v29)
    - neighboring facets: f612 f677 f675
- f677
    - flags: bottom simplicial
    - normal:    0.7998  -0.2549   0.5435
    - offset: -0.05921388
    - vertices: p674(v137) p732(v29) p242(v6)
    - neighboring facets: f263 f679 f676
- f678
    - flags: top simplicial
    - normal:   0.01772  -0.6574   0.7534
    - offset: -0.07652963
    - vertices: p674(v137) p628(v134) p913(v105)
    - neighboring facets: f662 f680 f675
- f679
    - flags: top simplicial
    - normal:     0.754 -0.08001    0.652
    - offset: -0.05121023
    - vertices: p674(v137) p301(v52) p242(v6)
    - neighboring facets: f230 f677 f682
- f680
    - flags: top simplicial
    - normal:    0.2968  0.03196   0.9544
    - offset: -0.04603768
    - vertices: p674(v137) p913(v105) p847(v69)
    - neighboring facets: f523 f681 f678
- f681
    - flags: bottom simplicial
    - normal:    0.3691  0.04849   0.9281
    - offset: -0.04551292
    - vertices: p674(v137) p288(v92) p847(v69)
    - neighboring facets: f449 f680 f683
- f682
    - flags: top simplicial
    - normal:    0.5892   0.0522   0.8063
    - offset: -0.04520448
    - vertices: p674(v137) p822(v109) p301(v52)
    - neighboring facets: f541 f679 f683
- f683
    - flags: bottom simplicial
    - normal:    0.5622  0.06066   0.8248
    - offset: -0.04480304
    - vertices: p674(v137) p822(v109) p288(v92)
    - neighboring facets: f542 f681 f682
