3
1000 188 282
0.000619937 -0.0407821 -0.0113135 
0.134819 0.0459071 0.0212934 
-0.00644088 -0.016976 0.0196102 
-0.0103824 -0.0378541 0.0213136 
-0.00288615 0.0349108 -0.0239567 
0.08219750000000001 0.0326489 0.0453704 
-0.0206433 -0.0185119 0.00399567 
0.0708043 0.0129049 0.0410844 
0.157335 -0.00775355 0.0167855 
-0.015025 -0.012649 -0.0125411 
-0.0138152 -0.00336891 0.0234142 
-0.00472727 0.0283443 0.0315311 
0.0524984 0.0336612 0.0188863 
-0.0109944 -0.0212523 0.0118515 
-0.00568413 0.0168125 -0.0158537 
0.0318211 -0.0348353 0.00607968 
-0.015025 -0.0142251 -0.0109424 
0.1446 0.00265353 -0.0114878 
0.024425 -0.0224135 -0.014924 
0.145277 0.02141 -0.0213818 
-0.00927479 0.000962111 0.0458942 
0.024425 -0.0321503 -0.000601287 
-0.0210533 -0.00434464 -0.015961 
0.0130444 -0.0399115 0.0166112 
0.122812 0.03604 -0.0401446 
0.0565319 0.0170391 -0.0264742 
0.16057 -0.0103256 0.0094305 
0.0009838570000000001 0.0385294 0.0175629 
0.00654036 0.0403753 0.0186899 
-0.012575 0.00807711 0.0101718 
0.146736 -0.04551 0.00955057 
0.0584083 -0.02478 0.021552 
0.0469083 -0.0235616 -0.00548378 
-0.015475 0.000508044 0.00251229 
-0.015075 0.00323306 0.0113627 
0.0524204 0.0484829 -0.0112859 
-0.008969420000000001 -0.0336194 0.0275379 
0.0573141 0.00731009 0.0347329 
-0.01472 -0.0153201 -0.0150633 
0.0226548 -0.0302706 0.00681792 
-0.007025 -0.0419367 0.000225849 
-0.00699297 -0.00355828 -0.0430856 
-0.013575 0.0128941 0.0177822 
0.0311988 0.009512710000000001 0.0387852 
-0.000408249 -0.0344656 -0.0281141 
0.110876 -0.0354207 0.0448906 
0.0528444 -0.0459117 -0.018028 
0.023525 -0.038289 0.0151011 
0.0223544 -0.0226204 -0.0321705 
0.0684787 0.0444768 -0.0217233 
0.0479275 -0.0236831 -0.0254554 
-0.0113623 0.0302549 -0.00963869 
0.06587800000000001 0.0228177 0.0355759 
-0.0205964 -0.000123218 -0.0189695 
0.151146 0.0124083 -0.00143926 
0.0211701 -0.026938 -0.000673737 
0.00479644 -0.0122185 -0.0426406 
0.0194064 -0.0352786 -0.0173562 
0.007625 0.0275319 0.0052829 
-0.00286814 -0.0265608 -0.0329973 
0.159764 0.00393815 -0.0133995 
0.116197 0.04164 -0.0352887 
0.019425 -0.0286867 0.000315479 
-0.012825 -0.0341314 0.00522042 
0.062173 -0.0299948 0.0275367 
-0.0165624 -0.00122749 0.0298435 
-0.00998899 0.0363231 0.0237732 
0.115626 -0.04951 -0.0465567 
0.011375 -0.0121802 -0.0362772 
0.023525 0.0387344 -0.0181505 
0.013425 -0.009597339999999999 0.032828 
0.011375 0.0077282 -0.0378839 
0.0504566 -0.026818 -0.0232234 
0.050976 -0.029674 0.00609279 
0.050575 0.0100615 -0.025384 
0.013425 -0.00178097 0.0332542 
-0.008075000000000001 -0.0267086 -0.0021333 
-0.013575 0.0193714 -0.00743668 
-0.0179343 0.00961745 0.0297258 
0.0130485 0.0231586 0.0175917 
0.055319 -0.0018622 -0.0314032 
-0.00699072 0.011201 0.0234053 
-0.00220279 -0.00593627 0.044053 
0.009824100000000001 -0.0164122 0.0370079 
0.0606052 0.00420689 -0.0352357 
0.00899352 -0.0423747 -0.00882289 
0.00608267 0.000668958 0.0424556 
0.144788 0.0231973 -0.0223062 
0.00586717 -0.00578847 -0.042069 
0.100415 0.0475441 -0.0411751 
0.0570337 0.0441154 0.00192709 
-0.000596257 0.0399983 0.0143068 
0.00582043 -0.0196531 -0.0169208 
-0.00706759 0.0259116 0.0390191 
0.021025 -0.0143897 -0.0440156 
0.126325 -0.04551 0.0429073 
0.009124999999999999 0.0136044 -0.0136019 
0.152575 0.0146027 -0.00426123 
-0.012575 -0.00426049 -0.01765 
0.009925 0.00380045 0.0168826 
-0.0191655 0.0147907 0.0313958 
0.013425 0.0367877 -0.0120659 
0.045575 -0.026759 -0.0168907 
0.117629 -0.0477251 0.0455662 
0.08779240000000001 0.04164 -0.0367415 
0.0139211 0.0286975 0.0317312 
0.027575 0.0202229 -0.0354405 
0.032575 -0.0214218 0.0318021 
-0.0202031 -0.000144643 -0.0337888 
0.15899 -0.0108962 -0.00612832 
0.0575729 -0.0251504 -0.0282426 
-0.0131727 -0.00669877 0.00357971 
0.050575 -0.0199041 0.0176254 
-0.0114699 0.0433161 0.00223097 
-0.008821560000000001 0.0428814 0.00707008 
-0.00402947 -0.020403 -0.0394089 
0.006575 0.0376089 0.0182442 
-0.00949993 0.0421938 0.0182097 
0.101144 0.0385877 0.0399255 
0.119761 -0.0470541 0.0468497 
0.0660369 0.03604 0.0269929 
0.008425 0.0176356 -0.018647 
0.007625 -0.00415229 -0.0270781 
0.00749727 0.0202572 -0.023648 
-0.0184503 0.0241815 -0.0350399 
0.15757 -0.0140531 -0.00820632 
0.0292064 -0.0398478 0.000221294 
0.115869 0.0450326 -0.0341137 
-0.00873404 0.0171785 0.0398301 
0.016525 0.0139655 -0.0328296 
0.0112018 -0.00394147 -0.0267267 
-0.020975 0.0095905 -0.00038607 
-0.013575 0.0149087 0.0153863 
0.0033915 -0.00267976 -0.0258188 
0.0856661 -0.0450067 -0.05099 
0.0113297 0.0412528 -0.00154514 
0.155995 -0.0072793 0.0101046 
0.0736835 0.05304 0.0317274 
0.023575 0.0389009 0.0114416 
0.112498 0.05304 -0.0400454 
0.15738 0.00137493 -0.0165178 
-0.0105809 0.0196938 0.0425747 
0.009925 -0.00734717 0.0226808 
0.0516677 -0.0403627 -0.022632 
-0.0126713 0.034845 0.0207183 
0.0113119 0.00620895 0.0387267 
-0.013825 -0.0268633 0.0166919 
-0.00613608 0.0268083 -0.015035 
-0.010575 0.0122062 -0.0119487 
0.0223218 0.028631 0.0228537 
0.024425 -0.0305573 0.0102494 
-0.0123943 -0.0168795 -0.000192119 
-0.021025 -0.0253816 -0.026643 
0.0586916 -0.0351692 0.0217181 
-0.012825 0.0277949 -0.0252825 
0.0498207 0.0330448 -0.014901 
0.128633 0.0517799 -0.0227673 
-0.0202354 0.0323475 -0.0012969 
0.00941611 0.0106693 -0.039041 
0.021025 -0.0343512 -0.0287829 
0.0969298 0.04864 -0.0442059 
0.0624343 0.0171176 0.0278912 
0.08169179999999999 0.0328529 0.0430058 
0.136023 0.0514287 -0.00236354 
0.11243 -0.0388206 -0.050878 
0.0600043 -0.0221008 0.0313391 
0.0731803 0.0373722 0.0298927 
0.0780807 -0.04951 -0.047506 
-0.0216059 0.00525582 -0.0100016 
-0.013825 0.0346398 0.00892217 
-0.006825 0.0222112 0.0356451 
0.027575 -0.0298725 -0.0280809 
0.009979750000000001 -0.0134041 0.0390772 
-0.00218385 -0.0320794 -0.0277959 
0.0978488 0.0414243 0.0419258 
-0.018525 0.0232436 -0.0285915 
-0.0137634 -0.0241529 0.0426289 
0.011375 0.0354568 -0.00720739 
0.120034 0.0412987 0.0461138 
0.0565087 0.0257169 0.0269127 
0.154703 0.00833996 -0.0115391 
-0.00849745 0.0172943 0.0158086 
-0.0105278 0.0297092 -0.031575 
0.00897683 -0.0180059 -0.0114516 
0.0185962 -0.00842568 0.0384 
0.120936 0.0473493 -0.0392517 
0.156592 -0.0117432 0.00428217 
-0.019089 -0.0131466 0.0326128 
0.100209 0.03604 -0.0461636 
0.024425 0.0287956 -0.00981301 
-0.0133723 0.023786 -0.0428272 
0.024425 -0.0288868 0.00222151 
0.155924 0.008750539999999999 -0.0162974 
-0.0177027 -0.0134894 0.00762536 
0.00286969 -0.0275439 0.034813 
0.0213365 0.0159382 -0.021763 
0.158211 -0.0116157 0.0143848 
0.132115 -0.0237224 0.0340434 
0.0841134 -0.0457389 -0.0466589 
-0.00312535 -0.0227789 -0.012331 
-0.0179153 -0.0016375 -0.0277298 
0.019425 -0.018014 0.0244087 
0.0835017 0.05304 0.0392777 
0.0492647 0.042418 -0.00421038 
0.144646 -0.000809726 -0.0113032 
0.00133315 0.0302456 0.00507834 
0.0259598 0.000933005 0.0448859 
-0.0232 0.00206129 0.0168962 
0.00690116 0.0366158 0.0171246 
0.0693334 -0.00917108 -0.0352911 
0.0566048 0.0177793 -0.0259875 
0.071672 -0.0117725 -0.0397566 
0.011375 0.033794 -0.010171 
0.015425 -0.033953 -0.0009788500000000001 
0.137427 -0.0359785 -0.0271944 
0.143201 0.0145529 0.0157151 
-0.00985138 0.000114278 -0.0458874 
0.156863 0.00166607 -0.0153269 
-0.0142288 0.00585432 -0.0174982 
0.050575 0.0198269 0.0176655 
0.0246972 -0.0386007 -0.0275006 
0.11646 -0.0481058 -0.0487985 
-0.00889124 -0.0183205 -0.0371187 
0.00359486 -0.00289294 -0.0305388 
-0.0191878 0.0414229 0.00491529 
-0.007025 -0.0383304 -0.0166968 
0.013425 0.0232109 -0.0273357 
0.016525 -0.035799 0.010178 
-0.013825 -0.009576899999999999 -0.035127 
0.0616418 0.0454529 0.000635284 
0.0052375 0.0380827 0.0227791 
0.0254717 0.0200068 0.0274619 
0.0555562 0.0405018 -0.001777 
-0.0106547 -0.0414723 -0.00609309 
0.007625 0.0020554 0.0275727 
0.138927 0.0482591 -0.0288054 
-0.0118642 0.0338112 -0.0237567 
0.149638 -0.0369588 -0.0105781 
-0.0210134 0.0199919 -0.0240133 
0.016525 0.0312282 -0.019125 
0.017906 -0.0249395 0.0301889 
-0.020975 0.00157433 -0.0123505 
0.0194306 -0.00714271 -0.029058 
-0.013825 -0.0306919 -0.0106816 
0.0237128 0.0208705 -0.0225168 
0.0205765 -0.00462695 0.0264561 
-0.00875503 0.0426745 0.00759264 
-0.026725 0.0127323 0.000134713 
-0.00626972 0.0236457 -0.0188627 
-0.0114028 0.0039126 0.0244164 
0.0491952 0.0422737 0.00296412 
-0.012825 -0.0401261 -0.00575437 
-0.00106883 0.0317332 0.0280415 
0.00806859 0.0158405 0.0371276 
-0.018525 -0.0207915 0.0248494 
0.00696782 0.00268405 -0.0411698 
-0.0143249 -0.0141967 0.0195778 
0.159545 -0.012804 -0.00597557 
0.0278611 -0.0120643 -0.0380141 
-0.021425 -0.000793255 0.0125992 
0.0715813 0.0152907 0.039265 
-0.0216636 0.0133415 0.0108375 
0.0102606 0.0190417 0.0211112 
0.140149 0.012676 -0.0225645 
0.0267546 0.00646343 0.04695 
-0.00521405 0.0391946 -0.0163599 
-0.000360609 -0.0263053 -0.0332663 
-0.013825 0.031639 0.00323957 
-0.00757101 -0.0406696 0.00764586 
0.009794270000000001 0.0285146 0.0287133 
0.00115097 0.0225948 0.0207539 
0.0689512 0.00839556 0.0401525 
0.145871 0.0351734 -0.000844269 
0.139907 -0.0259994 0.0231769 
0.0262092 -0.0251612 -0.0234503 
-0.0167793 -0.03088 0.0265205 
0.000160573 0.0275725 -0.0323028 
0.14058 -0.00527095 -0.0293533 
0.09764920000000001 0.0440745 -0.0425366 
-0.012825 -0.0324687 0.0184802 
0.108627 0.0465299 0.036712 
0.045575 0.00175768 0.0264512 
0.0045005 -0.025588 -0.00404745 
0.106371 -0.0302867 0.0463455 
0.021025 0.0426257 0.0129839 
0.019425 3.88558e-05 -0.034348 
0.149553 0.0123821 0.0123547 
0.120622 0.0388093 0.0391676 
0.0231734 -0.034358 0.0142051 
0.15544 0.00149125 0.0147307 
-0.0137998 -0.04011 0.0120542 
0.0062028 -0.0170453 -0.0256229 
-0.00236111 -0.0206326 0.0369812 
0.009053429999999999 0.0222404 0.0348156 
-0.0104654 -0.0165454 -0.0128451 
0.0776154 0.0384496 -0.0454698 
0.06648 -0.04551 -0.0357504 
0.015425 -0.00368378 0.0329193 
0.142646 0.0156315 -0.0170904 
-0.0133174 -0.0179234 -0.00399987 
-0.0246931 -0.00591618 -0.0166597 
0.0294441 -0.0168096 -0.0311025 
0.0755238 0.0268939 0.0417704 
0.00462587 0.0131832 -0.027146 
-0.018075 0.00479151 0.00424645 
-0.0187337 0.023652 -0.0271681 
-0.0134315 -0.0034352 -0.0311783 
0.144887 0.0436534 0.0222805 
-0.012825 0.0397176 -3.25684e-05 
0.0475146 0.00451203 0.0341142 
0.0112973 0.0198688 0.0197367 
-0.0181959 -0.0187281 -0.00284751 
-0.0222339 0.0189898 -0.000156318 
0.0517763 0.0466304 -0.0146004 
0.141115 0.000353834 -0.0207992 
0.146882 -0.047405 -0.0223632 
0.14686 -0.0405602 0.00289394 
0.0152519 0.00221052 0.0276535 
0.021025 -0.038507 -0.0192365 
0.011375 0.0149208 -0.0337656 
-0.008844869999999999 0.0187827 -0.0112131 
-0.00498188 0.0406388 0.0119166 
0.009124999999999999 -0.009994879999999999 0.0134349 
0.0989934 -0.0440826 0.0514442 
0.00686047 -0.00422849 0.0410843 
0.00829943 -0.008639549999999999 -0.0302874 
0.11624 0.0438299 0.0476187 
-0.0172909 -0.0125426 0.00513689 
0.152931 0.00568277 -0.0111778 
0.0219597 0.0417979 0.0223478 
-0.0135496 -0.000733003 0.0419718 
-0.0180325 0.00735945 0.0387056 
-0.00555006 -0.0293587 0.00704209 
0.06940830000000001 0.00864853 -0.0404962 
0.009542170000000001 -0.0340393 -0.0219288 
0.00156836 0.0243369 -0.0178576 
0.06300799999999999 0.0515244 -0.00160605 
-0.025225 0.00279883 0.000237135 
0.0314313 -0.0341053 0.00967722 
-0.0193331 -0.00862633 -0.0137976 
0.00091785 -0.0240813 0.0348236 
0.0905957 -0.0383677 -0.0513698 
0.015425 -0.0143701 -0.028008 
-0.0168574 -0.0172147 0.0361296 
0.0776184 0.0293213 0.0425123 
0.008884299999999999 0.022995 -0.0331987 
0.0488086 0.0119127 -0.0212134 
0.07203660000000001 0.0201147 -0.0375281 
-0.008738050000000001 -0.0235545 -0.0345876 
0.093738 0.0520899 0.044558 
-0.0121154 -0.00379675 -0.0417765 
0.07143190000000001 0.0356535 0.0400148 
0.112223 0.03604 0.0439566 
0.146739 0.00637346 -0.0181108 
-0.0185366 0.0189911 -0.00027629 
0.0593436 -0.0198259 0.0309222 
-0.0266669 0.0109383 0.013089 
-0.00655112 -0.00401979 0.0304636 
0.117971 0.0478832 -0.0455381 
-0.016904 -0.0326802 0.0295895 
0.0268997 0.009896739999999999 -0.0424911 
0.050575 0.0241328 0.008988970000000001 
-0.015025 0.00409687 -0.0425022 
0.050575 0.02509 -0.0125573 
0.019425 -0.030091 -0.00136436 
0.15314 -0.00963318 0.00110548 
0.09064609999999999 0.05304 0.0412432 
0.07852720000000001 0.0304761 0.0452682 
-0.012825 -0.0362469 0.00469789 
-0.021025 -0.0143653 0.0357486 
-0.006825 0.009817599999999999 0.0417668 
0.009925 -0.0129341 -0.0151343 
-0.012825 0.00313808 0.0386367 
-0.00175471 0.023771 0.0375878 
-0.0158512 0.008690099999999999 0.0278598 
-0.00631307 0.0263786 -0.033215 
0.0225269 -0.0435654 0.0186286 
0.013425 0.00196729 -0.0315233 
-0.0076786 -0.032956 -0.0250261 
-0.0191656 0.0240099 0.0232379 
-0.008849940000000001 0.009248259999999999 0.0301593 
-0.00180703 0.00771248 -0.029683 
0.07955379999999999 0.0426219 0.0462892 
0.0269772 -0.00506971 -0.034479 
0.143143 0.00563804 0.0157795 
0.15116 -0.0425816 -5.42228e-05 
-0.00769835 0.00102835 0.0258807 
0.0182333 -0.0185828 -0.0345968 
0.048112 0.000368499 -0.0228487 
0.00885873 0.0116637 -0.0174081 
0.009244749999999999 0.00521077 0.0401285 
0.011375 0.0310339 -0.0130887 
0.0526189 -0.0364101 -0.0193726 
0.0621375 0.0466632 0.00535193 
-0.0108597 0.0104218 0.0219003 
-0.012575 0.0120703 -0.0123742 
-0.00184764 0.0410139 0.0171731 
0.00748922 0.00338314 0.0442627 
-0.00567153 0.0319721 0.0279578 
-0.0197752 0.0184703 0.00442145 
0.0601852 -0.009666279999999999 0.0341662 
0.15095 -0.00049022 -0.00699461 
0.101253 0.0512178 -0.0361955 
0.00527666 0.00928648 -0.0198742 
-0.00320717 -0.0229323 -0.0356281 
0.145235 0.0332196 0.00888619 
0.00939455 0.0320744 -0.0291468 
0.00519579 -0.0114107 0.028034 
0.032575 0.0329829 -0.0162483 
-0.020746 0.00348931 -0.0162042 
0.0119023 -0.0258947 -0.0346069 
-0.018075 -0.00075154 0.00764581 
0.0998986 0.0467428 -0.0377918 
-0.012236 -0.0153567 0.0390129 
0.0082015 0.00634667 0.0209944 
0.0223372 -0.009230800000000001 -0.0297566 
0.00178559 0.0444121 0.000402114 
0.050575 0.0189671 0.0220621 
0.146889 0.043562 0.0175926 
-0.0208373 -0.0139102 0.0274498 
-0.015675 0.0167922 -0.00113795 
0.053753 0.0153703 -0.0274378 
-0.012825 0.0335585 -0.0125496 
0.0141254 -0.0294265 0.0108848 
-0.00976145 0.0350966 0.0255827 
0.140058 -0.00601244 -0.0301022 
0.0213573 0.0111406 0.0342539 
-0.015675 -0.0156175 -0.00112378 
0.050575 -0.0189531 0.00934517 
0.147663 0.000355463 -0.009677989999999999 
-0.00509023 0.0424759 -0.000275943 
0.011375 -0.0313703 0.0191031 
-0.020975 -0.000440678 -0.0130614 
0.052921 -0.0424381 0.00892008 
0.0131265 -0.0236376 0.0330802 
-0.008075000000000001 0.0274225 -0.0105044 
-0.00220005 -0.009113929999999999 -0.0287985 
0.06744 -0.0128443 -0.0369541 
0.0651138 0.0525599 0.0157722 
0.0660544 0.0201939 0.0377614 
-0.021025 -0.0374559 0.00526759 
0.011375 0.0242355 -0.0256963 
0.021525 -0.013556 -0.0420978 
0.136406 -0.0422503 0.0298933 
0.009925 -0.0205089 -0.00431468 
0.06450069999999999 -0.0118222 -0.03628 
0.0559064 -0.0260172 0.0177393 
-0.0166441 0.00385836 -0.0298201 
-0.012025 0.0172775 -0.0411163 
0.143088 -0.0130187 0.0254553 
0.142218 -0.00308578 0.0180724 
0.011375 -0.0276149 -0.0196406 
-0.0107592 -0.0283965 -0.0307745 
0.0546616 0.0339924 0.0115521 
-0.0183395 -0.038429 0.00382584 
-0.006825 -0.0181887 -0.039162 
0.116155  -0.03 -0.0464466 
0.152999 -0.00474631 -0.00152244 
0.015425 -0.0339616 -0.00416329 
-0.010575 0.0193769 0.0032763 
0.14322 0.0445324 0.00187715 
0.00877375 -0.0316258 -0.000118564 
-0.00704408 -0.0370292 -0.0196035 
0.0208208 0.0295921 0.0199824 
0.045575 0.0117651 0.0287445 
0.0576317 -0.0374515 -0.0196883 
0.032575 0.0380443 -0.009141140000000001 
-0.012825 -0.00342329 -0.0394379 
0.0660462 -0.0223465 -0.0377546 
-0.015075 0.00536502 0.009169750000000001 
0.0510636 0.0277805 -0.0125033 
0.0857406 0.0487691 0.0352088 
0.045575 0.024492 -0.0166748 
0.143413 0.00206394 0.0248172 
0.0592783 0.0526621 -0.0165834 
0.152575 0.0103395 0.007933539999999999 
0.00961273 -0.022957 0.0343164 
-0.014863 -0.0187574 -0.00686312 
-0.021025 0.0290424 -0.0143098 
0.021025 0.041981 0.0214228 
0.00338079 0.0266637 0.0151592 
0.015425 0.0169526 0.0277932 
-0.018525 -0.0342119 -0.0158239 
0.159575 0.0063315 -0.0120047 
0.0054092 -0.0242997 -0.0180529 
0.0560187 0.0252052 0.0266545 
0.032575 0.0356262 0.0173675 
0.016525 0.0176897 0.0306581 
-0.018525 -0.00283423 -0.0375355 
-0.00989608 0.0134784 0.0191626 
0.13862 -0.00899291 -0.0314589 
0.0561603 0.0350834 -0.0165305 
0.131288 0.03604 0.0337846 
0.153822 -0.009276670000000001 0.00135156 
-0.012825 -0.0318561 -0.0128504 
0.016525 0.0302921 -0.0214164 
0.144406 -0.00847814 -0.0122051 
0.0778882 -0.0489429 -0.0438033 
0.00229979 0.0253532 0.033933 
-0.012825 -0.0354637 0.00105719 
-0.021025 0.013536 0.0313847 
-0.015525 0.00523249 -0.034443 
0.00753326 -0.0106632 -0.0282252 
0.0160101 -0.0165907 -0.0307901 
-0.0186273 0.0201116 0.0201674 
-0.00966969 0.0411711 0.008022649999999999 
0.0184181 0.0191742 0.0365615 
-0.012825 -0.0161386 -0.0327398 
-0.006825 0.037574 0.0185869 
0.07990269999999999 0.0447345 -0.0364095 
-0.0186929 0.0139909 -0.0128537 
0.023525 0.0316908 0.0259392 
-0.018525 0.0244926 -0.0267903 
-0.012575 0.00578939 -0.0139399 
0.161545 -0.00661003 -0.00885238 
-0.0122871 0.0410138 -0.00176888 
0.000528083 0.0423247 0.0135991 
-0.021025 -0.0217941 -0.032932 
-0.0146973 0.0466953 -0.0014137 
0.0606617 -0.032387 -0.030803 
0.0541151 -0.0372508 0.0239215 
-0.0008940760000000001 0.00962879 0.0240452 
0.150575 -0.00396666 0.0101719 
-0.0155219 -0.00854007 0.0330647 
0.06437619999999999 0.00709095 -0.0306804 
0.013425 0.0269829 0.0133963 
-0.00717527 -0.025244 0.00580863 
0.023575 0.0277252 -0.0284103 
0.013425 0.00325184 0.0368872 
0.136046 -0.0452891 -0.0364256 
0.000503176 -0.00107423 -0.0423204 
0.150912 -0.0163423 0.00562309 
0.128058 -0.04551 -0.0424124 
-0.012825 0.0349646 0.0164575 
-0.0144402 0.0141 -0.039538 
0.06581040000000001 0.0481009 0.0196402 
0.015425 -0.00170929 -0.0293118 
-0.0109675 -0.0380371 -0.0165891 
-0.0174739 0.0164198 -0.0260638 
0.023525 0.0186893 0.0402944 
0.00586222 0.0208733 0.02259 
0.149761 -0.0348163 -0.00534679 
0.032575 0.0373783 -0.00367516 
0.065209 -0.0359064 -0.0369988 
0.0109695 0.0185853 -0.0263954 
-0.00221443 0.0246539 -0.0343755 
-0.00969914 0.0419555 0.000517942 
0.00775575 0.0317113 -0.0308587 
0.124997 0.0392872 0.0436077 
-0.014619 -0.039735 0.0231149 
0.020747 -0.0227869 -0.0275474 
0.104601 0.05304 -0.0425257 
-0.00362836 0.0111446 -0.0407702 
-0.015675 -0.00165363 0.0155378 
0.021093 0.022731 0.0144725 
0.00161261 0.00583844 0.0419076 
0.0195392 -0.0251744 0.0102506 
0.0756734 -0.0372222 0.0454797 
-0.00637198 0.015299 0.0395811 
0.160132 -0.00130781 -0.0111705 
0.0196974 -0.0348586 0.00424854 
-0.00287799 -0.00708995 -0.0249682 
0.07712430000000001 -0.035581 -0.0452573 
-0.00427994 0.00749581 0.0418233 
-0.0200877 0.0123944 -0.038972 
0.142082 0.00656978 0.0271985 
-0.008075000000000001 0.0283683 -0.00191299 
0.0197553 0.0009978739999999999 -0.0350677 
0.159289 0.00535148 0.0131966 
-0.012825 0.00197367 0.0344077 
-0.0131184 -0.0258132 0.006084 
0.152449 0.0145248 -0.00684628 
0.14204 0.0065635 0.0185428 
-0.00918979 -0.017481 0.0396628 
0.13365 -0.0438675 0.040426 
0.015425 0.031097 -0.0129196 
-0.00177454 -0.0113375 -0.0407144 
0.006575 -0.0285667 -0.0298425 
0.139626 0.0102692 -0.0307221 
0.100689 -0.0446819 -0.048928 
0.0223947 -0.000544026 0.0393224 
0.009124999999999999 0.0169957 -0.0035559 
0.145311 0.03604 -0.0148062 
0.114584 0.0442608 -0.0481736 
-0.0110482 -0.0118188 -0.0416963 
0.0244241 -0.0420242 0.0218212 
0.023575 0.0400323 0.0163194 
-0.0164695 -0.0420059 -0.0148361 
0.0555518 0.030177 0.0148591 
-0.007025 -0.0361536 -0.0205348 
0.00197785 -0.0343986 0.0246113 
-0.007025 -0.0162336 -0.0388448 
0.024425 0.0256147 0.0188613 
0.137036 0.0426317 0.0234906 
-0.012825 0.021602 0.0285069 
-0.00741291 -0.00725675 -0.0427975 
0.023525 -0.0386589 -0.0141724 
-0.012825 0.0274335 0.0270401 
0.00952594 -0.0378 0.0166602 
-0.012575 0.013584 -0.009400820000000001 
0.009465579999999999 -0.0401821 0.00479387 
-0.00763254 8.7387e-05 0.030178 
-0.021025 0.0372701 -0.008152899999999999 
-0.021425 0.00150602 0.0126715 
0.00611807 0.0216245 -0.00354408 
-0.0236464 0.018444 -0.00449034 
0.0176608 -0.0329695 -0.0209765 
-0.0116162 0.0415771 -0.00491073 
-0.012825 -0.0100281 -0.032239 
0.140727 0.0530367 -0.0141226 
5.32398e-05 -0.0007205100000000001 0.0301972 
0.0600439 0.0369271 0.00461138 
0.00374726 0.041944 -0.00635537 
0.0532357 -0.0421044 0.0179231 
0.0220322 -0.0469598 -0.00602622 
-0.012025 -0.0477896 0.000371038 
-0.017456 0.0265158 0.00658123 
-0.00725119 -0.0226124 -0.00627418 
-0.025225 0.0107108 -0.00243602 
0.00292439 0.0171402 -0.0194826 
0.0675775 0.050453 -0.0285975 
-0.0119909 -0.0279482 0.0304305 
0.006575 -0.023264 -0.0345417 
0.145524 -0.039947 -0.026283 
0.007818490000000001 0.0221801 -0.0381527 
0.141662 0.00318872 -0.0278011 
0.115937 -0.0358363 -0.0434908 
-0.00726664 -0.0430006 0.00570855 
0.0165827 -0.0375402 0.000671975 
-0.012025 -0.0390842 -0.0224543 
0.0667925 0.0372632 -0.0229067 
-0.0138548 -0.0196308 -0.0425579 
0.0483731 -0.0307887 -0.0172594 
0.103342 -0.0436207 0.0472306 
0.0482324 -0.0340041 0.00885673 
0.071575 0.0111268 -0.0401153 
0.003404 0.0269596 0.0353513 
0.00650548 -0.0421203 -0.00439282 
-0.0123414 -0.0215645 -0.0029495 
0.0526417 -0.0121453 -0.0332221 
-0.0198621 0.01707 0.008281719999999999 
-0.00137301 -0.0300998 0.00227897 
0.160277 -0.0126252 0.00600636 
0.0492351 -0.0239093 -0.0261102 
0.0307352 -0.00129986 -0.0398478 
-0.012575 -0.0179566 -0.000835817 
0.155351 -0.012746 0.0111745 
0.0741662 -0.0293985 -0.0435652 
0.0498636 -0.000252975 -0.0228178 
0.0594791 -0.0383824 0.0232435 
0.006575 0.0383813 0.0165662 
0.07549740000000001 0.05304 -0.0322221 
-0.0229762 0.00580651 0.0167541 
0.0299899 0.0313626 -0.0165738 
0.013403 0.00126348 0.0398775 
0.0234777 -0.0380907 -0.010702 
0.123396 0.0386448 -0.0444902 
-0.008075000000000001 -0.00717896 -0.0282399 
0.08864080000000001 -0.0399037 -0.0517901 
-0.008075000000000001 0.0248596 0.0100239 
0.0527942 -0.0429987 0.0202269 
-0.012025 0.0203927 0.0389879 
-0.012025 -0.0315034 -0.0305155 
0.011375 0.00402545 0.0354942 
0.0509907 0.0299206 0.019885 
0.0657205 0.0224934 0.03388 
-0.0107673 -0.0385853 0.0199562 
0.0227881 0.017653 0.0351007 
0.141185 -0.0157346 -0.0207006 
0.0258096 -0.0354767 0.0315189 
0.135722 -0.0431463 0.030611 
0.117902 0.04864 0.0362201 
-0.0157737 0.0432374 0.0130434 
-0.0172141 0.0430482 0.008011809999999999 
-0.026725 0.0046689 0.0124363 
0.112393 0.0419585 0.0488079 
-0.00433473 0.0352738 -0.023657 
0.0643075 0.0491958 0.0137546 
0.027575 0.0388193 -0.0205577 
0.148137 0.0145492 -0.0138446 
-0.018075 0.00707132 0.0131602 
0.125537 0.0476145 -0.027645 
0.145917 -0.0313306 0.00151874 
0.0838296 0.0507198 0.0410989 
0.07145219999999999 -0.00342252 -0.0371443 
-0.012575 0.014152 -0.00918768 
-0.012703 -0.00274678 -0.0326489 
0.08528330000000001 0.0447242 -0.0483866 
-0.00537341 -0.0322519 -0.0276249 
-0.012575 -0.0042892 0.0132461 
-0.00914355 0.0242054 -0.0359528 
0.0223581 -0.033065 0.0340946 
0.115705 0.0500875 -0.0440627 
0.023525 -0.0457177 -0.012231 
-0.0125919 -0.0375429 0.0187705 
0.0181727 -0.0382594 0.008724249999999999 
0.009774929999999999 -0.00597214 0.0400381 
0.0592805 0.05304 0.0103173 
-0.021025 -0.0313159 -0.0147068 
-0.013075 0.0113665 -0.000507237 
0.00677036 -0.00217003 -0.0411274 
0.114739 0.05304 -0.0405917 
0.109043 -0.0365087 -0.0499595 
-0.008075000000000001 0.00804621 -0.0251484 
0.0248646 -0.0317098 0.0112399 
-0.0101044 0.0314739 0.0277133 
-0.00883891 0.0177002 -0.0395785 
0.00324041 0.0353106 -0.0234487 
-0.006825 -0.0375732 -0.0211584 
0.156087 0.0173737 -0.00633035 
-0.0118786 0.0116986 0.0296589 
-0.009075 0.00157284 -0.0419086 
0.071575 -0.00441768 -0.0389324 
0.145894 0.00156616 -0.00626631 
-0.017475 0.00166743 -0.00415776 
0.129093 0.0393189 0.0268458 
-0.0179022 -0.00351533 0.0310832 
0.00964403 0.0352177 0.0252259 
-0.00264061 0.0172542 0.0193181 
0.153475 -0.0140748 0.00219821 
-0.009295940000000001 0.0287726 -0.0131928 
0.063058 0.04564 0.0280016 
-0.015525 0.0319354 -0.0139132 
-0.0150166 -0.00498932 0.0177328 
0.00865696 -0.00741104 -0.0427662 
0.130311 0.0500328 -0.0354848 
0.050575 0.0269675 -0.00916257 
0.00293813 0.0121341 -0.0405805 
0.116716 0.0502517 0.0435331 
0.024425 -0.0321153 -0.00467533 
-0.00749408 -0.00106464 0.0414187 
0.0591539 -0.0363358 0.0307243 
0.0144459 0.0132884 0.0235728 
0.138965 -0.0191763 -0.0244531 
0.000711453 -0.0148627 -0.0418682 
-0.013825 -0.0365931 -0.0136976 
0.0222077 0.0376961 -0.0109542 
0.019425 0.0193644 0.0199657 
0.0504548 0.0369627 -0.0119137 
-0.0132987 -0.00170836 0.00469061 
0.023575 0.0217386 -0.0412471 
0.073142 -0.0230253 0.038248 
0.024425 0.00329539 -0.0276383 
-0.0105117 -0.0106161 -0.0214512 
0.007827229999999999 0.016156 0.0267709 
0.0987213 0.0403123 -0.0411788 
0.00492451 0.0155096 0.0394543 
0.0556596 -0.009120039999999999 -0.0342763 
-0.000713483 0.0422592 0.0009858029999999999 
-0.0111927 -0.0420319 -0.0185191 
0.144869 -0.0100919 0.0100693 
0.108474 -0.0332809 -0.0496822 
0.0612972 -0.0223079 -0.0262912 
-0.008978079999999999 -0.0150351 -0.017983 
-0.026725 0.0103989 -0.0104304 
-0.022471 0.00469243 -0.0116174 
0.0466062 0.0271567 0.000348186 
-0.013825 0.0231799 -0.0322491 
-0.018525 -0.0358952 -0.0161769 
0.15657 0.00202006 -0.0138499 
0.00291068 0.0164585 -0.0259398 
0.013425 -0.0194107 0.030895 
0.00232999 0.0229992 0.0354489 
-0.012825 0.00222477 0.0381623 
0.013425 -0.0268903 0.0155726 
-0.000224708 0.0116464 -0.0279311 
-0.013825 0.0314261 0.0239397 
-0.012825 -0.0396054 -0.00130929 
0.11373 0.0482667 -0.0466423 
0.023525 -0.0277772 -0.0346394 
0.09542639999999999 0.0489844 -0.0444045 
0.00478184 -0.0103612 0.043269 
0.02772 -0.0136085 0.032568 
-0.0118373 0.0181503 0.0394741 
0.0624927 0.0177014 -0.0342754 
0.0264424 -0.0436594 -0.0186969 
0.028313 0.010301 -0.0338354 
-0.00899061 7.85805e-05 -0.0234086 
0.00625888 0.0277984 -0.0130292 
0.021025 0.037047 0.0215395 
-0.003378 0.0351462 0.0236206 
0.045575 -0.0160435 -0.0228816 
0.012954 -0.0208702 -0.0191457 
0.015425 -0.0198049 0.0244808 
0.00499292 -0.00774203 0.0291971 
0.0323555 0.0348875 -0.00582236 
-0.0204762 0.0135422 -0.0133069 
0.0656272 -0.0137958 -0.0373283 
0.00674364 -0.0301301 -0.00159209 
-0.021025 0.0224152 0.0319424 
0.131746 0.0473138 0.0375541 
0.023575 0.0201039 0.0367857 
0.019425 0.00951565 0.0257651 
0.0122498 -0.00644845 0.0428167 
0.021525 -0.0427752 -0.009946740000000001 
0.149226 0.000616265 -0.00741385 
0.0239558 -0.0252629 0.00927425 
-0.0166892 -0.0200611 0.0394186 
-0.00486486 0.042213 -0.00464126 
0.06272229999999999 0.05304 -0.0118821 
-0.0077792 -0.0223817 -0.0419583 
0.0694837 -0.0423985 -0.0435349 
-0.00397501 -0.0140427 0.0421457 
0.0862313 0.0518337 0.0431864 
-0.0138158 0.0272582 -0.0315551 
-0.012825 0.00525959 -0.0342889 
0.06963569999999999 0.0383579 0.0406584 
0.0606275 0.0382545 0.0225919 
-0.0141461 -0.0220543 -0.0356373 
0.009925 -0.0208858 0.00778468 
0.0574609 -0.039422 -0.0318694 
0.0202861 0.0240626 -0.0120721 
0.0249797 -0.032738 -0.008343110000000001 
0.0747794 -0.041875 -0.0402842 
-0.0185645 0.0181179 0.0331453 
-0.018525 -0.011888 0.0298461 
0.15091 -0.000384602 0.00698178 
0.137388 -0.0288821 -0.0268561 
0.013425 0.0241651 -0.0273104 
0.00683576 -0.0155888 0.0415708 
0.0182574 -0.000712001 -0.039252 
0.0539031 -0.00420886 -0.0351292 
0.0233986 0.0313907 -0.0203702 
-0.0175666 -0.0383595 -0.00879155 
-0.009167639999999999 -0.000748551 0.0316385 
-0.0170669 0.008093639999999999 0.014043 
0.08123710000000001 0.0475642 0.0348685 
0.146433 -0.0444871 -0.0244966 
0.0832919 0.04564 -0.04504 
-0.0149965 -0.00425734 -0.0454008 
0.158057 -0.0120691 -0.0113354 
0.142985 -0.04951 0.020971 
0.0507315 0.0135482 0.0267136 
0.151815 0.00420386 0.0117653 
0.00662474 0.00839117 -0.0395072 
0.008425 0.0209549 0.0163105 
0.00503934 -0.0280579 0.0112246 
-0.0128633 0.0143701 -0.0219455 
-0.0211818 0.00479652 -0.015828 
0.149866 0.0402192 -0.00234342 
0.0500581 0.00572313 -0.02594 
-0.00740324 -0.0241731 -0.00943331 
0.133126 -0.0281051 -0.0376199 
0.000883069 0.0126315 -0.0426507 
0.0569738 0.03604 -0.010258 
-0.00710791 0.0120088 0.0442837 
0.1431 -0.0191981 0.0163805 
0.0108954 -0.017049 0.036181 
0.149286 -0.000691528 -0.00746885 
-0.020975 0.00439429 -0.00430916 
-0.008158550000000001 0.009033340000000001 0.040381 
0.0685162 0.0214851 -0.0398109 
-0.000798532 0.00939363 0.0412144 
-0.013895 -0.0328108 0.00694286 
0.0206926 0.00325511 -0.035434 
-0.013825 -0.029285 -0.0259935 
0.0530166 0.0451292 -0.0192523 
0.113549  0.035 0.0456578 
0.140311 -0.0199198 -0.0296824 
0.148557 -0.00280847 -0.00410722 
-0.0115534 0.0277257 0.0334879 
0.142494 -0.03551 0.0229768 
0.06510009999999999 -0.0446794 0.0326611 
0.008425 0.0227774 -0.00731855 
-0.0150673 0.0176654 -0.00124038 
0.00305248 -0.0249738 -0.0341482 
0.0101539 0.00718744 0.0256372 
-0.00305694 0.0200464 -0.0164494 
0.015425 -0.0121453 0.0276484 
0.103078 -0.0364713 0.0462323 
-0.00893067 -0.0450831 0.00852222 
0.14451 -0.00608729 -0.0117694 
-0.020975 -0.0121001 -0.00526351 
-0.0106346 0.0407901 0.0146612 
0.00500883 0.021214 0.0149123 
0.00386841 0.0116402 -0.0407494 
-0.00626233 0.00514435 -0.0297432 
0.0191749 0.00289473 0.0412263 
-0.015475 0.00189799 0.000307971 
-0.015525 0.0104505 -0.0327996 
0.09377630000000001  0.035 -0.0477655 
0.0154702 -0.0177893 -0.0371903 
-0.021025 0.0143815 0.0322781 
-0.0101521 -0.00674333 -0.0453776 
0.009925 0.00810775 -0.019327 
-0.013629 -0.015635 0.0172654 
-0.0178016 -0.0203675 -0.0187309 
0.0503908 -0.0430613 0.019674 
0.13565 0.0435117 0.0112709 
0.0576895 0.0169545 -0.0265231 
0.00590283 -0.0201048 0.00874576 
0.135926 0.0245727 -0.0289905 
0.0498063 -0.0130295 -0.01626 
0.0471564 -0.0388117 -0.00217281 
0.0494669 0.0147257 0.0322543 
-0.018525 -0.0331664 -0.00442282 
0.08064250000000001 0.04564 0.035769 
-0.012626 -0.0138372 -0.0396119 
-0.0159484 0.00336322 0.0290724 
0.16135 0.0129128 0.00513435 
0.157815 -0.0159471 -0.009333549999999999 
-0.012575 -0.000486534 0.0158372 
-0.00625429 -0.0134782 -0.0221208 
-0.013825 0.0390612 0.00387195 
0.027575 0.0427535 0.00293179 
0.0478708 0.020719 -0.00326077 
-0.0012794 -0.0421935 0.00350321 
-0.013825 -0.0352002 -0.0206682 
-0.0116281 0.00138031 -0.0433346 
0.0481169 -0.000279893 -0.0209809 
0.132055 -0.04551 0.0365837 
0.015425 -0.0231151 0.0164171 
0.018076 -0.0386333 -0.00666879 
0.011375 0.0209214 -0.0264586 
0.0533624 -0.0407894 0.0258523 
0.0243594 -0.010485 0.0401222 
0.0796798 0.0450991 -0.0360435 
-0.010575 -0.00477652 -0.0166967 
0.0253586 0.0460701 0.0113246 
0.150575 0.00878435 0.008184510000000001 
-0.008012709999999999 -0.0296582 -0.009329270000000001 
0.023575 -0.0319946 0.0206407 
-0.0185469 0.00810982 -0.0141111 
0.0192314 -0.008563609999999999 -0.0384049 
0.008215790000000001 -0.0163432 0.0378652 
0.00872209 0.0186699 0.0368194 
0.149557 0.0377034 0.00565562 
0.0117077 -0.00437237 -0.0266719 
0.00742306 -0.0251928 0.00651068 
0.021025 -0.0131499 -0.0408343 
0.013425 0.0248649 0.0205141 
0.0193236 -0.00598164 -0.0409056 
0.0241492 0.024241 0.011561 
0.118083 0.0490639 -0.033128 
0.146897 -0.0426479 0.000729261 
0.142252 0.000645498 -0.0269531 
-0.00681777 0.0171528 0.0194098 
0.009925 0.0228249 -0.00543499 
0.0153212 -0.0270608 0.00697319 
0.101334 0.048346 -0.0377918 
0.0289373 0.0240764 0.0318282 
0.0655154 0.0483909 -0.0165906 
-0.0181191 0.0273307 -0.0275338 
-0.0119573 0.0140347 -0.043663 
0.154729 0.009787199999999999 -0.0156629 
0.00216279 -0.0259271 -0.0335202 
-0.008732119999999999 -0.0419052 -0.0110814 
-0.012825 0.0215686 -0.0326256 
-0.010854 0.0242925 0.0359784 
0.011375 -0.0279291 0.0233322 
-0.021025 0.0222321 -0.0320309 
-0.015075 0.00198632 0.008925239999999999 
0.0047618 0.008775120000000001 0.0243927 
0.027575 -0.0373885 0.0181437 
0.013425 0.0327383 0.0157744 
0.0236507 5.37534e-05 -0.0474293 
-0.00684242 -0.0195831 -0.0170108 
0.0216054 0.0392533 0.00107849 
-0.0037229 -0.0181773 0.0185145 
0.159123 -0.00148663 -0.0123699 
0.0161408 0.0152083 -0.0314881 
-0.0197015 0.0140402 0.0260053 
0.140633 0.0437886 -0.000402388 
0.027804 0.0143079 0.0371975 
0.126877 0.04164 0.028287 
0.000295029 0.0277539 -0.0131366 
0.137435 0.03604 -0.0234114 
-0.012825 0.00337447 0.0331333 
-0.0126226 -0.0137111 0.0121795 
0.123545 -0.0454777 -0.0413935 
-0.0207787 -0.008545209999999999 0.0148492 
-0.0158875 -0.010833 -0.0164279 
0.0482147 0.0318633 0.0147982 
0.124816 -0.0308083 0.0437322 
0.023525 -0.0259615 0.0306703 
0.159575 0.00434183 -0.00448038 
-0.0204401 0.032815 -0.00899059 
0.0165477 0.0397765 -0.0112703 
-0.00455122 -0.0162835 0.0260656 
0.137779 0.0172734 0.0314121 
0.0303738 0.0146775 0.0370629 
-0.012825 -0.0407659 0.00777029 
-0.012825 0.0373419 -0.0166641 
0.009925 -0.0105568 -0.0193582 
0.0161519 -0.013214 -0.0391791 
-0.026725 -0.00361365 0.00596042 
0.050575 -0.0109238 0.0277228 
0.140128 0.0148162 0.0300013 
-0.0021936 0.0141088 0.0399661 
0.144764 0.0177896 -0.0109597 
0.011375 0.0339905 -0.00738067 
-0.00260094 -0.0443319 -0.00265083 
0.0849999 0.046549 -0.0478543 
0.015425 0.0165487 -0.0303207 
0.007625 -0.0110454 -0.0242654 
0.07471 -0.0298753 0.0395059 
0.00754834 -0.0293828 -0.010068 
0.0872289 -0.0322657 0.0448124 
0.06890549999999999 0.009092909999999999 0.040117 
-0.022522 -0.0147549 0.011926 
3 176 20 323 
3 609 307 790 
3 728 609 790 
3 326 728 790 
3 20 675 323 
3 178 326 790 
3 221 67 315 
3 67 831 315 
3 615 549 323 
3 549 176 323 
3 103 615 323 
3 103 831 615 
3 315 385 514 
3 831 385 315 
3 568 8 790 
3 307 568 790 
3 418 609 839 
3 418 307 609 
3 176 331 20 
3 331 141 20 
3 382 675 20 
3 672 673 518 
3 673 224 518 
3 224 673 672 
3 224 602 518 
3 656 164 221 
3 829 658 216 
3 609 235 839 
3 8 574 790 
3 675 119 323 
3 119 103 323 
3 119 675 326 
3 178 119 326 
3 574 119 178 
3 103 119 831 
3 119 574 831 
3 26 385 831 
3 568 26 8 
3 829 517 631 
3 235 483 839 
3 483 235 60 
3 899 568 307 
3 418 899 307 
3 899 418 839 
3 483 899 839 
3 26 899 514 
3 899 26 568 
3 899 60 514 
3 899 483 60 
3 518 697 137 
3 799 697 518 
3 474 651 799 
3 474 799 518 
3 651 474 518 
3 529 221 315 
3 117 93 672 
3 369 331 176 
3 789 224 672 
3 331 789 141 
3 369 789 331 
3 93 789 672 
3 789 93 141 
3 141 845 20 
3 845 382 20 
3 382 845 141 
3 93 803 141 
3 117 803 93 
3 803 117 672 
3 658 955 216 
3 955 687 216 
3 687 955 658 
3 687 190 216 
3 190 829 216 
3 190 651 518 
3 134 829 631 
3 829 134 658 
3 164 134 221 
3 134 164 658 
3 358 692 768 
3 551 692 701 
3 692 551 768 
3 583 164 656 
3 358 583 656 
3 583 358 768 
3 583 687 658 
3 164 583 658 
3 725 358 656 
3 235 725 656 
3 692 725 701 
3 725 692 358 
3 701 725 609 
3 725 235 609 
3 548 178 790 
3 574 548 790 
3 548 574 178 
3 26 196 8 
3 196 26 831 
3 196 574 8 
3 574 196 831 
3 385 642 514 
3 642 26 514 
3 26 642 385 
3 564 517 829 
3 190 564 829 
3 532 656 221 
3 529 532 221 
3 532 529 656 
3 827 529 315 
3 529 827 623 
3 827 315 514 
3 140 529 623 
3 827 140 623 
3 529 140 656 
3 60 140 514 
3 140 827 514 
3 235 140 60 
3 140 235 656 
3 440 549 615 
3 349 382 141 
3 803 349 141 
3 382 349 675 
3 675 349 326 
3 349 728 326 
3 202 803 672 
3 202 518 137 
3 202 672 518 
3 124 602 950 
3 564 124 950 
3 124 564 190 
3 602 124 518 
3 124 190 518 
3 992 551 651 
3 190 992 651 
3 992 190 687 
3 551 992 768 
3 992 583 768 
3 583 992 687 
3 167 67 221 
3 134 167 221 
3 831 167 615 
3 67 167 831 
3 167 749 615 
3 167 134 631 
3 167 629 749 
3 629 167 631 
3 440 587 698 
3 517 587 631 
3 587 629 631 
3 629 587 749 
3 587 440 615 
3 749 587 615 
3 152 300 698 
3 300 152 517 
3 587 152 698 
3 152 587 517 
3 754 602 247 
3 602 754 950 
3 754 564 950 
3 564 754 517 
3 754 300 517 
3 440 359 549 
3 359 440 369 
3 549 359 176 
3 359 369 176 
3 440 985 369 
3 754 985 300 
3 300 985 698 
3 985 440 698 
3 366 349 803 
3 202 366 803 
3 728 366 609 
3 349 366 728 
3 366 701 609 
3 356 789 369 
3 789 356 224 
3 602 356 247 
3 356 602 224 
3 985 674 369 
3 674 356 369 
3 356 674 247 
3 366 697 799 
3 651 366 799 
3 551 366 651 
3 697 366 137 
3 366 551 701 
3 366 202 137 
3 674 985 754 
3 674 754 247 
Vertices and facets:
- p176(v21): -0.014 -0.024 0.043
  neighbors: f78 f161 f226 f344 f515 f516
- p20(v7): -0.0093 0.00096 0.046
  neighbors: f78 f126 f226 f227 f234 f355 f356
- p323(v3): 0.099 -0.044 0.051
  neighbors: f78 f126 f160 f161 f164 f285 f286
- p307(v25):  0.14 0.044 0.022
  neighbors: f98 f188 f194 f318 f319
- p609(v15):  0.14 0.053 -0.014
  neighbors: f98 f103 f193 f194 f274 f403 f404 f526 f529
- p790(v8):  0.13 0.047 0.038
  neighbors: f98 f103 f105 f134 f187 f188 f281 f405 f406
- p728(v26):  0.12  0.05 0.044
  neighbors: f103 f105 f460 f526 f527
- p326(v16):  0.12 0.044 0.048
  neighbors: f105 f134 f287 f288 f459 f460
- p675(v30):  0.11 0.042 0.049
  neighbors: f126 f234 f285 f287 f458 f459
- p178(v31):  0.12 0.041 0.046
  neighbors: f134 f288 f289 f405 f407
- p67(v35):  0.12 -0.05 -0.047
  neighbors: f154 f155 f482 f485
- p221(v19):  0.12 -0.048 -0.049
  neighbors: f154 f259 f333 f385 f434 f435 f482 f483
- p315(v10):  0.15 -0.047 -0.022
  neighbors: f154 f155 f172 f173 f333 f437 f439
- p831(v22):  0.14 -0.05 0.021
  neighbors: f155 f165 f173 f290 f291 f293 f409 f411 f484 f485
- p549(v37): -0.015 -0.04 0.023
  neighbors: f160 f161 f452 f513 f515
- p615(v12): -0.012 -0.048 0.00037
  neighbors: f160 f164 f165 f452 f484 f486 f500 f501
- p103(v38):  0.12 -0.048 0.046
  neighbors: f164 f165 f286 f290
- p385(v39):  0.15 -0.043 -5.4e-05
  neighbors: f172 f173 f293 f412 f414
- p514(v1):  0.16 -0.0066 -0.0089
  neighbors: f172 f322 f324 f412 f413 f439 f445 f446
- p568(v42):  0.16 0.0054 0.013
  neighbors: f187 f188 f296 f318 f323
- p8(v13):  0.16 -0.0078 0.017
  neighbors: f187 f281 f296 f408 f410
- p418(v43):  0.15 0.044 0.018
  neighbors: f193 f194 f319 f320
- p839(v14):  0.15  0.04 -0.0023
  neighbors: f193 f274 f314 f320 f321
- p331(v50): -0.018 0.0074 0.039
  neighbors: f226 f227 f344 f349 f352
- p141(v29): -0.011  0.02 0.043
  neighbors: f227 f349 f354 f355 f357 f358 f456 f457
- p382(v51):  0.08 0.043 0.046
  neighbors: f234 f356 f357 f456 f458
- p673(v52): -0.017 0.043 0.008
  neighbors: f239 f240 f241
- p672(v17): -0.016 0.043 0.013
  neighbors: f239 f241 f339 f348 f353 f362 f464 f466
- p518(v9): -0.015 0.047 -0.0014
  neighbors: f239 f240 f246 f327 f328 f330 f331 f376 f465 f466 f474 f475
- p224(v32): -0.019 0.041 0.0049
  neighbors: f240 f241 f246 f348 f533 f535
- p602(v54): -0.021 0.037 -0.0082
  neighbors: f246 f471 f474 f506 f507 f534 f535
- p164(v56):  0.11 -0.039 -0.051
  neighbors: f259 f385 f386 f393 f398
- p656(v34):  0.12 0.039 -0.044
  neighbors: f259 f393 f394 f399 f400 f434 f436 f444 f448
- p829(v57): -0.015 -0.0043 -0.045
  neighbors: f262 f310 f372 f382 f383 f426 f428
- p658(v33): 0.089 -0.04 -0.052
  neighbors: f262 f368 f370 f383 f386 f397 f398
- p216(v11): -0.0099 0.00011 -0.046
  neighbors: f262 f368 f369 f371 f372
- p235(v59):  0.14 0.048 -0.029
  neighbors: f274 f314 f315 f400 f404 f447 f448
- p574(v60):  0.13 -0.044  0.04
  neighbors: f281 f289 f291 f406 f407 f410 f411
- p119(v61):  0.12 -0.047 0.047
  neighbors: f285 f286 f287 f288 f289 f290 f291
- p26(v62):  0.16 -0.01 0.0094
  neighbors: f293 f296 f322 f323 f408 f409 f413 f414
- p517(v65): -0.021 -0.022 -0.033
  neighbors: f310 f426 f497 f503 f505 f511 f512
- p631(v23): -0.014 -0.02 -0.043
  neighbors: f310 f382 f488 f494 f497 f498
- p483(v66):  0.16 0.0063 -0.012
  neighbors: f314 f315 f321 f325
- p60(v28):  0.16 0.0039 -0.013
  neighbors: f315 f324 f325 f445 f447
- p899(v67):  0.16 0.013 0.0051
  neighbors: f318 f319 f320 f321 f322 f323 f324 f325
- p697(v68): 0.059 0.053  0.01
  neighbors: f327 f328 f540 f543
- p137(v2): 0.074 0.053 0.032
  neighbors: f327 f465 f543 f545
- p799(v44): 0.063 0.053 -0.012
  neighbors: f328 f329 f330 f540 f541
- p474(v69): 0.059 0.053 -0.017
  neighbors: f329 f330 f331
- p651(v46): 0.075 0.053 -0.032
  neighbors: f329 f331 f376 f476 f477 f541 f542
- p529(v70):  0.14 -0.045 -0.036
  neighbors: f333 f435 f436 f437 f438 f442 f444
- p117(v71): -0.0095 0.042 0.018
  neighbors: f339 f360 f362
- p93(v48): -0.0071 0.026 0.039
  neighbors: f339 f353 f354 f358 f360
- p369(v73): -0.021 -0.014 0.036
  neighbors: f344 f352 f514 f516 f517 f530 f536 f537
- p789(v74): -0.021 0.022 0.032
  neighbors: f348 f349 f352 f353 f354 f530 f533
- p845(v75): -0.0071 0.012 0.044
  neighbors: f355 f356 f357
- p803(v76): 0.086 0.052 0.043
  neighbors: f358 f360 f362 f457 f464 f524 f525
- p955(v77): 0.024 5.4e-05 -0.047
  neighbors: f368 f369 f370
- p687(v55): 0.085 0.045 -0.048
  neighbors: f369 f370 f371 f397 f478 f481
- p190(v78): -0.013 0.024 -0.043
  neighbors: f371 f372 f376 f428 f473 f475 f477 f478
- p134(v80): 0.086 -0.045 -0.051
  neighbors: f382 f383 f385 f386 f483 f488
- p692(v81):  0.12  0.05 -0.044
  neighbors: f389 f391 f392 f401 f402
- p358(v58):  0.12 0.048 -0.046
  neighbors: f389 f394 f395 f399 f402
- p768(v5):  0.11 0.048 -0.047
  neighbors: f389 f392 f395 f479 f480
- p551(v79):   0.1 0.053 -0.043
  neighbors: f391 f392 f476 f479 f542 f544
- p701(v45):  0.11 0.053 -0.041
  neighbors: f391 f401 f403 f529 f544
- p583(v82):  0.11 0.044 -0.048
  neighbors: f393 f394 f395 f397 f398 f480 f481
- p725(v83):  0.13  0.05 -0.035
  neighbors: f399 f400 f401 f402 f403 f404
- p548(v84):  0.12 0.039 0.044
  neighbors: f405 f406 f407
- p196(v85):  0.16 -0.012 0.014
  neighbors: f408 f409 f410 f411
- p642(v86):  0.16 -0.013 0.006
  neighbors: f412 f413 f414
- p564(v89): -0.02 0.012 -0.039
  neighbors: f426 f428 f472 f473 f510 f511
- p532(v91):  0.13 -0.046 -0.042
  neighbors: f434 f435 f436
- p827(v92):  0.15 -0.044 -0.024
  neighbors: f437 f438 f439 f443 f446
- p623(v47):  0.15 -0.04 -0.026
  neighbors: f438 f442 f443
- p140(v93):  0.16 0.0014 -0.017
  neighbors: f442 f443 f444 f445 f446 f447 f448
- p440(v94): -0.021 -0.037 0.0053
  neighbors: f452 f496 f500 f513 f514 f517 f523
- p349(v95): 0.094 0.052 0.045
  neighbors: f456 f457 f458 f459 f460 f524 f527
- p202(v96): 0.084 0.053 0.039
  neighbors: f464 f465 f466 f525 f545
- p124(v97): -0.018 0.024 -0.035
  neighbors: f471 f472 f473 f474 f475
- p950(v20): -0.021 0.022 -0.032
  neighbors: f471 f472 f507 f510
- p992(v98): 0.085 0.047 -0.048
  neighbors: f476 f477 f478 f479 f480 f481
- p167(v99): 0.078 -0.05 -0.048
  neighbors: f482 f483 f484 f485 f486 f488 f492 f494
- p749(v40): -0.011 -0.042 -0.019
  neighbors: f486 f492 f499 f501
- p629(v100): -0.012 -0.039 -0.022
  neighbors: f492 f494 f498 f499
- p587(v101): -0.016 -0.042 -0.015
  neighbors: f496 f497 f498 f499 f500 f501 f504 f505
- p698(v41): -0.021 -0.031 -0.015
  neighbors: f496 f502 f504 f522 f523
- p152(v102): -0.021 -0.025 -0.027
  neighbors: f502 f503 f504 f505
- p300(v90): -0.025 -0.0059 -0.017
  neighbors: f502 f503 f512 f521 f522
- p754(v103): -0.027  0.01 -0.01
  neighbors: f506 f507 f510 f511 f512 f521 f548 f549
- p247(v0): -0.027 0.013 0.00013
  neighbors: f506 f534 f539 f549
- p359(v104): -0.017 -0.033  0.03
  neighbors: f513 f514 f515 f516
- p985(v105): -0.027 -0.0036 0.006
  neighbors: f517 f521 f522 f523 f536 f548
- p366(v106): 0.091 0.053 0.041
  neighbors: f524 f525 f526 f527 f529 f540 f541 f542 f543 f544 f545
- p356(v107): -0.027 0.011 0.013
  neighbors: f530 f533 f534 f535 f537 f539
- p674(v108): -0.027 0.0047 0.012
  neighbors: f536 f537 f539 f548 f549
- f78
    - flags: top simplicial
    - normal:  -0.09699  -0.1113    0.989
    - offset: -0.04618406
    - vertices: p176(v21) p20(v7) p323(v3)
    - neighboring facets: f126 f161 f226
- f98
    - flags: bottom simplicial
    - normal:    0.4476    0.877   0.1749
    - offset:  -0.107027
    - vertices: p307(v25) p609(v15) p790(v8)
    - neighboring facets: f103 f188 f194
- f103
    - flags: top simplicial
    - normal:    0.2464   0.9577   0.1489
    - offset: -0.08336625
    - center: 0.1297296666666667 0.05020073333333334 0.02232153333333333 
    - vertices: p728(v26) p609(v15) p790(v8)
    - neighboring facets: f98 f105 f526
- f105
    - flags: bottom simplicial
    - normal:    0.4041   0.4695    0.785
    - offset: -0.1049299
    - vertices: p728(v26) p326(v16) p790(v8)
    - neighboring facets: f134 f103 f460
- f126
    - flags: bottom simplicial
    - normal:  -0.03612  0.03623   0.9987
    - offset: -0.04620399
    - vertices: p675(v30) p20(v7) p323(v3)
    - neighboring facets: f78 f285 f234
- f134
    - flags: top simplicial
    - normal:    0.4908   0.2373   0.8383
    - offset: -0.1073735
    - vertices: p178(v31) p326(v16) p790(v8)
    - neighboring facets: f105 f405 f288
- f154
    - flags: bottom simplicial
    - normal:    0.3621  -0.8446  -0.3943
    - offset: -0.1020453
    - vertices: p67(v35) p221(v19) p315(v10)
    - neighboring facets: f333 f155 f482
- f155
    - flags: top simplicial
    - normal:   0.09757  -0.9944 -0.03953
    - offset: -0.06235718
    - vertices: p67(v35) p831(v22) p315(v10)
    - neighboring facets: f173 f154 f485
- f160
    - flags: bottom simplicial
    - normal:   -0.1157  -0.9404   0.3198
    - offset: -0.04645076
    - vertices: p549(v37) p615(v12) p323(v3)
    - neighboring facets: f164 f161 f452
- f161
    - flags: top simplicial
    - normal:   -0.1834  -0.7642   0.6183
    - offset: -0.04734044
    - vertices: p549(v37) p176(v21) p323(v3)
    - neighboring facets: f78 f160 f515
- f164
    - flags: top simplicial
    - normal:  -0.09772  -0.9545   0.2817
    - offset: -0.04689551
    - vertices: p103(v38) p615(v12) p323(v3)
    - neighboring facets: f160 f286 f165
- f165
    - flags: top simplicial
    - normal:  -0.01821  -0.9984  0.05368
    - offset: -0.04795171
    - vertices: p103(v38) p831(v22) p615(v12)
    - neighboring facets: f484 f164 f290
- f172
    - flags: bottom simplicial
    - normal:    0.9463  -0.3016  -0.1162
    - offset: -0.1558946
    - vertices: p385(v39) p315(v10) p514(v1)
    - neighboring facets: f439 f412 f173
- f173
    - flags: bottom simplicial
    - normal:    0.6847  -0.7284  0.02619
    - offset: -0.1345089
    - vertices: p385(v39) p831(v22) p315(v10)
    - neighboring facets: f155 f172 f293
- f187
    - flags: top simplicial
    - normal:    0.7253  0.07913   0.6839
    - offset:  -0.124983
    - vertices: p568(v42) p8(v13) p790(v8)
    - neighboring facets: f281 f188 f296
- f188
    - flags: bottom simplicial
    - normal:    0.7669   0.1398   0.6263
    - offset: -0.1311753
    - vertices: p568(v42) p307(v25) p790(v8)
    - neighboring facets: f98 f187 f318
- f193
    - flags: top simplicial
    - normal:    0.8049    0.593  0.02077
    - offset: -0.1444332
    - vertices: p418(v43) p609(v15) p839(v14)
    - neighboring facets: f274 f320 f194
- f194
    - flags: top simplicial
    - normal:    0.4489   0.8764   0.1746
    - offset: -0.1071811
    - vertices: p418(v43) p307(v25) p609(v15)
    - neighboring facets: f98 f193 f319
- f226
    - flags: bottom simplicial
    - normal:   -0.6294  0.01147    0.777
    - offset: -0.04150814
    - vertices: p331(v50) p176(v21) p20(v7)
    - neighboring facets: f78 f227 f344
- f227
    - flags: top simplicial
    - normal:   -0.5858   0.1017   0.8041
    - offset: -0.04243337
    - vertices: p331(v50) p141(v29) p20(v7)
    - neighboring facets: f355 f226 f349
- f234
    - flags: top simplicial
    - normal:  -0.07273   0.1457   0.9866
    - offset: -0.0460962
    - vertices: p382(v51) p675(v30) p20(v7)
    - neighboring facets: f126 f356 f458
- f239
    - flags: bottom simplicial
    - normal:   -0.6025   0.7852    0.143
    - offset: -0.04531883
    - center: -0.01589503333333334 0.04432696666666668 0.00654717 
    - vertices: p673(v52) p672(v17) p518(v9)
    - neighboring facets: f466 f240 f241
- f240
    - flags: top simplicial
    - normal:   -0.7076   0.7018  0.08263
    - offset: -0.04305357
    - vertices: p673(v52) p224(v32) p518(v9)
    - neighboring facets: f246 f239 f241
- f241
    - flags: bottom simplicial
    - normal:   -0.7939   0.5721   0.2058
    - offset: -0.03994375
    - vertices: p673(v52) p224(v32) p672(v17)
    - neighboring facets: f348 f239 f240
- f246
    - flags: bottom simplicial
    - normal:   -0.8021   0.5925 -0.07551
    - offset: -0.03955987
    - vertices: p602(v54) p224(v32) p518(v9)
    - neighboring facets: f240 f474 f535
- f259
    - flags: bottom simplicial
    - normal:    0.4699 0.006266  -0.8827
    - offset: -0.0974984
    - vertices: p164(v56) p656(v34) p221(v19)
    - neighboring facets: f434 f385 f393
- f262
    - flags: top simplicial
    - normal:  -0.07093  -0.0275  -0.9971
    - offset: -0.04645005
    - vertices: p829(v57) p658(v33) p216(v11)
    - neighboring facets: f368 f372 f383
- f274
    - flags: bottom simplicial
    - normal:    0.8811   0.4072  -0.2405
    - offset: -0.1489881
    - vertices: p235(v59) p609(v15) p839(v14)
    - neighboring facets: f193 f314 f404
- f281
    - flags: bottom simplicial
    - normal:    0.6769  0.03729   0.7351
    - offset: -0.1185499
    - vertices: p574(v60) p8(v13) p790(v8)
    - neighboring facets: f187 f406 f410
- f285
    - flags: bottom simplicial
    - normal:    0.2155 -0.003643   0.9765
    - offset: -0.07172988
    - vertices: p119(v61) p675(v30) p323(v3)
    - neighboring facets: f126 f286 f287
- f286
    - flags: top simplicial
    - normal:  -0.01752  -0.8738   0.4859
    - offset: -0.06178392
    - vertices: p119(v61) p103(v38) p323(v3)
    - neighboring facets: f164 f285 f290
- f287
    - flags: top simplicial
    - normal:    0.2939 0.003297   0.9558
    - offset: -0.07981972
    - vertices: p119(v61) p675(v30) p326(v16)
    - neighboring facets: f459 f288 f285
- f288
    - flags: bottom simplicial
    - normal:    0.3725 0.006579    0.928
    - offset: -0.08777715
    - vertices: p119(v61) p178(v31) p326(v16)
    - neighboring facets: f134 f287 f289
- f289
    - flags: bottom simplicial
    - normal:    0.4186 0.006271   0.9082
    - offset:  -0.092382
    - vertices: p119(v61) p574(v60) p178(v31)
    - neighboring facets: f407 f288 f291
- f290
    - flags: bottom simplicial
    - normal:    0.1603  -0.9587   0.2349
    - offset: -0.07531705
    - vertices: p119(v61) p103(v38) p831(v22)
    - neighboring facets: f165 f291 f286
- f291
    - flags: top simplicial
    - normal:    0.3837  -0.8212   0.4223
    - offset: -0.1043829
    - vertices: p119(v61) p574(v60) p831(v22)
    - neighboring facets: f411 f290 f289
- f293
    - flags: top simplicial
    - normal:    0.9098  -0.3368   0.2428
    - offset: -0.1518458
    - vertices: p26(v62) p385(v39) p831(v22)
    - neighboring facets: f173 f409 f414
- f296
    - flags: bottom simplicial
    - normal:     0.912 -0.02385   0.4095
    - offset: -0.1505492
    - vertices: p26(v62) p568(v42) p8(v13)
    - neighboring facets: f187 f408 f323
- f310
    - flags: bottom simplicial
    - normal:   -0.7714  -0.1706   -0.613
    - offset: -0.04012561
    - vertices: p517(v65) p829(v57) p631(v23)
    - neighboring facets: f382 f497 f426
- f314
    - flags: bottom simplicial
    - normal:    0.9022   0.3357  -0.2709
    - offset: -0.1493398
    - vertices: p483(v66) p235(v59) p839(v14)
    - neighboring facets: f274 f321 f315
- f315
    - flags: top simplicial
    - normal:    0.8833   0.2862  -0.3714
    - offset: -0.1472199
    - vertices: p483(v66) p235(v59) p60(v28)
    - neighboring facets: f447 f325 f314
- f318
    - flags: top simplicial
    - normal:    0.8723   0.2251   0.4341
    - offset: -0.1458829
    - vertices: p899(v67) p568(v42) p307(v25)
    - neighboring facets: f188 f319 f323
- f319
    - flags: bottom simplicial
    - normal:    0.8881    0.267   0.3741
    - offset: -0.1486687
    - vertices: p899(v67) p418(v43) p307(v25)
    - neighboring facets: f194 f318 f320
- f320
    - flags: top simplicial
    - normal:    0.9127   0.4027  0.06878
    - offset: -0.1528245
    - vertices: p899(v67) p418(v43) p839(v14)
    - neighboring facets: f193 f321 f319
- f321
    - flags: bottom simplicial
    - normal:    0.9192   0.3262  -0.2205
    - offset: -0.1513977
    - vertices: p899(v67) p483(v66) p839(v14)
    - neighboring facets: f314 f320 f325
- f322
    - flags: bottom simplicial
    - normal:    0.9985  -0.0246  0.04825
    - offset: -0.1610433
    - vertices: p899(v67) p26(v62) p514(v1)
    - neighboring facets: f413 f324 f323
- f323
    - flags: top simplicial
    - normal:     0.965  0.01599   0.2617
    - offset:  -0.157256
    - vertices: p899(v67) p26(v62) p568(v42)
    - neighboring facets: f296 f318 f322
- f324
    - flags: top simplicial
    - normal:    0.9848   0.1075  -0.1363
    - offset: -0.1595877
    - vertices: p899(v67) p60(v28) p514(v1)
    - neighboring facets: f445 f322 f325
- f325
    - flags: top simplicial
    - normal:    0.9704   0.1742  -0.1674
    - offset: -0.1579613
    - vertices: p899(v67) p483(v66) p60(v28)
    - neighboring facets: f315 f324 f321
- f327
    - flags: bottom simplicial tested seen
    - normal:  -0.09537   0.9934  0.06416
    - offset: -0.0476968
    - center: 0.03942223333333333 0.0509251 0.01354366666666667 
    - vertices: p697(v68) p518(v9) p137(v2)
    - neighboring facets: f465 f543 f328
    - ridges:
- f328
    - flags: bottom simplicial tested seen
    - normal:  -0.08341   0.9964 -0.01293
    - offset: -0.04777283
    - center: 0.0357685 0.0509251 -0.0009928333333333332 
    - vertices: p697(v68) p799(v44) p518(v9)
    - neighboring facets: f330 f327 f540
    - ridges:
- f329
    - flags: top simplicial tested seen
    - normal:  -0.05893   0.9976 -0.03701
    - offset: -0.04965478
    - center: 0.06583266666666666 0.05291403333333333 -0.0202292 
    - vertices: p474(v69) p651(v46) p799(v44)
    - neighboring facets: f541 f330 f331
    - ridges:
- f330
    - flags: top simplicial tested
    - normal:  -0.08414   0.9963 -0.01844
    - offset: -0.04778447
    - center: 0.03576776666666667 0.05079913333333334 -0.009959733333333333 
    - vertices: p474(v69) p799(v44) p518(v9)
    - neighboring facets: f328 f331 f329
- f331
    - flags: bottom simplicial tested
    - normal:  -0.09544   0.9926   -0.075
    - offset: -0.04785879
    - center: 0.04002613333333333 0.05079913333333334 -0.01673973333333333 
    - vertices: p474(v69) p651(v46) p518(v9)
    - neighboring facets: f376 f330 f329
- f333
    - flags: top simplicial
    - normal:    0.3831  -0.8232  -0.4191
    - offset: -0.1046672
    - vertices: p529(v70) p221(v19) p315(v10)
    - neighboring facets: f154 f437 f435
- f339
    - flags: top simplicial
    - normal:   -0.3747   0.7084   0.5981
    - offset: -0.04434239
    - vertices: p117(v71) p93(v48) p672(v17)
    - neighboring facets: f353 f362 f360
- f344
    - flags: top simplicial
    - normal:   -0.6902 -0.003417   0.7236
    - offset: -0.04042847
    - vertices: p369(v73) p331(v50) p176(v21)
    - neighboring facets: f226 f516 f352
- f348
    - flags: top simplicial
    - normal:   -0.8547   0.4502   0.2585
    - offset: -0.0363183
    - vertices: p789(v74) p224(v32) p672(v17)
    - neighboring facets: f241 f353 f533
- f349
    - flags: bottom simplicial
    - normal:   -0.6769   0.1855   0.7124
    - offset: -0.04114275
    - vertices: p789(v74) p331(v50) p141(v29)
    - neighboring facets: f227 f354 f352
- f352
    - flags: bottom simplicial
    - normal:   -0.8658  0.05151   0.4978
    - offset: -0.03525716
    - vertices: p789(v74) p369(v73) p331(v50)
    - neighboring facets: f344 f349 f530
- f353
    - flags: bottom simplicial
    - normal:   -0.4655   0.6563   0.5938
    - offset: -0.04346492
    - vertices: p789(v74) p93(v48) p672(v17)
    - neighboring facets: f339 f348 f354
- f354
    - flags: top simplicial
    - normal:   -0.4722   0.6233   0.6234
    - offset: -0.04380999
    - vertices: p789(v74) p93(v48) p141(v29)
    - neighboring facets: f358 f349 f353
- f355
    - flags: bottom simplicial
    - normal:   -0.1157   0.1655   0.9794
    - offset: -0.04618132
    - vertices: p845(v75) p141(v29) p20(v7)
    - neighboring facets: f227 f356 f357
- f356
    - flags: top simplicial
    - normal:  -0.07893    0.159   0.9841
    - offset: -0.04605061
    - vertices: p845(v75) p382(v51) p20(v7)
    - neighboring facets: f234 f355 f357
- f357
    - flags: bottom simplicial
    - normal:  -0.08595   0.1791   0.9801
    - offset: -0.04616282
    - vertices: p845(v75) p382(v51) p141(v29)
    - neighboring facets: f456 f355 f356
- f358
    - flags: bottom simplicial
    - normal:   -0.1933   0.5671   0.8007
    - offset: -0.04730107
    - vertices: p803(v76) p93(v48) p141(v29)
    - neighboring facets: f354 f457 f360
- f360
    - flags: bottom simplicial
    - normal:   -0.2363   0.7517   0.6158
    - offset: -0.04517321
    - vertices: p803(v76) p117(v71) p93(v48)
    - neighboring facets: f339 f358 f362
- f362
    - flags: top simplicial
    - normal:   -0.1988   0.8854   0.4203
    - offset: -0.04689804
    - center: 0.02031922333333333 0.04575496666666666 0.02481316666666666 
    - vertices: p803(v76) p117(v71) p672(v17)
    - neighboring facets: f339 f464 f360
- f368
    - flags: bottom simplicial
    - normal:  -0.04589  0.03432  -0.9984
    - offset: -0.04626797
    - vertices: p955(v77) p658(v33) p216(v11)
    - neighboring facets: f262 f369 f370
- f369
    - flags: top simplicial
    - normal:  -0.04586  0.04188  -0.9981
    - offset: -0.04625538
    - vertices: p955(v77) p687(v55) p216(v11)
    - neighboring facets: f371 f368 f370
- f370
    - flags: bottom simplicial
    - normal:  -0.04336  0.03843  -0.9983
    - offset: -0.04632621
    - vertices: p955(v77) p687(v55) p658(v33)
    - neighboring facets: f397 f368 f369
- f371
    - flags: bottom simplicial
    - normal:  -0.08041    0.116    -0.99
    - offset: -0.04623332
    - center: 0.02068654 0.022874826 -0.0457004 
    - vertices: p190(v78) p687(v55) p216(v11)
    - neighboring facets: f369 f372 f478
- f372
    - flags: top simplicial
    - normal:   -0.1777   0.1001   -0.979
    - offset: -0.04668469
    - vertices: p190(v78) p829(v57) p216(v11)
    - neighboring facets: f262 f371 f428
- f376
    - flags: top simplicial
    - normal:   -0.2228     0.85  -0.4773
    - offset: -0.04364079
    - center: 0.01580926666666667 0.04117376666666666 -0.02548766666666667 
    - vertices: p190(v78) p651(v46) p518(v9)
    - neighboring facets: f331 f475 f477
- f382
    - flags: top simplicial
    - normal:   -0.1308  -0.1897  -0.9731
    - offset: -0.04694849
    - vertices: p134(v80) p829(v57) p631(v23)
    - neighboring facets: f310 f488 f383
- f383
    - flags: bottom simplicial
    - normal:  -0.09536 -0.09971  -0.9904
    - offset: -0.04682112
    - vertices: p134(v80) p829(v57) p658(v33)
    - neighboring facets: f262 f386 f382
- f385
    - flags: bottom simplicial
    - normal:   0.04978  -0.1977   -0.979
    - offset: -0.06307977
    - vertices: p134(v80) p164(v56) p221(v19)
    - neighboring facets: f259 f483 f386
- f386
    - flags: top simplicial
    - normal:    0.0459  -0.1808  -0.9824
    - offset: -0.06216408
    - vertices: p134(v80) p164(v56) p658(v33)
    - neighboring facets: f398 f383 f385
- f389
    - flags: bottom simplicial tested
    - normal:    0.2389   0.6977  -0.6754
    - offset: -0.09235063
    - center: 0.115802 0.04874579999999998 -0.04541436666666666 
    - vertices: p692(v81) p358(v58) p768(v5)
    - neighboring facets: f395 f392 f402
- f391
    - flags: bottom simplicial tested seen
    - normal:     0.119   0.7724  -0.6239
    - offset: -0.07994867
    - center: 0.1116816666666667 0.05205583333333332 -0.04239336666666666 
    - vertices: p692(v81) p551(v79) p701(v45)
    - neighboring facets: f544 f401 f392
    - ridges:
- f392
    - flags: top simplicial tested
    - normal:    0.1167   0.7671  -0.6308
    - offset: -0.07971655
    - center: 0.1113453333333333 0.05046473333333333 -0.04441023333333333 
    - vertices: p692(v81) p551(v79) p768(v5)
    - neighboring facets: f479 f389 f391
- f393
    - flags: top simplicial
    - normal:    0.3962  0.01961   -0.918
    - offset: -0.09048727
    - vertices: p583(v82) p164(v56) p656(v34)
    - neighboring facets: f259 f394 f398
- f394
    - flags: bottom simplicial
    - normal:    0.4755   0.1816  -0.8607
    - offset: -0.1039921
    - vertices: p583(v82) p358(v58) p656(v34)
    - neighboring facets: f399 f393 f395
- f395
    - flags: top simplicial
    - normal:    0.2648   0.3931  -0.8806
    - offset: -0.09015941
    - center: 0.1154283333333333 0.04680356666666666 -0.04678466666666666 
    - vertices: p583(v82) p358(v58) p768(v5)
    - neighboring facets: f389 f480 f394
- f397
    - flags: top simplicial
    - normal:  0.007904   0.0405  -0.9991
    - offset: -0.05083063
    - center: 0.09616936666666669 0.01636043333333334 -0.0494501 
    - vertices: p583(v82) p687(v55) p658(v33)
    - neighboring facets: f370 f398 f481
- f398
    - flags: bottom simplicial
    - normal:   0.03686  0.03156  -0.9988
    - offset: -0.05373706
    - vertices: p583(v82) p164(v56) p658(v33)
    - neighboring facets: f386 f397 f393
- f399
    - flags: top simplicial
    - normal:    0.5836   0.2552  -0.7709
    - offset: -0.1161728
    - vertices: p725(v83) p358(v58) p656(v34)
    - neighboring facets: f394 f400 f402
- f400
    - flags: bottom simplicial
    - normal:    0.6256   0.2135  -0.7503
    - offset: -0.1188329
    - vertices: p725(v83) p235(v59) p656(v34)
    - neighboring facets: f448 f399 f404
- f401
    - flags: bottom simplicial
    - normal:    0.3298   0.7624  -0.5567
    - offset: -0.1008798
    - vertices: p725(v83) p692(v81) p701(v45)
    - neighboring facets: f391 f403 f402
- f402
    - flags: top simplicial
    - normal:    0.3428   0.7398  -0.5789
    - offset: -0.1022249
    - vertices: p725(v83) p692(v81) p358(v58)
    - neighboring facets: f389 f399 f401
- f403
    - flags: bottom simplicial
    - normal:    0.2645   0.9288  -0.2596
    - offset: -0.09014748
    - center: 0.1285923333333333 0.05203650000000001 -0.03006636666666667 
    - vertices: p725(v83) p701(v45) p609(v15)
    - neighboring facets: f529 f404 f401
- f404
    - flags: top simplicial
    - normal:    0.4269   0.8432  -0.3267
    - offset: -0.1094079
    - vertices: p725(v83) p235(v59) p609(v15)
    - neighboring facets: f274 f403 f400
- f405
    - flags: top simplicial
    - normal:    0.5063   0.2059   0.8374
    - offset: -0.1078921
    - vertices: p548(v84) p178(v31) p790(v8)
    - neighboring facets: f134 f406 f407
- f406
    - flags: bottom simplicial
    - normal:    0.6421  0.03752   0.7657
    - offset: -0.1151292
    - vertices: p548(v84) p574(v60) p790(v8)
    - neighboring facets: f281 f405 f407
- f407
    - flags: top simplicial
    - normal:     0.455  0.01328   0.8904
    - offset: -0.09622249
    - vertices: p548(v84) p574(v60) p178(v31)
    - neighboring facets: f289 f405 f406
- f408
    - flags: bottom simplicial
    - normal:    0.9069 -0.05398   0.4178
    - offset: -0.1501248
    - vertices: p196(v85) p26(v62) p8(v13)
    - neighboring facets: f296 f410 f409
- f409
    - flags: top simplicial
    - normal:    0.8898  -0.2973   0.3462
    - offset: -0.1492072
    - vertices: p196(v85) p26(v62) p831(v22)
    - neighboring facets: f293 f411 f408
- f410
    - flags: top simplicial
    - normal:    0.8112  -0.1648   0.5611
    - offset: -0.1383276
    - vertices: p196(v85) p574(v60) p8(v13)
    - neighboring facets: f281 f408 f411
- f411
    - flags: bottom simplicial
    - normal:    0.8409  -0.2549   0.4774
    - offset: -0.1428673
    - vertices: p196(v85) p574(v60) p831(v22)
    - neighboring facets: f291 f409 f410
- f412
    - flags: bottom simplicial
    - normal:     0.958  -0.2848 -0.03353
    - offset: -0.1569404
    - vertices: p642(v86) p385(v39) p514(v1)
    - neighboring facets: f172 f413 f414
- f413
    - flags: top simplicial
    - normal:    0.9874  -0.1568   0.0208
    - offset: -0.1603642
    - vertices: p642(v86) p26(v62) p514(v1)
    - neighboring facets: f322 f412 f414
- f414
    - flags: bottom simplicial
    - normal:     0.941  -0.3126   0.1294
    - offset: -0.1555503
    - vertices: p642(v86) p26(v62) p385(v39)
    - neighboring facets: f293 f412 f413
- f426
    - flags: top simplicial
    - normal:   -0.8586 -0.06627  -0.5083
    - offset: -0.0362367
    - vertices: p564(v89) p517(v65) p829(v57)
    - neighboring facets: f310 f428 f511
- f428
    - flags: bottom simplicial
    - normal:   -0.6255   0.1072  -0.7729
    - offset: -0.04401222
    - vertices: p564(v89) p190(v78) p829(v57)
    - neighboring facets: f372 f426 f473
- f434
    - flags: top simplicial
    - normal:    0.4815 0.005032  -0.8765
    - offset: -0.09859886
    - vertices: p532(v91) p656(v34) p221(v19)
    - neighboring facets: f259 f435 f436
- f435
    - flags: bottom simplicial
    - normal:    0.4792  -0.6248  -0.6164
    - offset: -0.1159479
    - vertices: p532(v91) p529(v70) p221(v19)
    - neighboring facets: f333 f434 f436
- f436
    - flags: top simplicial
    - normal:    0.5994  0.01345  -0.8003
    - offset: -0.1100938
    - vertices: p532(v91) p529(v70) p656(v34)
    - neighboring facets: f444 f434 f435
- f437
    - flags: top simplicial
    - normal:    0.7223  -0.3323  -0.6065
    - offset: -0.1354049
    - vertices: p827(v92) p529(v70) p315(v10)
    - neighboring facets: f333 f439 f438
- f438
    - flags: bottom simplicial
    - normal:    0.7535  -0.1045  -0.6491
    - offset: -0.1308886
    - vertices: p827(v92) p529(v70) p623(v47)
    - neighboring facets: f442 f443 f437
- f439
    - flags: top simplicial
    - normal:    0.8862  -0.1767  -0.4282
    - offset: -0.1481246
    - vertices: p827(v92) p315(v10) p514(v1)
    - neighboring facets: f172 f446 f437
- f442
    - flags: top simplicial
    - normal:    0.7441 -0.05616  -0.6657
    - offset: -0.1280212
    - vertices: p140(v93) p529(v70) p623(v47)
    - neighboring facets: f438 f443 f444
- f443
    - flags: bottom simplicial
    - normal:    0.7883 -0.08209  -0.6098
    - offset: -0.1340257
    - vertices: p140(v93) p827(v92) p623(v47)
    - neighboring facets: f438 f442 f446
- f444
    - flags: bottom simplicial
    - normal:    0.6518   0.0254   -0.758
    - offset: -0.1151302
    - vertices: p140(v93) p529(v70) p656(v34)
    - neighboring facets: f436 f448 f442
- f445
    - flags: bottom simplicial
    - normal:    0.8279 -0.09825  -0.5522
    - offset: -0.1392821
    - vertices: p140(v93) p60(v28) p514(v1)
    - neighboring facets: f324 f446 f447
- f446
    - flags: top simplicial
    - normal:    0.8263  -0.1009  -0.5541
    - offset: -0.1390639
    - vertices: p140(v93) p827(v92) p514(v1)
    - neighboring facets: f439 f445 f443
- f447
    - flags: bottom simplicial
    - normal:    0.7399   0.1176  -0.6624
    - offset: -0.1275479
    - vertices: p140(v93) p235(v59) p60(v28)
    - neighboring facets: f315 f445 f448
- f448
    - flags: top simplicial
    - normal:    0.6837  0.07898  -0.7254
    - offset: -0.1196975
    - vertices: p140(v93) p235(v59) p656(v34)
    - neighboring facets: f400 f444 f447
- f452
    - flags: top simplicial
    - normal:   -0.7039   -0.691   0.1644
    - offset: -0.04154749
    - vertices: p440(v94) p549(v37) p615(v12)
    - neighboring facets: f160 f500 f513
- f456
    - flags: top simplicial
    - normal:   -0.1307   0.3644    0.922
    - offset: -0.04781415
    - vertices: p349(v95) p382(v51) p141(v29)
    - neighboring facets: f357 f457 f458
- f457
    - flags: bottom simplicial
    - normal:    -0.172    0.502   0.8476
    - offset: -0.04779229
    - center: 0.0564628 0.04120580000000001 0.0434397 
    - vertices: p349(v95) p803(v76) p141(v29)
    - neighboring facets: f358 f456 f524
- f458
    - flags: bottom simplicial
    - normal:  -0.06792    0.277   0.9585
    - offset: -0.05076991
    - vertices: p349(v95) p382(v51) p675(v30)
    - neighboring facets: f234 f459 f456
- f459
    - flags: bottom simplicial
    - normal:   0.04908   0.4619   0.8856
    - offset: -0.06811944
    - vertices: p349(v95) p675(v30) p326(v16)
    - neighboring facets: f287 f460 f458
- f460
    - flags: top simplicial
    - normal:    0.0801   0.5308   0.8437
    - offset: -0.07275174
    - center: 0.108898 0.04872383333333334 0.04523660000000001 
    - vertices: p349(v95) p728(v26) p326(v16)
    - neighboring facets: f105 f459 f527
- f464
    - flags: top simplicial tested
    - normal:   -0.1967   0.8897    0.412
    - offset: -0.04694525
    - center: 0.05131976666666666 0.04937036666666667 0.03183583333333333 
    - vertices: p202(v96) p803(v76) p672(v17)
    - neighboring facets: f362 f466 f525
- f465
    - flags: top simplicial tested seen
    - normal:   -0.1365   0.9746   0.1776
    - offset: -0.04726465
    - center: 0.04749596666666667 0.0509251 0.02319713333333333 
    - vertices: p202(v96) p518(v9) p137(v2)
    - neighboring facets: f327 f545 f466
    - ridges:
- f466
    - flags: top simplicial tested
    - normal:    -0.153   0.9636   0.2191
    - offset: -0.04693649
    - center: 0.0176769 0.04765756666666666 0.01696913333333333 
    - vertices: p202(v96) p672(v17) p518(v9)
    - neighboring facets: f239 f465 f464
- f471
    - flags: top simplicial
    - normal:   -0.7841   0.5251  -0.3307
    - offset: -0.03875465
    - vertices: p124(v97) p602(v54) p950(v20)
    - neighboring facets: f507 f472 f474
- f472
    - flags: bottom simplicial
    - normal:   -0.8116   0.2832   -0.511
    - offset: -0.0397273
    - vertices: p124(v97) p564(v89) p950(v20)
    - neighboring facets: f510 f471 f473
- f473
    - flags: top simplicial
    - normal:   -0.7953   0.2884  -0.5332
    - offset: -0.04033145
    - vertices: p124(v97) p564(v89) p190(v78)
    - neighboring facets: f428 f475 f472
- f474
    - flags: bottom simplicial
    - normal:   -0.6077   0.6896  -0.3939
    - offset: -0.04168993
    - vertices: p124(v97) p602(v54) p518(v9)
    - neighboring facets: f246 f475 f471
- f475
    - flags: top simplicial
    - normal:   -0.5741   0.7086  -0.4103
    - offset: -0.04210407
    - vertices: p124(v97) p190(v78) p518(v9)
    - neighboring facets: f376 f474 f473
- f476
    - flags: top simplicial tested seen
    - normal:   -0.1633    0.872  -0.4614
    - offset: -0.04878718
    - center: 0.0883661 0.05087633333333333 -0.04086736666666666 
    - vertices: p992(v98) p551(v79) p651(v46)
    - neighboring facets: f542 f477 f479
    - ridges:
- f477
    - flags: bottom simplicial tested
    - normal:   -0.2206    0.846  -0.4854
    - offset: -0.04386044
    - center: 0.04904166666666667 0.04112500000000001 -0.04096786666666666 
    - vertices: p992(v98) p190(v78) p651(v46)
    - neighboring facets: f376 f476 f478
- f478
    - flags: top simplicial tested
    - normal:   -0.1098   0.2626  -0.9586
    - offset: -0.04876976
    - center: 0.05230363333333334 0.03835306666666666 -0.04635603333333334 
    - vertices: p992(v98) p190(v78) p687(v55)
    - neighboring facets: f371 f481 f477
- f479
    - flags: bottom simplicial tested
    - normal:  -0.006423    0.646  -0.7633
    - offset: -0.06605246
    - center: 0.1011103 0.04928523333333334 -0.0456741 
    - vertices: p992(v98) p551(v79) p768(v5)
    - neighboring facets: f392 f480 f476
- f480
    - flags: top simplicial tested
    - normal:    0.0178   0.3603  -0.9327
    - offset: -0.06291736
    - center: 0.1044379666666667 0.04635883333333333 -0.04755673333333334 
    - vertices: p992(v98) p583(v82) p768(v5)
    - neighboring facets: f395 f479 f481
- f481
    - flags: bottom simplicial tested
    - normal:   0.01143   0.2816  -0.9594
    - offset: -0.05999574
    - center: 0.09495573333333333 0.045178 -0.04813816666666666 
    - vertices: p992(v98) p583(v82) p687(v55)
    - neighboring facets: f397 f478 f480
- f482
    - flags: top simplicial
    - normal:   0.01333  -0.8496  -0.5272
    - offset: -0.06815187
    - vertices: p167(v99) p67(v35) p221(v19)
    - neighboring facets: f154 f483 f485
- f483
    - flags: bottom simplicial
    - normal:  -0.004548  -0.6071  -0.7946
    - offset: -0.06745121
    - vertices: p167(v99) p134(v80) p221(v19)
    - neighboring facets: f385 f482 f488
- f484
    - flags: bottom simplicial
    - normal:   -0.0127  -0.9998  0.01203
    - offset: -0.04793942
    - vertices: p167(v99) p831(v22) p615(v12)
    - neighboring facets: f165 f486 f485
- f485
    - flags: bottom simplicial
    - normal:        -0       -1       -0
    - offset:   -0.04951
    - vertices: p167(v99) p67(v35) p831(v22)
    - neighboring facets: f155 f484 f482
- f486
    - flags: top simplicial
    - normal:   -0.1742  -0.9398  -0.2941
    - offset: -0.04689651
    - vertices: p167(v99) p749(v40) p615(v12)
    - neighboring facets: f501 f484 f492
- f488
    - flags: top simplicial
    - normal:   -0.1776  -0.3974  -0.9003
    - offset: -0.04857656
    - vertices: p167(v99) p134(v80) p631(v23)
    - neighboring facets: f382 f494 f483
- f492
    - flags: bottom simplicial
    - normal:   -0.2448  -0.8001  -0.5476
    - offset: -0.04651223
    - vertices: p629(v100) p167(v99) p749(v40)
    - neighboring facets: f486 f499 f494
- f494
    - flags: top simplicial
    - normal:   -0.2645   -0.705  -0.6581
    - offset: -0.04551016
    - vertices: p629(v100) p167(v99) p631(v23)
    - neighboring facets: f488 f498 f492
- f496
    - flags: bottom simplicial
    - normal:   -0.9139   -0.388  -0.1193
    - offset: -0.03311994
    - vertices: p587(v101) p440(v94) p698(v41)
    - neighboring facets: f523 f504 f500
- f497
    - flags: bottom simplicial
    - normal:   -0.5556  -0.6206  -0.5533
    - offset: -0.04342885
    - vertices: p587(v101) p517(v65) p631(v23)
    - neighboring facets: f310 f498 f505
- f498
    - flags: top simplicial
    - normal:   -0.5434  -0.6274  -0.5577
    - offset: -0.04357975
    - vertices: p587(v101) p629(v100) p631(v23)
    - neighboring facets: f494 f497 f499
- f499
    - flags: bottom simplicial
    - normal:   -0.3595  -0.7817  -0.5095
    - offset: -0.04631835
    - vertices: p587(v101) p629(v100) p749(v40)
    - neighboring facets: f492 f501 f498
- f500
    - flags: top simplicial
    - normal:   -0.7597  -0.6498 -0.02509
    - offset: -0.04017867
    - vertices: p587(v101) p440(v94) p615(v12)
    - neighboring facets: f452 f501 f496
- f501
    - flags: bottom simplicial
    - normal:   -0.2095  -0.9327  -0.2935
    - offset: -0.04698429
    - vertices: p587(v101) p749(v40) p615(v12)
    - neighboring facets: f486 f500 f499
- f502
    - flags: top simplicial
    - normal:   -0.9862  -0.1481 -0.07362
    - offset: -0.02645574
    - vertices: p152(v102) p300(v90) p698(v41)
    - neighboring facets: f522 f504 f503
- f503
    - flags: bottom simplicial
    - normal:   -0.9862  -0.1438 -0.08202
    - offset: -0.02656946
    - vertices: p152(v102) p300(v90) p517(v65)
    - neighboring facets: f512 f505 f502
- f504
    - flags: bottom simplicial
    - normal:    -0.904  -0.3829  -0.1904
    - offset: -0.03379673
    - vertices: p152(v102) p587(v101) p698(v41)
    - neighboring facets: f496 f502 f505
- f505
    - flags: top simplicial
    - normal:   -0.8835   -0.407  -0.2322
    - offset: -0.03508918
    - vertices: p152(v102) p587(v101) p517(v65)
    - neighboring facets: f497 f503 f504
- f506
    - flags: top simplicial seen
    - normal:   -0.9764   0.2111 -0.04661
    - offset: -0.02877424
    - center: -0.024825 0.02013376666666667 -0.006149528999999998 
    - vertices: p754(v103) p602(v54) p247(v0)
    - neighboring facets: f534 f549 f507
    - ridges:
- f507
    - flags: bottom simplicial
    - normal:   -0.9667   0.2166  -0.1364
    - offset: -0.02950998
    - vertices: p754(v103) p602(v54) p950(v20)
    - neighboring facets: f471 f510 f506
- f510
    - flags: top simplicial
    - normal:    -0.973   0.0638  -0.2218
    - offset: -0.02898042
    - vertices: p754(v103) p564(v89) p950(v20)
    - neighboring facets: f472 f507 f511
- f511
    - flags: bottom simplicial
    - normal:   -0.9737 -0.01348  -0.2274
    - offset:  -0.028254
    - vertices: p754(v103) p564(v89) p517(v65)
    - neighboring facets: f426 f512 f510
- f512
    - flags: top simplicial
    - normal:   -0.9848 -0.06038  -0.1631
    - offset: -0.02739078
    - vertices: p754(v103) p300(v90) p517(v65)
    - neighboring facets: f503 f511 f521
- f513
    - flags: bottom simplicial
    - normal:   -0.8384  -0.4903   0.2383
    - offset: -0.03724489
    - vertices: p359(v104) p440(v94) p549(v37)
    - neighboring facets: f452 f515 f514
- f514
    - flags: top simplicial
    - normal:   -0.9352  -0.2823   0.2139
    - offset: -0.0313641
    - vertices: p359(v104) p440(v94) p369(v73)
    - neighboring facets: f517 f516 f513
- f515
    - flags: bottom simplicial
    - normal:   -0.4915  -0.6699   0.5565
    - offset: -0.04666651
    - vertices: p359(v104) p549(v37) p176(v21)
    - neighboring facets: f161 f516 f513
- f516
    - flags: top simplicial
    - normal:   -0.8448  -0.3314   0.4202
    - offset: -0.03754247
    - vertices: p359(v104) p369(v73) p176(v21)
    - neighboring facets: f344 f515 f514
- f517
    - flags: bottom simplicial
    - normal:   -0.9777  -0.1673   0.1267
    - offset: -0.02748967
    - center: -0.022925 -0.01847828333333333 0.01565887 
    - vertices: p985(v105) p440(v94) p369(v73)
    - neighboring facets: f514 f536 f523
- f521
    - flags: bottom simplicial seen
    - normal:   -0.9925 -0.09319 -0.07966
    - offset: -0.02638531
    - center: -0.0260477 0.0002896900000000002 -0.007043226666666666 
    - vertices: p985(v105) p754(v103) p300(v90)
    - neighboring facets: f512 f522 f548
    - ridges:
- f522
    - flags: bottom simplicial
    - normal:   -0.9862  -0.1481 -0.07352
    - offset: -0.02645415
    - vertices: p985(v105) p300(v90) p698(v41)
    - neighboring facets: f502 f523 f521
- f523
    - flags: top simplicial
    - normal:    -0.985  -0.1649 -0.05068
    - offset: -0.02661817
    - vertices: p985(v105) p440(v94) p698(v41)
    - neighboring facets: f496 f522 f517
- f524
    - flags: top simplicial tested
    - normal:  -0.09689   0.9292   0.3567
    - offset: -0.05521273
    - center: 0.09020513333333334 0.05232120000000001 0.04299586666666666 
    - vertices: p366(v106) p349(v95) p803(v76)
    - neighboring facets: f457 f525 f527
- f525
    - flags: bottom simplicial tested seen
    - normal:  -0.09771   0.9297   0.3552
    - offset: -0.05510161
    - center: 0.08679303333333332 0.0526379 0.04123576666666667 
    - vertices: p366(v106) p202(v96) p803(v76)
    - neighboring facets: f464 f524 f545
    - ridges:
- f526
    - flags: bottom simplicial tested
    - normal:   0.09822   0.9912  0.08878
    - offset: -0.06513751
    - center: 0.1160297 0.05210946666666667 0.02355123333333333 
    - vertices: p366(v106) p728(v26) p609(v15)
    - neighboring facets: f103 f529 f527
- f527
    - flags: bottom simplicial tested
    - normal:   0.08696   0.9762   0.1987
    - offset: -0.06785443
    - center: 0.1003667 0.05179386666666666 0.04311143333333333 
    - vertices: p366(v106) p349(v95) p728(v26)
    - neighboring facets: f460 f526 f524
- f529
    - flags: top simplicial tested seen
    - normal:  9.769e-05        1 2.876e-05
    - offset: -0.05305004
    - center: 0.1153707 0.05303889999999999 -0.004490366666666667 
    - vertices: p366(v106) p701(v45) p609(v15)
    - neighboring facets: f403 f526 f544
    - ridges:
- f530
    - flags: top simplicial
    - normal:   -0.9622  0.02803   0.2709
    - offset: -0.02951117
    - center: -0.02290563333333333 0.006329400000000002 0.02692666666666666 
    - vertices: p356(v107) p789(v74) p369(v73)
    - neighboring facets: f352 f537 f533
- f533
    - flags: bottom simplicial
    - normal:   -0.9557   0.2675   0.1232
    - offset: -0.03002226
    - vertices: p356(v107) p789(v74) p224(v32)
    - neighboring facets: f348 f535 f530
- f534
    - flags: bottom simplicial
    - normal:   -0.9705   0.2381  0.03732
    - offset: -0.02897355
    - center: -0.02480563333333333 0.02031356666666667 0.001690271 
    - vertices: p356(v107) p602(v54) p247(v0)
    - neighboring facets: f506 f539 f535
- f535
    - flags: top simplicial
    - normal:   -0.9661    0.252  0.05575
    - offset: -0.0292495
    - vertices: p356(v107) p602(v54) p224(v32)
    - neighboring facets: f246 f533 f534
- f536
    - flags: bottom simplicial tested seen
    - normal:   -0.9825  -0.1146   0.1466
    - offset: -0.02754625
    - center: -0.024825 -0.004436683333333332 0.01804844 
    - vertices: p674(v108) p985(v105) p369(v73)
    - neighboring facets: f517 f537 f548
    - ridges:
- f537
    - flags: top simplicial tested
    - normal:    -0.974 -0.01453   0.2263
    - offset: -0.02877512
    - center: -0.02480563333333333 0.0004139666666666669 0.02042463333333333 
    - vertices: p674(v108) p356(v107) p369(v73)
    - neighboring facets: f530 f536 f539
- f539
    - flags: bottom simplicial tested seen
    - normal:   -0.9999 0.008675 0.005686
    - offset: -0.02683478
    - center: -0.02670563333333333 0.0094465 0.008553337666666667 
    - vertices: p674(v108) p356(v107) p247(v0)
    - neighboring facets: f534 f549 f537
    - ridges:
- f540
    - flags: top simplicial tricoplanar keepcentrum
    - owner of normal & centrum is facet f540
    - normal:        -0        1        0
    - offset:   -0.05304
    - center: 0.08308393750000001 0.05304 -0.0005819999999999983 
    - vertices: p366(v106) p697(v68) p799(v44)
    - neighboring facets: f328 f541 f543
- f541
    - flags: bottom simplicial tricoplanar
    - owner of normal & centrum is facet f540
    - normal:        -0        1        0
    - offset:   -0.05304
    - center: 0.08308393750000001 0.05304 -0.0005819999999999983 
    - vertices: p366(v106) p651(v46) p799(v44)
    - neighboring facets: f329 f540 f542
- f542
    - flags: bottom simplicial tricoplanar
    - owner of normal & centrum is facet f540
    - normal:        -0        1        0
    - offset:   -0.05304
    - center: 0.08308393750000001 0.05304 -0.0005819999999999983 
    - vertices: p366(v106) p551(v79) p651(v46)
    - neighboring facets: f476 f541 f544
- f543
    - flags: bottom simplicial tricoplanar
    - owner of normal & centrum is facet f540
    - normal:        -0        1        0
    - offset:   -0.05304
    - center: 0.08308393750000001 0.05304 -0.0005819999999999983 
    - vertices: p366(v106) p697(v68) p137(v2)
    - neighboring facets: f327 f545 f540
- f544
    - flags: top simplicial tricoplanar
    - owner of normal & centrum is facet f540
    - normal:        -0        1        0
    - offset:   -0.05304
    - center: 0.08308393750000001 0.05304 -0.0005819999999999983 
    - vertices: p366(v106) p551(v79) p701(v45)
    - neighboring facets: f391 f529 f542
- f545
    - flags: top simplicial tricoplanar
    - owner of normal & centrum is facet f540
    - normal:        -0        1        0
    - offset:   -0.05304
    - center: 0.08308393750000001 0.05304 -0.0005819999999999983 
    - vertices: p366(v106) p202(v96) p137(v2)
    - neighboring facets: f465 f543 f525
- f548
    - flags: top simplicial tricoplanar keepcentrum
    - owner of normal & centrum is facet f548
    - normal:        -1        0        0
    - offset:  -0.026725
    - center: -0.026725 0.0060466125 0.002025258250000001 
    - vertices: p674(v108) p985(v105) p754(v103)
    - neighboring facets: f521 f549 f536
- f549
    - flags: top simplicial tricoplanar
    - owner of normal & centrum is facet f548
    - normal:        -1        0        0
    - offset:  -0.026725
    - center: -0.026725 0.0060466125 0.002025258250000001 
    - vertices: p674(v108) p754(v103) p247(v0)
    - neighboring facets: f506 f539 f548
